3.460905391640039380e-02 1.145446549677254372e-02 -2.793832293941109213e-02 1.362252468453203046e-02 -8.369970619953082808e-03 -2.252751913796988831e-02 3.257763481302352465e-02 -8.258705954008894318e-03 -1.036466333143421827e-02 9.935026781057178583e-03 -2.535962059720824058e-02 -3.047964430998449659e-02 1.298408584964612367e-02 -2.978494923294679880e-02 -8.999987330148643758e-03 1.019086848690470629e-02 2.302108464441356833e-02 -8.983882863843313180e-03 1.168623869663037475e-02 7.001186568990090675e-03 -5.195131431033882816e-06 2.011753593634736225e-03 1.656234046037981592e-02 1.469372120453069780e-02 1.460278399537725570e-02 -7.652463807513808398e-03 -1.675013259354632758e-02 2.717518634479034606e-02 -1.069191723226481719e-02 6.903269177166635709e-05 5.752752956912341765e-03 -1.699760294086948009e-02 -1.403512072189889125e-02 -1.846233833049340523e-02 -3.043301373576702551e-03 -8.619292460608860701e-03 -4.996191452825723620e-03 -9.860575545638069345e-03 -4.958477674270900270e-05 -1.013473404063574765e-02 1.235096299828319748e-02 -1.584495468937207469e-02 1.984460269684878639e-02 -8.576450176854414145e-03 5.888397284851747300e-03 1.335569521092027333e-02 3.340622474913797907e-02 -3.193457346883823988e-02 4.678769124750382924e-03 1.728803153705639820e-02 2.582245237034788699e-02 2.419438111900682961e-02 -1.628211499839121029e-02 -1.515217186486906339e-03 -8.764899836212173764e-03 -7.301528751223365470e-03 -2.838217503734502545e-02 -1.414386251942658171e-02 4.198439695499720306e-03 2.973486135462616396e-03 -3.681413115915409782e-03 2.816723429820146198e-03 -1.910803513606301046e-02 2.922549633974629371e-02 1.209442467731935283e-02 1.269224237870669346e-03 -1.683940099784109233e-03 1.433839608995035510e-03 -2.078563880400985039e-02 2.710822556960358620e-02 -6.336358901468000342e-03 -7.187458787740736007e-04 1.466048036350247816e-02 1.989465671204337059e-03 -6.313931041653416017e-03 1.861189607654121364e-02 -3.910950963451534541e-03 -4.129364461773445821e-03 1.019743259285836243e-02 6.751308116454303801e-03 -2.642000901868093304e-02 2.624783269771628971e-02 -4.831215566141061797e-03 -1.857335599131629614e-02 6.017084740026228465e-03 1.009552660584024132e-02 8.832763951603732865e-04 1.004025702496448135e-03 1.855275451878421814e-02 6.403178244859346162e-03 2.527321180394640626e-02 -2.448217772934119197e-04 2.967013028920984993e-02 -4.626382722561449105e-03 1.408514508118006471e-03 -1.048788743536016588e-02 1.210991880131401417e-02 -9.728760317784046832e-03 3.678385522906787043e-03 1.181330067613958930e-02 -1.179667420527788502e-02 2.839284262505300041e-02 -2.686763703529348318e-02 1.600978789151722564e-02 7.000827164139588471e-03 -6.078948255185536581e-03 1.410451853392848121e-02 5.435937075202831002e-03 2.573219844889410024e-02 2.820999159983308621e-02 -3.102034482363189797e-03 1.394350088060396578e-03 1.371157801989939158e-04 2.232672613169163142e-02 7.106874827010411328e-04 1.399364303011115494e-02 -1.217668836153674994e-02 1.181843452384709510e-02 9.482523287771878889e-03 -5.502192817036981841e-03 1.976302753678778681e-02 -4.901029577721399688e-03 1.781158312181475509e-02 4.795179194711739895e-03 1.157668075363979879e-02 6.450107824348272866e-03 -4.203658389638653030e-04 7.690314442887604372e-03
1.145446549677254372e-02 4.068733558410924517e-02 -4.316841614716594028e-02 2.879908707575929913e-02 -8.646669084805141264e-03 -5.166292110828198461e-03 2.206325107527008778e-02 -2.414194161036550823e-02 -2.431811397799445162e-02 1.163072572520062326e-02 1.698480859510266908e-02 -1.032156923433622323e-02 1.238575338598255342e-03 -1.222112389513872049e-02 8.273480609304955172e-03 8.011023570170904343e-03 8.059032239252391164e-03 -2.215601081622031732e-02 2.256042334175473521e-02 -2.284186184568061471e-03 1.200696453859324657e-02 -3.325170299056033098e-03 3.359090692346048887e-03 -1.425311209795771666e-02 -4.816932225553459054e-03 -2.717488838117455645e-04 -2.004760166329930607e-02 9.679002651181834935e-03 -3.079764950690742215e-02 1.417645874403425030e-02 -4.205131508308692853e-03 1.019772833938545342e-02 -2.656029964758083867e-02 8.627035152782297142e-03 -4.134594185792703908e-02 6.729968005291889557e-03 2.688387020826088492e-02 -2.167798422518516996e-02 -5.289889692527484019e-03 -2.354225839809535176e-02 -6.792989299551057715e-03 -4.860031564941472843e-03 9.779384671126835002e-03 1.329332675034263812e-02 1.848391916021803342e-03 2.286974545827508143e-02 1.365103245754233779e-02 -2.173427215192362885e-02 -1.809150540015498718e-03 6.603364324180609028e-03 5.091034138929554850e-03 1.204997798811541752e-02 -7.424545966070596192e-03 -8.164064567328305818e-04 -4.603400845672811492e-02 2.009080237158300877e-02 -1.007051791425692816e-02 -2.677505813755763978e-02 1.679262945067041407e-02 7.507859070314466463e-03 5.397608445093328433e-03 6.990440448754215320e-04 3.083596856983624769e-03 3.101171580811343254e-02 5.054104022506526555e-06 -1.272448817806265398e-02 -1.992378253776593000e-03 -1.301417703891602322e-02 -2.374147701412323425e-02 5.817591569543952360e-03 -1.852833358968134642e-02 3.102219705447627554e-02 1.205080899422561816e-02 -7.641565865673589572e-03 -1.884715176130604894e-02 3.293547132751628668e-03 2.154967855792378189e-03 1.431214856154465302e-02 -2.027375082247348873e-02 -2.375858882915500916e-03 -5.264917880386636717e-02 7.498744877115296088e-03 -1.254421439983145758e-02 -2.093207727313232264e-02 -3.015190629275789000e-02 2.323176260419632447e-02 1.514871771955203505e-02 -1.548122519079583349e-02 4.927209542919243519e-03 1.217275265979501572e-02 2.915127797091384559e-02 3.863048125892957346e-02 1.667635858158926510e-02 1.247093982473626572e-02 -1.817261361483026721e-02 -4.964707706947668435e-04 1.574201488636496268e-02 -4.553591081407586810e-02 -3.503749525086127369e-03 -6.257390560931982114e-03 -2.847214585746267457e-02 1.771170225333419668e-02 -6.632809707502651878e-03 -1.735274702701751796e-03 1.367317985180183451e-02 3.716116482760326717e-03 1.878334707421460553e-02 2.203780852747718247e-02 -4.682101220667953673e-03 9.629725944445527430e-03 -8.674916921339407075e-03 -1.936065046093083525e-02 1.986096973261965506e-03 5.193814678834577682e-03 4.725435707672586381e-03 1.948091234852276227e-02 -2.687546365132847254e-02 4.678604165793510961e-02 1.328722803381184210e-02 -2.011454947951324748e-02 2.629568829310426070e-02 7.363906889815807766e-03 3.127551617303484660e-02 -1.499487200705802194e-02 9.339550822164670177e-04 2.626822508245799798e-02 -3.225796801394147095e-02 -5.408329772755215634e-03
-2.793832293941109213e-02 -4.316841614716594028e-02 1.095791166844355402e-01 -3.235267858654538448e-02 6.152940151550491746e-03 1.813257194221715857e-02 -3.005313205323971795e-02 4.016874304616868674e-02 3.432416564321622010e-02 -1.910248639532593357e-02 -1.937621867896736905e-02 2.432104029738595824e-02 -1.202187979561573396e-02 5.857464195200842716e-02 -6.718389760712644094e-04 1.499172022121401417e-02 -2.268463816311721767e-02 1.957358419957688778e-02 -3.231073874857428446e-02 -2.011891607259748069e-02 -1.175278198421346801e-02 -7.096236658735517212e-03 -1.157008816199239613e-02 3.618982177322218469e-02 1.072517447269165369e-02 1.416949991224069651e-02 4.562547130511920151e-02 -1.360027397831374552e-02 5.168586886933470431e-02 -3.681340189969755511e-02 -8.591653343080409445e-04 -2.958251764675257078e-02 5.967372403558204863e-02 -1.682172153547551244e-02 5.144215466251863406e-02 2.287267326899466990e-02 -4.791944955241132093e-02 2.926445874523538743e-02 2.684424170927292991e-02 3.715372626721730881e-02 4.835369467806042987e-03 2.583536625247875168e-02 -3.936351762002725935e-02 -3.618467845909526664e-02 -2.976779028114589706e-02 -1.187303008347021134e-02 -4.843558696899342292e-02 5.324016575675622615e-02 -1.947105282936707066e-02 -3.686500670398825969e-03 -1.163961656589898065e-02 -1.857929806033140410e-02 1.905209639472017422e-02 -1.765162697131165970e-02 8.920037797650012812e-02 -5.215575654364174030e-02 1.465580698102997639e-02 4.523806112095774684e-02 -1.288111724066247354e-02 -1.742779208579957329e-02 -3.642236883210815332e-03 -2.903923209776486034e-02 3.358858451571735543e-02 -5.603379757351256707e-02 -3.277520508692159662e-02 1.978974121952351006e-02 1.408909920902801267e-02 4.910529668043082940e-02 6.169350073554197983e-02 -4.977946816948811137e-02 4.946713640914005700e-02 -5.479485112606599650e-02 1.082341119580429792e-02 1.476440972674009089e-02 4.422568835753279415e-02 -2.268561102534354459e-02 3.756788321432980547e-03 -3.208920910170402763e-02 5.081840456429041059e-02 -1.695433847359799004e-02 1.011754027755866481e-01 -8.708121177428286563e-03 4.874875386157223600e-02 2.697521392013604857e-02 4.369394781301141895e-02 -1.875634882611596638e-02 -4.463146160375759675e-02 6.224734360212454132e-02 -3.123568853195839157e-02 -1.899251882778596121e-02 -4.838583099274425953e-02 -4.495395228258972781e-02 -4.733305638304043800e-02 -3.690141180475617344e-02 4.932430138975655437e-02 2.554521135409902263e-02 1.923509834279982450e-03 9.034081151613539140e-02 -1.805213626287903092e-02 1.258032174827551641e-02 5.103016349799151946e-02 -5.466344231932154102e-02 2.740696861668753120e-02 -1.412945877241083247e-02 -1.136650718120014482e-02 1.560283435167396024e-02 -3.350436061607621474e-02 -5.274820331051709860e-02 -1.387643586395013139e-02 -1.354305215128696199e-02 2.807000405459190301e-02 4.691345562766479488e-02 -2.875423963312785658e-02 7.409771470573850612e-03 -1.452647816123221053e-02 -2.406539955828898569e-02 6.661598523148465345e-02 -7.229868783526305354e-02 -3.658948583093520057e-02 3.688413691880236892e-03 -4.475595977052736207e-02 8.379028980732059970e-03 -7.850789508001747297e-02 2.942251396386854657e-03 9.753123593757294027e-03 -2.432402633020988927e-02 5.899188320730017199e-02 9.006821707994229790e-05
1.362252468453203046e-02 2.879908707575929913e-02 -3.235267858654538448e-02 2.939922592922597847e-02 -2.876320809394545229e-03 -1.783721332968852755e-02 1.678447896280716237e-02 -2.241245088282859191e-02 -1.157674574721051855e-02 1.876094174818219648e-02 3.812781100618212442e-03 -3.857328059869902584e-03 -1.235504257409839653e-03 -8.377880474130848173e-03 6.601630565765005849e-03 3.740225254878787580e-03 2.002882609911556949e-02 -9.080419849003455376e-03 1.141062162811989390e-02 -8.684477286359718398e-03 1.436581118091199462e-02 8.452072285754277372e-04 1.038934697735121801e-02 -1.316849249928496880e-03 3.745397462155916103e-03 -8.131632312184831554e-03 -1.448673463980812946e-02 3.142904871117986089e-03 -3.052568248139475235e-02 1.322395596302279597e-02 -3.432055591742666847e-03 1.081895150250594510e-02 -1.454043938932362764e-02 1.079676548447712492e-02 -2.630508517897649917e-02 -1.575677532151490345e-03 1.329465990370668274e-02 -1.784706291269691839e-02 5.709676341055048253e-03 -2.398530851650621659e-02 7.294814833953346643e-03 -1.549025137534136565e-02 1.224915706889377447e-02 7.653792039173319510e-03 -5.865565331986213361e-03 1.557710291150237250e-02 1.274067917734324033e-02 -1.203593094488723640e-02 -7.875073988654114968e-03 3.369963840684616664e-03 2.885367144885455206e-04 1.934678594735084536e-02 -1.883728956238385488e-02 -1.207639396764238066e-02 -2.591686860239515375e-02 5.560427222819153484e-03 -2.747012753145513467e-03 -1.629294592271719397e-02 7.291948595010498690e-03 -6.691674449298900922e-03 1.315928482509302715e-02 -1.045571847844122167e-02 7.638142656958257434e-03 2.846016598234287626e-02 -1.128698154408060150e-02 -3.257682924233748587e-03 -1.669549108620241697e-03 -1.210535145771354966e-02 -1.457114952521216221e-02 1.152679179988792303e-02 -1.851009403697804340e-02 1.812996647996531138e-02 5.555502153857794917e-03 -1.052613229641179756e-03 -7.268578948563040980e-03 -3.893534531234023061e-03 -7.263496775679421230e-04 1.099894241700720247e-02 -7.545301110625599744e-03 -7.350986478362511387e-03 -3.765078893072835997e-02 4.092957884595610669e-03 -1.431790987881117853e-02 -1.328851524777287761e-02 -1.596573768754501466e-02 2.525665446506440703e-02 1.347260414782816725e-02 -9.758164896917857420e-03 1.327597768059046550e-02 1.462827202353152167e-02 2.573364792519080776e-02 2.603933664320572106e-02 1.502700794268133251e-02 1.258333422059268458e-02 -8.206394667250895697e-03 6.725914351809198465e-03 2.177504669059888986e-02 -2.704789577145335147e-02 -9.459685519658892969e-03 1.346940103350461248e-03 -1.640298630923891707e-02 8.712916850680270386e-03 -9.873420417566369442e-03 9.388495984875143419e-03 6.876532702414618094e-03 1.060117514132413903e-02 5.914739074498710607e-03 2.126719329942453746e-02 2.892031925788413581e-03 4.107821051145837780e-03 1.517571685323096343e-03 -1.317861775750979285e-02 -1.145422145757418395e-03 1.220041480151880329e-03 -9.895542725750666388e-03 2.769312325050013110e-02 -2.259370352005094645e-02 3.189823552351925273e-02 4.258692460074672489e-03 -8.667466984478278819e-03 2.072527456377955268e-02 1.160524567878383484e-02 2.351922956285382518e-02 -4.206109346337427030e-03 -1.742045379481672548e-04 1.017567745499516410e-02 -2.252251104431808940e-02 -2.353745016102623110e-03
-8.369970619953082808e-03 -8.646669084805141264e-03 6.152940151550491746e-03 -2.876320809394545229e-03 2.716439056008859362e-02 -9.350880879381566479e-03 -1.591141365723937329e-02 1.062240785373415146e-02 1.129972156959194911e-03 6.899213123057584482e-03 -1.689989218497682001e-03 -4.622588728230337535e-03 -2.483454600411428778e-02 1.366872058078659642e-02 -5.060233904563325204e-03 5.534608345450776380e-03 9.891139096073163495e-03 1.007729078356273122e-02 -3.712501899571738493e-04 -2.431502061668154580e-02 5.663811040487383777e-03 1.229549672703528045e-02 -9.467690256510855051e-03 -3.761257522407711763e-03 -4.242445177729763268e-03 5.392661342707753651e-03 3.101435100887248685e-03 5.608099928596804555e-03 7.443865359614360022e-03 4.543712885874240381e-03 -8.773975468111192000e-03 4.778608514335124131e-03 -1.319869980787034304e-02 1.783901763483589130e-03 2.016402669120383184e-02 -2.071604900370068759e-03 -6.779935737873848999e-04 1.680182077474840982e-02 1.405429424043950701e-03 1.333895219509710454e-02 5.539878644059315245e-03 -1.185421885882162636e-02 -7.961449672727837629e-03 -5.357691437811865250e-03 -2.360613623423831950e-02 -1.667710233499184597e-02 -1.394405050333626106e-02 8.498314311123609816e-04 -2.338630038053998023e-02 -2.457029709772089524e-02 9.751980771756360578e-03 -1.812815268974112036e-03 -9.131427603057209325e-03 7.648064162234694094e-05 5.219181350016491956e-04 3.404998947897721045e-03 2.877710511495981324e-03 -1.010272285963038918e-02 5.539630766330654564e-03 -9.868148212927542115e-03 8.093451434290865193e-03 -1.082805834582608803e-03 6.452164811385559685e-04 -2.186367591399104859e-03 -1.143394613561283212e-03 1.428959817656213875e-02 1.116129034708570819e-02 -1.684597994177856883e-02 1.534277673039075029e-02 -1.899046149320207395e-03 9.919197031721739208e-03 -3.129823114945861750e-03 -1.639737867738115529e-02 -3.835413348058500180e-03 -3.089613282654733988e-03 -2.271662736201910879e-02 6.375699727966211913e-04 9.015106695007846574e-03 -8.272157764062744098e-03 -2.442296506484181381e-02 1.377253596157192866e-02 5.398494647546084020e-04 1.015344091115001016e-03 2.569619158129889808e-02 1.634415261318218756e-03 -3.952403342544097420e-03 -8.666901147684345080e-03 6.338229557333520392e-03 9.753452878181889316e-03 1.295963154276219423e-03 -2.262825785515661190e-03 -1.799871776344738952e-02 -1.629274180474345884e-02 -1.575455602996415298e-03 1.823159826392998714e-02 2.849760929588539965e-02 -3.383775119988548935e-03 -1.896461741188860180e-03 -2.398436324921318294e-02 -1.388329983006020632e-02 -1.106854320477237280e-02 1.625103949005761482e-03 -7.643518929117840361e-04 -5.054342999897988922e-03 5.443166060006497317e-03 2.473419284963262674e-02 -7.099957613203449446e-03 -3.061827513202095875e-03 -4.200337280959728740e-03 5.518224877485811836e-03 4.330127695686205279e-03 8.187614299911756197e-03 -9.646804401187871261e-03 -1.693894396201863981e-02 -1.131743344404270886e-02 7.244809161674335869e-03 2.393898230483930325e-03 -1.866413536591119554e-02 1.492657540462629176e-02 2.265161887280130789e-03 -6.277549110842410227e-03 2.443930581260309043e-02 -1.003291693016431646e-02 -5.731534400291045037e-03 -2.314010677368180322e-02 -9.819732320311778256e-03 -9.835448069397956239e-03 2.788319367507889179e-03
-2.252751913796988831e-02 -5.166292110828198461e-03 1.813257194221715857e-02 -1.783721332968852755e-02 -9.350880879381566479e-03 3.474453578704381207e-02 -1.368784992033882965e-02 3.951152331096415352e-03 -5.249545018114151231e-03 -2.254910359445241180e-02 2.238325469252325228e-02 1.712974589655769445e-02 6.205304783224997039e-03 1.070096312878437289e-02 -1.079642062145730308e-04 -4.278255188653424385e-03 -3.716098107086228397e-02 -1.091788807644563167e-02 2.906884582079242215e-03 1.485580957442306053e-02 -4.896486423318613911e-03 -3.346089872925613745e-03 -7.173368931945959918e-03 -1.360036849812258641e-02 -1.764618972442741351e-02 5.556915342149425056e-03 1.654795910394224120e-02 -1.557609001720948287e-02 9.099642988909065547e-03 -1.453484160439209340e-03 -1.250370377655496716e-03 3.244932206100409160e-03 1.575979251611137402e-02 6.895303840365930685e-03 -8.620123205500523217e-03 7.208239242675105671e-03 7.823554388301614745e-03 7.310086178951255868e-04 -1.501584010359945619e-02 5.405254128340004384e-03 -2.669368604694760672e-02 3.043985951685317451e-02 -6.284154795794705435e-03 4.492285176891821878e-03 1.468928146346718151e-02 -1.544473219819296429e-03 -1.615123213246862435e-02 1.310500478484999398e-02 1.495902476416216369e-02 2.558610705981421117e-03 -1.632272248308759208e-02 -2.735912116311097625e-02 3.139868451345811246e-02 1.613060453064805652e-02 -1.248686448006604190e-03 1.109407981397596277e-02 1.058439834649634731e-02 1.729014929531943676e-02 -7.103103766533995500e-03 1.958456719708900548e-02 -1.559358423908637804e-02 1.429234481176126954e-02 2.288670539426224636e-03 -2.923528005252595124e-02 7.207286724499780729e-03 -6.390099166194735704e-03 -7.552994775484770740e-04 7.190900209426429393e-03 4.742166373247867425e-03 -1.815000012201906099e-02 2.341303024400972869e-03 3.807702221509335228e-03 2.377953158617179645e-03 -3.302815886309881134e-03 -6.358672648053434809e-03 7.048385695775745072e-03 -8.314781193075384278e-04 1.386163799715163167e-03 -6.286028800446500676e-03 1.332883430910902257e-02 1.215601789484495841e-02 -1.582521735379315356e-02 8.255629202602253122e-03 -5.816401799742560060e-03 -7.754532991973432828e-03 -1.335735253835524175e-02 3.566437597914885564e-03 -3.121211755247581959e-04 -2.918587385411796492e-02 -8.041013168465557109e-03 -2.535562124860642544e-02 7.514649032065667811e-03 -1.338056069038850125e-02 -7.831619518077613962e-04 -9.412550331028965087e-03 -1.548957228356579938e-02 -1.714505239903781758e-02 9.390436180135915568e-04 1.667086968814075060e-02 1.063397527861820223e-03 1.521456310709873652e-02 -1.110110739789536838e-02 2.255784130930500037e-02 -1.535571135755781427e-02 -1.155892643904127444e-02 -1.525441257242331206e-02 8.999394832321224932e-03 -3.954761188608996690e-03 -1.610662328480708810e-02 -1.715319473161694766e-02 -1.194157372548715346e-02 1.052477300011160893e-03 6.291856771301339822e-03 -5.572147658961800441e-03 2.353691616185655047e-02 -2.846517278127819531e-02 5.481206766613557976e-03 1.373573235323480432e-03 -1.194131162402856799e-02 -2.149801422267272593e-03 -1.865950672050152234e-02 -1.435769296530805747e-02 -1.068274514714952043e-02 -2.346104628373825527e-03 3.425686926960246244e-03 1.301724337811159711e-02 3.442212552805980295e-03 1.655378771323497795e-03
3.257763481302352465e-02 2.206325107527008778e-02 -3.005313205323971795e-02 1.678447896280716237e-02 -1.591141365723937329e-02 -1.368784992033882965e-02 4.122922172911695077e-02 -1.427828471197885307e-02 -1.309829295356873188e-02 -1.026090894433249589e-03 -1.879978136877089728e-02 -3.027749531894713408e-02 1.750282000431360382e-02 -2.170464896224532855e-02 -1.230514346948353120e-02 1.162685073110635188e-02 1.400523347770289521e-02 -2.338678212421640285e-02 1.385026681171302662e-02 1.380850015686100815e-02 5.302265357249388508e-03 -6.258587160830458677e-03 1.658110606270393750e-02 1.254632695193221709e-02 1.551460434698380235e-02 3.991735638905914881e-03 -1.393338642946878765e-02 2.666329986474530109e-02 -1.719316913814644340e-02 6.088802084196188145e-03 -2.429293952215466536e-03 -2.296504661172457315e-02 -1.716575711328876402e-02 -1.350385390405020938e-02 -1.344593319477762304e-02 3.623062302155793685e-03 -3.840612438214356487e-03 -1.802085590729417264e-02 2.028101157908375213e-03 -1.575905822163934170e-02 -1.011031699689628194e-03 -5.608672249463127549e-03 2.159724003023382258e-02 -1.162952002914508128e-02 1.347562027007852964e-02 2.560863364221203919e-02 2.651259054605946755e-02 -2.955247119973540906e-02 9.767544147043893954e-03 2.317620006571561447e-02 2.346769163684152976e-02 2.655141333769819173e-02 -6.274446986946955948e-03 -4.340454045553962178e-03 -1.841990519212170080e-02 -6.615580842860038085e-03 -3.901736051999623450e-02 -1.705181422509179784e-02 5.346333375442911991e-03 1.189708781376618528e-02 -1.078311163034029359e-02 -9.239053146522130692e-04 -1.616261868009300981e-02 2.846708898276144317e-02 8.018253612719466669e-03 -8.372713353027947530e-03 7.343183692333660542e-03 6.322113170558660809e-03 -3.052769500893743812e-02 2.056029024775882230e-02 -1.046939899375488696e-02 1.571366652330236362e-04 2.209058595615819021e-02 5.539881461421150392e-03 -7.749338690333404736e-03 2.628177408061872083e-02 5.971261761091630101e-03 4.675220779020768797e-03 7.085108547250191895e-03 1.245881640785787177e-02 -3.749296277780968939e-02 2.399606263451746838e-02 -6.904374561027245075e-03 -2.905421528092582903e-02 1.746688454017826736e-03 1.617593760770479755e-02 6.089411090008334422e-03 6.210132348609761870e-03 9.862858052969143349e-03 1.467673385490217766e-02 2.626979378448137878e-02 9.150340996847980760e-03 2.295041980500408738e-02 -4.009074284162271110e-05 -5.314344089683973281e-03 -1.782877987107656798e-02 1.952744066322199476e-02 -1.725962576523572961e-02 9.758449129357828905e-03 1.116475954769913410e-02 -1.544084849251078050e-02 2.496123061091326881e-02 -3.142853586211694084e-02 4.221670574105062385e-03 6.390165283294475286e-03 -1.265028896360433086e-02 2.756864411939720719e-02 1.189787279731682225e-02 2.441650036042514529e-02 2.666147028386984044e-02 2.314391331301204576e-04 3.996926629615239757e-03 -7.134749038546264396e-03 3.066308851819172371e-02 1.016885854165205938e-02 8.007774709740473479e-03 -2.062512653407624214e-02 2.045037107263572573e-02 9.842585410380752867e-03 -2.229195225024964769e-02 1.785881591046360392e-02 -1.068730997008324364e-02 1.556617340339482188e-02 1.101410429398445769e-03 1.713264926350051287e-02 2.072912215054376062e-02 -1.185224719731656348e-03 1.017712796044718294e-02
-8.258705954008894318e-03 -2.414194161036550823e-02 4.016874304616868674e-02 -2.241245088282859191e-02 1.062240785373415146e-02 3.951152331096415352e-03 -1.427828471197885307e-02 4.651773106847934686e-02 2.677594373274352207e-02 -1.560912220867766674e-02 -5.206812145469681338e-03 -7.018052951847364267e-03 -1.137458503081518503e-02 2.603173618811205695e-02 1.024191983120020105e-02 3.999661145837502506e-03 -4.633217552765727526e-03 2.710088465092069104e-02 -2.416737684225694557e-02 -3.772310545273995733e-03 -3.151676097808565197e-02 -1.145416805740105334e-02 -2.774629892556530059e-02 9.503169580823089824e-03 -1.645805699750909745e-03 2.778631619677068149e-02 5.788549434795949716e-03 9.022174389340829534e-03 5.097766949859897784e-02 -3.578633067263312789e-02 1.532945280706330890e-02 -5.886026352091570241e-03 9.749194142821761451e-04 -1.703879996618076070e-02 3.837908083475569804e-02 2.126058260920005161e-02 -3.003358099083876590e-02 3.812527611737430433e-02 1.406681937615399287e-02 4.927700456134083418e-02 4.348506120069465901e-03 -7.622804032110113998e-04 -3.713621527564034408e-02 -1.064289058402093004e-03 -8.339770664262256133e-03 -2.258736346662819361e-02 -2.107022304161869711e-02 1.974074024562165811e-02 -4.713727944581581376e-03 -1.388085146635030867e-02 1.193327412099893375e-02 -1.104188764236703132e-02 1.367275355831589498e-03 -8.976051723068189173e-03 3.706315421651646541e-02 -2.225413708337965410e-02 1.873099471029165790e-03 -2.960452595102107919e-03 4.400969209904086535e-03 -2.096556783217244299e-02 1.264170590895524054e-02 -1.397773034469157287e-02 1.616765989183140129e-02 -1.496557381202561973e-02 -7.283771994433696495e-03 -2.688338690046109414e-03 -4.280175122545432781e-03 2.545163712525112809e-02 3.336477300525274997e-02 -2.648655847398780766e-02 4.832739677322004518e-02 -3.381930613943720521e-02 -1.753475415599656034e-03 -9.569357057596837579e-03 2.116322593737304802e-02 -1.183889752786386647e-02 2.139476556353328909e-02 -2.907906356776515655e-02 4.601376459707992930e-03 -5.018562048532356802e-03 4.609303415267290704e-02 6.178533058347143898e-03 1.845124436828710079e-02 3.890375499708988855e-02 2.876967921982697199e-02 -2.162294550326950351e-02 -4.325236169228360156e-02 1.321345485547963626e-02 3.484988131037471300e-03 -2.255112433142760636e-02 -1.558197478963380990e-02 -3.724270242540562298e-02 -2.627338902207163041e-02 -1.218584777819159415e-02 1.666991737460012807e-02 1.157286253199147838e-02 -1.664355266900083286e-02 4.306468234824271935e-02 -3.723495728819415252e-03 -3.121621239950464130e-02 -1.416782931195099439e-03 -1.914981172449882474e-02 6.764931403343776850e-03 -1.941700201408640830e-02 7.741972452356971936e-03 -1.003286954552206310e-03 -2.961794365880588559e-02 -4.494100239534510460e-02 -8.605788640209150950e-03 6.841967743247057664e-03 1.964613388790178647e-02 8.478719562129217319e-03 1.679733127519629715e-03 1.671313957251366073e-03 -1.676019230749466182e-02 -1.353193090589499721e-02 4.700692844734147280e-02 -4.955311702833593152e-02 7.104096572461140839e-03 7.382719537762308902e-03 -1.161831836829600208e-02 -3.498705192101773682e-03 -3.445869146267098448e-02 -1.922171912773964564e-03 -2.723418244657240233e-03 -2.399319756908202192e-02 3.279982782524129559e-02 -2.101422791589779501e-02
-1.036466333143421827e-02 -2.431811397799445162e-02 3.432416564321622010e-02 -1.157674574721051855e-02 1.129972156959194911e-03 -5.249545018114151231e-03 -1.309829295356873188e-02 2.677594373274352207e-02 5.175201133004395798e-02 -1.478395597622260416e-02 -6.582110409131630875e-03 1.814310985607834117e-02 -3.673891346608244585e-04 3.450783178320575989e-02 1.235783311353563091e-02 -2.189997853618274107e-02 5.355702149230275218e-03 3.423847681747982374e-02 -4.836081112860739911e-02 7.284068608139925016e-03 -1.905298788934890047e-02 -2.431469186848235139e-02 -1.623371751071679692e-02 1.638282804175819618e-02 1.573936542955284637e-02 2.680116551263540120e-02 8.243324456762372507e-03 -1.943552666180519556e-02 2.788427189108843435e-02 -2.025278858184966987e-02 6.904857292706982272e-03 2.313340466215461303e-03 1.353453901868734675e-02 8.143751817753884861e-03 3.310807873311560900e-02 2.054903051525196547e-02 -4.045136517448973124e-02 2.067557723637857350e-02 3.759316182210991480e-02 2.641297648437919768e-02 1.146078672223471706e-02 -7.814644444118740846e-03 -2.645690528329431093e-02 2.963970444702455648e-03 5.423691154233326213e-03 -1.528624203748933999e-02 -2.762445629825458285e-02 4.586040291821984194e-02 5.149604514251858445e-03 -8.866232943569118605e-03 -1.771093839995431865e-02 7.510639826275767802e-03 -6.563418850943932188e-03 -3.508607504158121199e-02 4.397970909683093094e-02 -3.477053445790755093e-02 1.055095286955745962e-02 9.593285570762104253e-03 -1.177029242298333576e-02 -3.470363760177155171e-02 2.121008722341832797e-02 -3.916167109089633419e-02 2.833085315560040715e-02 -1.240164562082991112e-02 -3.486969683950387477e-02 -1.488275669489846909e-02 -7.092925181485995861e-04 2.672413635241788210e-02 1.890231672454240758e-02 -2.104463340645076203e-02 2.314930857875138748e-02 -4.102826171410169781e-02 -1.236567995062333794e-02 8.986356175016215961e-03 4.143801323047494045e-02 -7.859551248753111202e-03 3.373982077371243116e-02 -1.683223724658029427e-02 9.289851080789300608e-03 6.742563820145557399e-03 3.616933675608881987e-02 -1.604607585742901660e-02 -5.303684127418037408e-03 3.189456073061150421e-02 3.561138162548002639e-02 -6.309891033724274872e-03 -2.060618254400505001e-02 5.839038440929198923e-03 9.660812257273483292e-03 -3.066956574962023761e-03 -1.329834941262676012e-02 -2.875620104333630883e-02 -3.142250226523509576e-02 1.084214278196954720e-02 -5.903850311497910999e-04 -1.803723853108435209e-04 2.884975840627965801e-03 5.108952262974364444e-02 7.977209810333002818e-03 -2.250339677098886493e-02 1.055592759268451052e-02 -4.388748611004548994e-02 -5.351269543582058349e-03 -1.349142183696491401e-02 -5.848329300960464217e-03 -1.068667345074323510e-02 -3.785832959872523912e-02 -2.207344999574774660e-02 -6.279831290389993560e-04 -2.111837254317866161e-02 4.199243154774425640e-02 1.992507343448843716e-03 -2.713131267264426438e-03 1.034194628345448154e-03 -3.034161358290976898e-02 -5.255183982995418647e-03 2.848027641887266453e-02 -4.396810601026408111e-02 -8.830856147035590076e-03 9.326661074273307969e-03 -1.392438615224216893e-02 -1.596274544552152980e-02 -3.075572762565862914e-02 1.428288737123971884e-02 5.505397464061537009e-03 -3.572788864176684037e-02 4.152913982293181955e-02 -2.153781844935692691e-02
9.935026781057178583e-03 1.163072572520062326e-02 -1.910248639532593357e-02 1.876094174818219648e-02 6.899213123057584482e-03 -2.254910359445241180e-02 -1.026090894433249589e-03 -1.560912220867766674e-02 -1.478395597622260416e-02 3.968877837637645178e-02 -4.100211750982313101e-03 -3.363717093496152236e-03 -9.404022358545248775e-03 -2.299494318306725266e-02 1.346635844881076058e-02 8.819283057319630623e-03 2.694916908354372254e-02 8.020212777082074557e-03 1.394767948245062734e-02 -2.562240142997434036e-02 8.535039575320183328e-03 1.229371327752241776e-02 3.738655674308692233e-03 -4.496031490751228009e-03 4.500342597368137652e-03 -2.851153599139045342e-02 -2.258462750818762341e-02 6.687284750121958408e-03 -1.529500118085052283e-02 2.368946091098629754e-03 5.303784269065413802e-03 8.950569454819140916e-03 -8.529253658773949115e-03 -7.559060828919718714e-03 -1.440211356217001651e-02 -1.805000578627322799e-02 2.501343601190850890e-02 -9.883626302327804675e-03 -4.974857823785694237e-03 -1.711829359523637031e-02 2.804310331515192517e-02 -2.067348816388730331e-02 1.736827696397695835e-03 7.629255283679256018e-03 -2.415766113379665125e-02 5.438708104516287549e-03 2.139554883965685481e-02 -1.822481105382604133e-02 -2.014840173969530829e-02 -1.577212295756372012e-03 5.245039858959753103e-03 7.805016625257839118e-03 -2.534542734014227916e-02 5.434247291793339180e-03 -9.888056554342361179e-03 1.384053942675020875e-02 1.361820461329536595e-02 -1.255689118514413324e-02 1.858003467821607926e-02 -8.228152463850767553e-03 1.208608253595653062e-02 6.533168627184090908e-03 -3.478423763279521637e-03 2.537399311589598819e-02 5.925899189525318279e-03 1.208254398606302578e-02 -1.327041624339238626e-02 -1.724615501352333088e-02 8.331934216253242568e-04 1.025272609118491399e-02 -1.133859234412307876e-02 2.836890300165612402e-02 -8.147077334005140567e-04 -3.431260989009425784e-03 -5.397879047284604576e-03 -1.641427295014390858e-02 -2.532804669034649167e-02 -5.094090444157295915e-03 1.829441766417867982e-03 -2.088514811939142998e-02 -1.240932010447506201e-02 1.126606572388086543e-02 5.057108999466508950e-03 -2.497833872790139291e-03 -2.076336461028173430e-02 9.422625690922380517e-03 4.907274832847562281e-03 -1.244310933778445226e-02 1.505042204013831361e-02 -5.174600518854609137e-03 2.437945867146695811e-02 1.640550236237802578e-02 2.646760599546662054e-02 -1.029153067389368230e-02 5.313440977295419941e-03 2.316269153944183062e-02 6.421472181779132662e-03 -1.661506342526974933e-02 -2.468919715035954726e-02 7.357809855997685805e-03 -1.097434580057001126e-02 1.604009663543839309e-02 6.321583850000103699e-03 2.457884325816589444e-02 1.968971360584225241e-02 2.569080369265493505e-02 -1.193869031955327627e-02 4.897995301425655743e-03 -4.959387810007541940e-03 9.911290527116436988e-03 -1.373151031610085615e-02 -1.452906123227362852e-02 3.427704827710559548e-03 -6.145620055587174696e-03 -1.524708635844778011e-02 3.007168087990185618e-02 -6.506879708849907292e-04 2.231343334439560289e-02 5.951033938379928119e-03 1.096826994780744462e-02 2.847045705798166570e-02 2.665730902269956501e-02 2.660970134064694070e-02 -1.256141877827765888e-02 -6.928248107364169336e-03 -6.317292775596299384e-03 -2.416141749619784423e-02 -6.878678254473341754e-03
-2.535962059720824058e-02 1.698480859510266908e-02 -1.937621867896736905e-02 3.812781100618212442e-03 -1.689989218497682001e-03 2.238325469252325228e-02 -1.879978136877089728e-02 -5.206812145469681338e-03 -6.582110409131630875e-03 -4.100211750982313101e-03 4.718501329572402647e-02 2.394381250201474062e-02 -5.878696906767606409e-03 8.561751597361978716e-03 2.194095985542808547e-02 -1.501010746649741184e-02 -2.093879224866799713e-02 1.881964139560799571e-05 3.783927987409930159e-03 5.126318602378881518e-03 -3.537392754031158139e-03 -5.168651113563338222e-03 -1.773242362952055437e-02 -3.474024346864186541e-02 -2.807079864279253892e-02 4.939578241164997718e-03 -4.746820232276937820e-03 -2.412703159903703543e-02 -8.446248315304064058e-03 6.614079051959327604e-03 3.214154316135703435e-03 3.930365623283873372e-02 -1.055255742925054543e-02 2.849050435259506756e-02 -3.186499596224669217e-02 7.637590485291288582e-03 2.934796134727123834e-02 -1.644100052613517177e-03 -1.212940279805411505e-02 -1.772663240504288419e-03 -2.009166973444114282e-02 9.779346649247610060e-03 -1.164768949863126228e-02 3.572230987792698181e-02 1.021322813520644975e-02 -5.913653613438586004e-03 -1.446656712022348010e-02 1.312367018177825091e-02 7.875601394362399810e-03 -1.361255086870764332e-02 -2.559299723229664300e-02 -2.267520049834497592e-02 1.117617849189727827e-02 7.074794911227991201e-03 -3.428509760521546157e-02 3.160894151303877964e-02 2.952145476891081602e-02 -7.319391834766196016e-03 4.378680838120642578e-03 1.689924572918599481e-03 1.257712990731023328e-02 6.353793286545015954e-03 1.784816137144716250e-02 -4.241528575864629905e-03 -3.333448266102640931e-03 -1.782371731974089629e-02 -1.440590645183115019e-02 -1.502179207473803083e-02 -8.121240017598727436e-04 -1.618510676719692870e-02 -8.189894854470386454e-03 2.867458750881335047e-02 -1.165216035110441285e-02 -1.667077677740402136e-02 -1.366224599349929840e-02 -1.005634548336726934e-02 6.598887334054930748e-03 9.615562373539898039e-03 -3.797873380548559552e-02 3.943435224398676199e-03 -2.143336115705052336e-02 -2.444694798225828178e-02 -1.387652020042358728e-02 6.370635310189193268e-03 -3.036988524541887544e-02 8.875146936974113087e-05 1.270840383158917605e-02 -3.401306144695620537e-02 -9.762125810265179573e-03 -4.473920974225405363e-03 -4.497510109865854831e-03 3.157236749585587421e-02 -9.395329950212159831e-03 2.341986972176248946e-02 -3.004043816863780428e-02 -3.611400017304735623e-03 -1.483979512916751634e-02 -3.093089107407993518e-02 8.115236204702313758e-03 -2.615738767009726309e-02 -1.240932455624517428e-02 -1.066174871746841842e-02 2.587820980312866698e-02 -1.510368977243855756e-02 -3.946677675482082809e-04 -5.087801012528384882e-03 -4.426044420260472761e-03 1.097230380238943884e-02 -3.013657776299378047e-02 -2.594066403360962766e-02 -1.003532998932854352e-02 -3.161118032615700679e-02 2.140613527166038838e-02 -2.583817343781226461e-02 4.716852448041829876e-03 -3.372299044318105218e-03 -9.100045392665711760e-03 2.777315465031509473e-02 2.770885727231210422e-03 3.296429939391373309e-03 3.330458964285266769e-03 -2.855134171828004573e-03 1.797340536898222804e-02 -1.037729139736123449e-02 -1.162731993298344625e-02 8.432985946515715245e-03 -2.577700471904826457e-02 -1.979584987914815089e-02
-3.047964430998449659e-02 -1.032156923433622323e-02 2.432104029738595824e-02 -3.857328059869902584e-03 -4.622588728230337535e-03 1.712974589655769445e-02 -3.027749531894713408e-02 -7.018052951847364267e-03 1.814310985607834117e-02 -3.363717093496152236e-03 2.394381250201474062e-02 5.055868795372716468e-02 7.523971196753266415e-04 2.406748451298543548e-02 1.407578282156042582e-02 -2.342071782585782719e-02 -1.914800845610555025e-02 1.354104599616610949e-02 -1.918360061906973849e-02 3.103477332275691655e-03 4.516101297871191050e-03 -2.427330033953344155e-03 1.668206805524289618e-03 -5.206748019676296808e-03 -1.041719185259629317e-02 -1.158717309426481219e-02 2.192634089354359925e-02 -4.871391225719684526e-02 -7.814425715328511546e-03 4.592513555301618380e-03 -1.013865782292228178e-06 2.932933109378222519e-02 3.735772304944283417e-02 3.361233218349479052e-02 -7.852822327765950419e-03 -3.708326580575004375e-03 -1.750330529349151821e-05 -3.675905734730533503e-03 7.375740427391172353e-03 -9.541726041229577418e-03 -5.331196295868158817e-03 1.233140324622601126e-02 -5.186521413594014432e-03 1.540966270685433306e-02 4.035422783143779307e-03 -9.678172062234856668e-03 -2.496073203672030671e-02 4.451922134374814571e-02 5.959902704567277346e-03 -6.756827241646065109e-03 -4.865862358668430337e-02 -1.759653025265463591e-02 9.575134573818073688e-03 -1.134119256314898225e-02 1.758636909735642948e-02 -2.507821097770516431e-03 4.492771395267110279e-02 3.485971050663896204e-02 -2.289026020224590313e-02 -1.214451950544200368e-02 1.146289165950998765e-02 -1.371733641317383727e-02 2.893462289252397845e-02 -2.971799721438098466e-02 -2.820770344220789247e-02 -1.454541288361457709e-03 -9.069829775884297521e-03 1.776288275723571361e-03 1.767234240129044245e-02 -1.640836901575793913e-02 -1.176139618530641813e-02 -9.009601075337157847e-04 -1.382356827423403094e-02 5.498804700998347408e-03 1.401232523617196996e-02 -1.401269425875217509e-02 -2.604795558955060649e-03 2.308078975681736658e-03 7.951349751173322246e-04 5.019778078359168894e-03 2.117992741108568402e-02 -3.994043815220414684e-02 -6.885548160261742261e-03 5.048837530289639053e-03 -1.206882932390908672e-03 1.464413863140106827e-03 1.482561063793263502e-02 -9.246380432274600020e-03 -1.699730491889419465e-02 5.886906530437119919e-04 -2.755506890061413389e-02 1.249068102072044620e-02 -1.846420250869119581e-02 1.670810031393462486e-02 -1.123695361812225568e-02 -2.597795715992141409e-03 -1.434870672021021712e-03 1.805232198567810128e-02 7.572612389671340601e-03 6.957862521115292832e-03 3.362110187408735851e-02 -4.136441655750908164e-02 2.956784516033218388e-02 2.398175991583618386e-03 -2.453845494164147434e-02 -2.311217254205214129e-03 -2.115079882379438878e-02 8.570254158948535997e-03 -1.885145918427678577e-02 -4.854561118311207651e-02 7.086023119292197969e-03 -8.829008177609206157e-03 9.332323479353192563e-03 -2.520212934824495044e-02 -8.341943145027076387e-03 -4.540392804264147333e-03 3.001168888892551383e-03 -1.096263790847455981e-03 -3.439360773815468980e-02 1.924951449097441619e-02 -2.154254082163132439e-02 -5.932471704724237224e-03 -1.040772575281045768e-02 1.270526915097929845e-02 -5.303839706101002617e-04 -1.329352276044720553e-02 5.796568998431180821e-03 -5.954153939968395877e-03
