3.314964374244425693e-01 -2.934993245055832548e-02 -3.701755982083573815e-02 2.421228918168370492e-01 1.588244090111307627e-01 -6.512212616786361430e-02 1.396241431068163119e-01 -1.104691844263285400e-01 5.609551736511920322e-02 -2.060041845487803891e-01 -7.553629964830675669e-02 -1.699910133054374495e-01 -6.073707336457164624e-02 2.095065636525068609e-01 -2.916861632425146178e-01 2.024666875872255800e-01 -1.859447540086104911e-01 2.283947748979675302e-03 -1.777648057810172350e-02 -6.880567883898053294e-02 5.044812168984187661e-02 -1.259738638028506386e-01 1.197095336368632496e-01 9.227886006325745905e-02 -9.335940289216290711e-02 -3.015179967174235962e-02 1.463631799681383572e-01 4.522137755748151938e-02 -1.499478271391981310e-01 1.347867430690186386e-01 -1.622788273249977653e-01 -1.823171605757079039e-01 -8.876298085088261958e-02 2.076260967888336750e-02 1.180104740512700687e-02 -4.960527628571251291e-02 -1.609112493109658149e-01 6.055601314867741641e-02 7.780495400767963032e-02 -1.174862758075218144e-01 -8.361110581030424538e-02 -1.933599839426892175e-01 4.218749885485360146e-02 -1.415528509769867216e-01 -1.702683601009501724e-01 1.052486808432087084e-01 -1.586665153776670167e-02 -6.612547613140176694e-02 -7.475251869677802807e-02 1.968268192890265667e-01 2.275379926829119298e-02 1.176374293688676881e-01 2.293488774156198229e-01 -1.329502709632723045e-01 -1.810361461978292341e-02 2.388883324872883851e-01 4.030412067820109828e-02 1.530251186577279709e-01 1.244912246910799027e-02 -9.857323394283509788e-02 -1.524892234910393829e-01 1.192553866348814717e-01 -1.326315978781717475e-01 8.649436339997287893e-02 -2.023111429584690257e-01 2.489368453306643747e-01 2.489187240048310601e-01 -4.382291413958806781e-02 6.763092562284776788e-02 -6.769486451424688855e-02 1.023096906951904139e-01 -2.163975612467270715e-01 1.910320677127404221e-01 -4.415779168316456144e-02 -7.199625971686093862e-02 -5.297459657821550205e-02 2.838404522245279241e-02 1.665127546948965143e-01 1.243998934063706291e-01 -9.484108945612380881e-02 2.150724731584500449e-01 1.364465945485690279e-01 1.443707326809833547e-01 -7.172418127822487166e-02 -3.784431531994866815e-02 -2.745651017697261706e-02 -1.439666699405261763e-01 2.709223162387380257e-01 -6.247657605540774678e-02 2.332341077418456088e-01 8.186148672199156096e-02 -1.577133124377873841e-01 -2.268030339774847748e-01 -8.531199190355422124e-03 2.024483410834355956e-01 1.036628636822626015e-01 -1.989197101942595872e-02 -5.974853137421870519e-02 9.274971634349092608e-02 -1.431885378784967210e-02 -3.527299703394104480e-03 -2.274317051440498116e-01 -2.824468199592050643e-01 -2.507851100197187044e-01 2.010403201774041068e-03 9.037909381995003211e-02 1.609695620189124377e-01 -3.647356041267286499e-03 2.087750796315945012e-01 1.038969148753956101e-01 8.899420763734647299e-02 9.482640750577625566e-02 -1.431450171233292490e-01 -1.045091235406418739e-01 1.349159341834728909e-01 1.288922660797010289e-01 -6.410505676263654473e-02 -1.999458338026208204e-01 8.731264981521070015e-03 -1.523928179455742993e-01 -3.104156183360831656e-01 8.569601906138464217e-03 -2.459529740692857624e-01 -3.084589721125289771e-02 -8.639024814330087398e-02 -1.090967728480481819e-01 5.456116884354290930e-02 1.651994761524835376e-01
-2.934993245055832548e-02 4.521561786614766154e-01 2.716695606223925030e-01 -1.904242688420191565e-01 1.212280247613650580e-01 2.985890507857826837e-01 9.355880261139618015e-02 -2.373932505938045057e-01 1.170121044480020543e-02 1.860219148399625544e-01 2.192108473010418238e-02 5.650495094002047636e-02 2.902062050822553640e-01 1.425999079902737776e-01 2.061440456493946194e-01 5.018568192425678504e-02 -6.830944251626336339e-02 -1.915969910890549521e-01 2.731341119327808653e-01 3.640331503296449500e-01 -1.099919304418529309e-01 3.816541473910344817e-01 -3.566035085461472919e-03 7.025164744665697569e-02 2.386719423179211597e-01 -2.281556111644237050e-01 -4.101420460029787107e-01 -1.012131711601993445e-01 -2.082453563877746106e-01 1.636884278584905261e-01 1.010543944212272810e-01 1.451561692402782988e-01 3.408315451050842326e-01 -2.091152807069613651e-01 -9.013932551604333931e-02 1.055698086961183585e-01 -8.207898440086673630e-03 -2.930558905599396913e-01 -1.785191885280829754e-02 -2.100178722310335200e-01 -2.002264211048255388e-02 3.678331850976000461e-01 -1.180136199709060779e-01 -2.137296575616180472e-01 1.549819897325089013e-01 1.707100922659612052e-01 2.249626134489470519e-01 -1.179397924245020046e-01 3.140684722055065992e-01 4.661480524123228636e-02 -2.977651863619776296e-01 1.658027894174476657e-01 -3.121544613767728293e-01 1.466041614339437804e-01 -4.095971015837076429e-02 1.250863029291774953e-01 2.116581219280507520e-01 1.654723546613070528e-01 -9.119897834001469694e-02 4.746131710090656375e-02 6.725861056938819971e-02 3.079239137705999108e-01 -2.541423158513180236e-01 2.022879401513645592e-01 2.832730130730614082e-01 -8.954608231750667280e-02 -1.015408629310803612e-01 -1.548840556773340427e-01 7.012005762229284872e-03 -9.237009921976217786e-02 4.946413564411705766e-02 1.719345692479319343e-01 9.827773032942574427e-02 -1.431971433076777711e-01 3.009581598313428863e-01 3.279776655702372201e-01 -2.787431128710013417e-01 -2.093945308274957617e-01 -2.434057495342044353e-02 3.199921469635733651e-01 -1.046907822990960218e-01 3.268954625209611886e-01 1.094046462005269227e-01 -2.269361848335438026e-01 -2.251449380849768200e-01 -1.598958020281683601e-01 -9.081518983671976741e-02 1.096243357423624942e-01 -2.150556824248148757e-01 -2.172398814168860770e-01 -2.994025204042420618e-02 2.509600150699000110e-01 1.209273749948791415e-01 -5.709016475655853684e-02 -5.363243066699567574e-02 -6.897717074839035400e-02 2.384292074171059928e-01 -1.380237118681811592e-01 6.043161994297200496e-02 1.965134071656588488e-01 -8.339234903160794299e-02 1.597731280997686520e-01 2.256810764630938493e-01 1.015670628526089414e-01 -1.036171981918512924e-01 -5.337771924852345584e-02 -2.082254655277402111e-01 6.523167024667439473e-02 -7.930890794409847788e-02 -4.232571579613366580e-02 -2.378112401033212753e-01 7.011266700789386963e-02 2.147517620580295661e-02 2.121537649922313751e-01 3.058285890436684279e-02 1.631038597687886060e-01 3.140613119038394574e-01 2.206120417727727989e-01 -3.487768033424722414e-01 1.431602302991736020e-01 1.849241439914181551e-01 -2.236265961876378605e-01 1.660837552612587920e-01 1.307480007448254544e-01 3.049435222686189828e-01 3.700091829638835900e-02 -1.189663686219972760e-01 -1.655321813770888606e-01
-3.701755982083573815e-02 2.716695606223925030e-01 3.599829203560943047e-01 -1.526135440744825489e-01 -1.736019750516639912e-02 2.218282297537103043e-01 -1.467890242227595787e-01 -4.614124267392758633e-02 -2.717049570687418009e-02 1.811781689375852877e-01 -1.171436473383418164e-01 2.327470904826285658e-01 2.133806175578097375e-01 2.593052032426538811e-01 2.426057275508973488e-01 -1.231083153344113973e-01 -1.642095950281788064e-01 -1.234394671837478474e-01 4.717498917124210434e-02 2.782793669502848233e-01 -6.271855236356753405e-02 2.710097720556621237e-01 1.123071938488370697e-01 -4.469137438158116843e-02 1.092675903802176329e-01 -3.447090673842174158e-01 -3.152039056024222297e-01 -3.254191379867599210e-01 -2.978320189715965571e-01 -5.556216611395149718e-02 1.933066563943042215e-01 1.058725740171498064e-01 2.588257083895457722e-01 -2.900375558273469712e-01 -9.448385949319819399e-02 8.907941650986474225e-02 1.884249083229617427e-01 -3.823041508091780116e-01 2.083004960510983217e-01 -3.014610740076242856e-01 1.627409780583994603e-01 2.916235095910508224e-01 -1.250068498532929950e-01 -3.108901490478166996e-01 3.067654250124446022e-02 2.681272229531369011e-01 2.530896491743940269e-01 -4.608454886339470591e-02 2.370722063721364681e-01 -5.386703491592732124e-02 -2.986371441949210448e-01 2.765100417944956757e-01 -2.857186538639125972e-01 8.041287889627063423e-02 -1.998997244176370647e-01 -9.131801286963829589e-03 1.330244095334529308e-01 2.472769933884673144e-01 -4.750468335389707725e-02 -2.004035299149999894e-01 2.258740889446645139e-01 7.531352384171270675e-02 -7.520116261340607788e-02 3.030315127778488438e-01 2.053707828522517154e-01 -9.086455179450411701e-02 -1.160326255975998172e-01 4.055710789470632488e-02 3.161691669145914874e-02 -6.929628057787132200e-02 -8.706692092002081551e-02 1.759277362167619985e-01 -9.512489664945066037e-02 4.113468063885298426e-02 2.371886916016743285e-01 2.198491743650084485e-01 -3.880373942264858100e-01 -2.394282613668731186e-01 -6.831732833344674599e-03 2.411413803601561712e-01 -7.566899665617589366e-02 1.013292053029098139e-01 -1.004256625932005778e-02 -3.413296411886560522e-01 -1.293068875066393508e-01 -8.321964322996343311e-02 2.895726666179342795e-02 8.441965540209234176e-02 -3.335772908061952480e-01 -1.403909883041919715e-01 6.618054737544475097e-02 3.268369754467891908e-01 1.222239025981922272e-01 6.119840319007745916e-02 -4.174489309876161514e-02 1.167069481315965822e-02 2.558805563636022407e-01 -1.193980680896882113e-01 -1.457716447171993890e-01 2.554618981367308694e-01 -9.843681605690922376e-02 1.844991528190479124e-01 2.716483599661267401e-01 1.736779216846418283e-01 -6.486633200060609727e-02 2.080495195685005613e-02 -1.780705063747957118e-01 1.023266359222552296e-01 -1.977847514578495447e-01 2.245900764610065520e-02 -3.924081347236070549e-02 -1.940654096925259198e-01 -3.752894167246356022e-02 4.119377081317349143e-02 -1.687280029272437420e-01 2.580331136904771561e-01 2.481194812974670538e-01 2.059310721239036857e-01 -4.112885755085425310e-01 9.936531150836221127e-02 2.035010271489837985e-01 -1.562820015394819351e-01 1.481164057346010254e-01 9.874453113911879631e-02 2.545768380362199435e-01 -2.016010997652836201e-01 -2.358005095514001948e-01 -1.493258818052193571e-01
2.421228918168370492e-01 -1.904242688420191565e-01 -1.526135440744825489e-01 6.177707931168779920e-01 4.108775138923310977e-02 -3.701020307429569445e-01 2.325467771682519502e-01 -9.132003103086772100e-02 -1.371081122350947812e-01 -5.622819996407815157e-01 1.742019128236227676e-01 -2.353873971529726883e-01 -3.916582961837632992e-01 9.672517760133113318e-02 -3.341711574339547575e-01 -1.901966060359099389e-02 -5.055689850969098398e-01 -1.181747398948631705e-01 -1.698961035863910396e-01 -4.689077617968896994e-01 5.623638903212976325e-01 -2.384788311390570181e-01 -1.662359166068594907e-01 -2.779318290274729319e-01 -4.753551921895744076e-02 -1.533980138413781613e-01 3.337654611747076228e-01 2.117731846685819708e-01 8.191475325363213947e-03 -2.256631831288383183e-01 -9.697822370479802778e-02 -9.954187238791593895e-02 -4.422990182466419729e-01 7.169460092403408258e-02 3.010196357714634563e-01 -2.665875313920543221e-02 -3.260517933594926920e-01 3.010902696419032881e-02 3.188453140384524698e-03 4.333486001617146630e-03 -2.454429566024760034e-01 -3.146831913270188852e-01 3.520340601191673247e-01 1.029691738924231291e-02 -2.547087933867484000e-01 -3.155912768852806808e-03 -1.657445829870336229e-01 2.862133811236793335e-01 -4.198480246193520005e-01 2.535607062301251102e-01 2.304763303086570791e-01 -4.709661826159181400e-03 3.957814805799931834e-01 -6.465590192794341551e-01 7.445570769085156637e-02 2.448873457567150302e-01 8.748811359519587105e-02 -3.595901064560311916e-02 3.440007008389452808e-02 -5.003251601065864668e-02 -2.461789969597072969e-01 -4.073053714011690141e-01 -9.148572681797466355e-02 -3.018982829471771046e-02 -4.176318195873771066e-01 8.810084864862416376e-02 1.177917073279517585e-01 -1.688307001192854194e-03 -8.357340443201163871e-02 -2.724109351049738836e-01 3.268011650144203029e-01 -5.506307926386785345e-01 -1.294753939080543204e-01 -1.072363155223790207e-02 -4.194194911449354302e-01 -4.372083139405855690e-01 1.635487470472130334e-01 2.993090381415511869e-01 -1.833273713737553975e-02 -4.150510824506984942e-01 1.159517772782190370e-01 2.356930364817408016e-02 3.261581026321749149e-02 8.179970041468281883e-02 -3.610719710609393285e-02 4.351322322821896127e-01 -2.916875903349856469e-01 -4.377479502108251597e-02 6.504544624994242075e-02 6.070095596093556534e-01 2.064373652514252810e-01 4.192643669134731021e-02 -5.562977090319283224e-01 1.988874430660382830e-01 6.037419012138781765e-02 2.322669383882238481e-01 -1.231041939263426699e-01 -1.114250809176039747e-01 2.404880647938720251e-01 1.526577602919282073e-01 2.570123324964306288e-01 -5.257825164702801812e-01 -3.550800952461485860e-01 -1.075147388824470307e-01 4.608795566474486322e-02 1.862419744393545851e-01 5.347482096181039868e-01 2.468014314117531749e-01 3.220179050162257917e-01 1.867481511545392436e-01 1.982573808895795320e-01 1.654844209564835522e-01 -2.284869416687770050e-01 -2.088747148685398125e-01 2.794720257957925558e-01 1.662820173705344476e-02 -4.096067339830247733e-01 -2.128168359284373368e-01 3.007540260118481482e-02 -6.454854484483600885e-01 -3.745698274770370428e-01 3.437437700980642274e-01 -6.241130956277296526e-01 -6.515078331590459793e-02 -3.807768527891053911e-01 -4.626120052404702337e-02 -2.167727384804809532e-01 4.985643850826605439e-01
1.588244090111307627e-01 1.212280247613650580e-01 -1.736019750516639912e-02 4.108775138923310977e-02 2.652847949515595438e-01 1.941447840318894641e-02 1.292596316829052461e-01 -1.284491336172662868e-01 2.958026660602857544e-02 4.953592092488124515e-02 -1.572551950306229351e-02 -2.074088818955087121e-01 2.952750799067623694e-02 1.135468794852964453e-01 -1.270035806303687898e-01 2.574529124607468633e-01 2.674161798901976417e-02 -4.252108493967075159e-02 9.022817403480229426e-02 5.543533512154989046e-02 -1.093805745151202047e-01 3.892598778817147470e-02 5.873876661505789132e-02 2.063743609992063632e-01 4.031392111014414636e-02 6.887966308090258394e-02 -2.801226686259990911e-02 6.550799344516519684e-02 -1.214079062544087956e-01 2.421481841640025223e-01 -1.155283836612932130e-01 -5.522616282189979353e-02 2.549819799138897808e-02 2.407738373596240988e-02 -1.220865312458249002e-01 -1.242539085091528550e-01 -9.599407200078230451e-02 1.072200232624403726e-01 6.426671010784222593e-03 -9.460812528501209850e-02 -7.397310385215352668e-02 -2.606076876471696488e-02 -1.137945963924033993e-01 -1.177260930610459361e-01 -4.399854650930235672e-02 8.919453616524132544e-02 -3.420917433458903201e-02 -1.736152633505427256e-01 2.627361761580283145e-02 1.195161301162794565e-01 5.354936749042578381e-02 9.729215240551448984e-02 4.758172159244750815e-02 8.581608485334994707e-02 -6.210713264332940603e-03 2.248591152750440969e-01 6.984759982733013128e-02 8.069211599043585315e-02 7.905292747895330263e-02 1.285010062975854407e-04 -1.732985638592697275e-01 2.750752756846100988e-01 -1.466921874045996610e-01 8.111834430369081750e-02 -4.818125263874693115e-02 1.395508311472856977e-01 1.334183696922569551e-01 -1.056405654342734007e-01 5.848374569553130287e-03 8.326425141795015111e-03 6.685526300038725778e-02 4.125892095644188157e-02 2.801986834782491664e-01 -9.901781291326092194e-02 2.272250682305057556e-02 6.473015014318539428e-02 1.357529442409929551e-02 4.579871463896616202e-02 3.444868484721543000e-02 1.093529573785869541e-02 9.244469162401842965e-02 1.756041275502052967e-01 2.447233087434453336e-01 -2.820147267395652774e-02 -7.697041359814631167e-02 -1.541871898201659929e-01 -8.956650520210124311e-02 1.848168333331442759e-01 -1.434399607470407401e-02 1.981731339514389983e-02 2.311427035951035130e-02 -1.721243621517908051e-01 -5.593686138833560417e-02 -9.220883712728768222e-02 9.402533375293926909e-02 3.554118720771885787e-02 -5.322891547852681704e-02 2.594197586444028231e-02 5.868907686811487834e-02 -6.924766466186355052e-02 -1.293924663947782494e-01 1.337594879108943910e-02 -1.144423818100630819e-01 -2.162037130698845622e-01 6.990343729992069821e-02 3.996079872299985319e-02 1.288862467757377964e-02 -6.541477772908908805e-02 1.623741195355731803e-01 5.839818766898500352e-02 -2.130847562576322976e-02 1.064848747917652022e-01 -7.009240856345459736e-02 8.910866927382089450e-03 7.725329624033309972e-02 1.039858818910164157e-01 3.300328142101795897e-02 -5.083797885076219575e-02 4.954743464854084040e-02 5.678350226215430480e-02 -1.233339357645461404e-01 -1.734747087090205697e-01 -3.857448199357765145e-02 -9.065803605505162732e-02 -5.223467857020300080e-03 -1.089732708991039516e-02 1.286595523730650892e-01 -8.072609946459041730e-02
-6.512212616786361430e-02 2.985890507857826837e-01 2.218282297537103043e-01 -3.701020307429569445e-01 1.941447840318894641e-02 3.972678102860457416e-01 -8.027867369958839594e-02 -3.502705417191263881e-02 1.832879826824844738e-01 3.521729302960318053e-01 -1.204832453130500747e-01 1.038200926724134887e-01 4.115900609349847916e-01 1.118469662173631057e-01 1.723327149588254337e-01 2.322483057233807810e-02 2.305696808985603086e-01 6.312137455444748191e-02 1.595499830186525025e-01 4.924528929295854396e-01 -4.168730330065358314e-01 2.504371914245604458e-01 1.601971413393017407e-01 2.226027191173594599e-01 1.419223638528263609e-01 -2.581262054544003134e-02 -3.227539691189523219e-01 -2.273090970698848634e-01 -1.140645731965006932e-01 2.351223669429072793e-01 6.708543485217055569e-02 1.050788706052872556e-01 4.552343614125885507e-01 -1.585152574609742238e-01 -2.746074789902644420e-01 1.099197045865604322e-01 1.057614291655357419e-01 -1.767191665508332787e-01 4.271149078739512606e-02 -9.393381897383193402e-02 1.385291286403154964e-01 2.677082535208935021e-01 -3.029698848249219867e-01 -1.132770596025420573e-01 1.965771744430973855e-01 7.987251122052051178e-02 1.596371742442743991e-01 -2.330300190539517646e-01 4.316607724886626918e-01 -5.484250387983607977e-02 -3.003805422677782722e-01 8.484264880687950039e-02 -2.995876490254077984e-01 4.084801470335419626e-01 -4.571307348474015764e-02 -3.529469749730319156e-02 7.581920739587431901e-02 1.910752251244599575e-01 -1.226540943812772511e-01 -5.799843854403686529e-03 1.115254098446147313e-01 4.275891681695047075e-01 -5.272930418625634136e-02 9.848371840442636527e-02 3.190694168627425387e-01 -4.511068443140311968e-02 -7.000182586018330322e-02 1.324212861460953919e-02 7.771124099682889808e-02 8.839750457094974756e-02 -1.151068621037562023e-01 3.333188186320768520e-01 1.202396560894253980e-01 2.156641533022478352e-02 4.312285103001890496e-01 4.602424775559457171e-01 -2.463140099767404390e-01 -2.631275606685379853e-01 4.103647437053564023e-02 4.278591956100171734e-01 -8.416301181241649110e-02 1.406615518737131254e-01 1.904937898692387818e-02 -2.442967822327500316e-01 -1.041857234155295076e-01 -4.132867461217868410e-01 6.687071931311470985e-02 1.802840257264083923e-01 -2.396108742792870117e-01 -3.774677059994754891e-01 -1.235808565721201596e-01 3.277501036486439590e-02 3.057339406827233041e-01 -1.131077482198080408e-01 -3.035342550231481806e-02 -2.356989092592961244e-01 1.401776427670669845e-01 5.701022954272021159e-02 -5.640140913847914439e-02 -4.506262530687867723e-02 -2.379816552541971220e-01 3.044253671938180195e-01 1.969640873224178801e-01 4.128850324076386268e-03 -1.455729774939755472e-01 -2.037954316781058484e-01 -4.030310219532534100e-01 -1.367742125444552370e-01 -1.338289199206428581e-01 -2.007438296033775271e-01 -1.376281775095867521e-01 -3.321738170688577629e-02 1.155977598352572744e-01 2.179442133491516775e-01 -8.032254526114807058e-02 7.169328428050793234e-02 4.352827774187267851e-01 1.871821040631294342e-01 -2.115029837657062262e-01 3.992131895557357035e-01 1.962987459871872176e-01 -3.295413622414578581e-01 3.640188839588534564e-01 1.480508551966265296e-01 3.978562509548599357e-01 -1.459443156755920942e-02 1.709962337833499935e-01 -3.241747816376682190e-01
1.396241431068163119e-01 9.355880261139618015e-02 -1.467890242227595787e-01 2.325467771682519502e-01 1.292596316829052461e-01 -8.027867369958839594e-02 4.992421588724900716e-01 -3.487187093758488676e-01 2.648023467716515908e-02 -3.368113003135213557e-01 2.642883975560472165e-01 -3.276809865136191546e-01 -9.503278759329567005e-02 -1.982688986977720336e-01 -2.779649030074150540e-01 2.059152913614496205e-01 -8.346396503513363319e-02 -1.015700097333225721e-01 2.372367118545462006e-01 -1.358782436717459463e-01 2.811467990520969407e-01 -3.149653314493535555e-02 -2.454715234603877527e-01 -1.330759819754097351e-02 1.957850639673344439e-01 1.333276341137226151e-01 8.977981995143619054e-02 4.792378739559028378e-01 1.384446078008890468e-01 1.736149194504428006e-01 -3.034243516698716392e-01 4.665338618715024477e-02 -1.138722017352598870e-01 7.649102468515840691e-02 3.078433511128976230e-01 8.521056365309827296e-02 -4.481600628776637452e-01 1.711800828109593386e-01 -3.826181888441285150e-01 1.373139313196596045e-01 -4.728595837446608052e-01 -1.011148742871321171e-01 3.386060321196076583e-01 1.545063956306647890e-01 1.662227166507260490e-01 -1.516465599014633625e-01 -7.368234885603472395e-02 4.115184763149125347e-02 -1.124355407960055536e-01 2.134509664191047151e-01 7.868645531443280161e-02 -1.669631497337507875e-01 2.068744790073897555e-01 -2.419040072801262875e-01 2.620322984107823494e-01 2.036735613155940539e-01 4.987100273256211969e-02 -2.787695936036391764e-01 -1.295336593817533188e-01 3.858366278607236466e-01 -3.065448098095986951e-01 7.822014305131790024e-02 -3.240053751367731882e-01 -1.708866052221156007e-01 -1.870610069953774351e-02 -7.933635782312818338e-03 2.865683988119893666e-02 -2.789136149171964618e-01 -1.033143833357275110e-01 -1.196449789474729880e-01 2.931675570598044622e-01 -3.553174945120969319e-01 1.889069385703311954e-01 -2.668454963166368987e-01 -1.254634478849316337e-01 -8.037337954395036566e-02 2.143803468719893690e-01 3.072762416220530812e-01 -6.025529150976972892e-02 -1.132649497998027277e-01 -4.267498636044496363e-02 3.254962175856261353e-01 8.631946244068235130e-02 2.356184569701844089e-01 -6.078530081176706373e-02 1.396743675267069218e-01 -2.419722555327405433e-01 8.205260912826055006e-03 2.396759430969825078e-01 1.861140209229154852e-01 3.243461370003758448e-02 -1.258124658057608106e-02 -2.613205651587069966e-01 -7.108445823210855774e-02 -4.846361599912776125e-02 -3.830799833849629632e-02 -1.361593858102866372e-02 -1.649942627288627506e-01 4.033545227860650950e-01 1.316159989979438782e-02 3.021827207884831279e-01 -3.642396570488032337e-01 -2.952013630828803081e-01 -1.252276349178326753e-01 -1.020398747141449125e-01 -5.190394062001571496e-02 3.007443566796946799e-01 1.273623946941530027e-01 2.456571996962632065e-01 -4.284794802396894170e-02 -1.971826156168473843e-01 4.761254623584115775e-01 -9.595238992859350668e-02 2.532669278538733360e-01 4.133237433390786197e-01 -1.347427949431345973e-01 -1.241661692571495029e-01 -7.437253377575926694e-02 1.391683427470751799e-01 -2.624514907693007992e-01 -2.464447236203329561e-01 1.886604623339630527e-01 -2.520628249601866711e-01 9.706460396941347935e-02 -1.421029588261765730e-01 3.650298635809908210e-01 3.599929850001484799e-02 3.019050540739335875e-01
-1.104691844263285400e-01 -2.373932505938045057e-01 -4.614124267392758633e-02 -9.132003103086772100e-02 -1.284491336172662868e-01 -3.502705417191263881e-02 -3.487187093758488676e-01 3.579001741102456058e-01 5.033042530225140254e-02 1.695261655330680961e-01 -1.261760269212419960e-01 1.218320925206441974e-01 -1.589579502352736831e-02 4.692253095107230820e-02 6.040807566519724309e-02 -1.548549029843716840e-01 1.667471759201553660e-01 1.997624199923490884e-01 -2.645991090596246376e-01 -1.616836470824348573e-02 -2.095286516561869206e-01 -1.349287330101916205e-01 1.311099211861094793e-01 6.297714279488571439e-03 -1.673802981639561926e-01 7.479143966786011566e-02 1.036695080656573759e-01 -2.472705742764776116e-01 7.841660026722482857e-02 -1.320112654357903093e-01 1.362521882039199606e-01 -5.300416173564052175e-02 -2.412707067911916067e-02 5.131617114478801561e-02 -2.307330649458336491e-01 -6.721065241203975915e-02 2.359980954178276247e-01 3.332878603637848963e-02 2.010984189293544555e-01 8.915750999042337810e-02 3.070419632511569574e-01 -8.907048400354664053e-02 -2.344266596331109065e-01 7.494323408986776347e-02 -1.242301817037917561e-01 -4.907016784782349678e-02 -1.174373573135420734e-01 2.542425790157277002e-02 -1.631035317673120225e-02 -1.685492094994172907e-01 7.993301839115175833e-02 -3.756175937455022429e-02 -1.536547172140380856e-02 1.381332772987691193e-01 -7.187021679608404656e-02 -1.950856573056810872e-01 -9.034901446565041239e-02 1.060061512652041571e-01 7.476671336789104949e-02 -2.082818531360514924e-01 1.058509482874707419e-01 -1.182107737860550734e-01 3.517448730004045232e-01 -5.737370048314587717e-02 -1.031046997996343112e-01 2.555980862217577601e-02 9.835429381385698763e-03 2.744176594443326622e-01 6.625550305985795918e-02 1.183700409691539612e-01 -1.733900148273000430e-01 1.829029838543628494e-01 -1.437144223741792515e-01 2.634743511380075454e-01 -2.027154393367729211e-03 -2.857896167220349767e-02 4.522479606996056105e-03 -1.411126853899689337e-01 5.153660004676400425e-02 -1.832084684532199470e-02 3.900138092206989482e-02 -3.619525612889428201e-01 -1.007144887241110537e-01 -6.088649672095707704e-02 1.006073190458002531e-01 -9.858540885813422971e-02 1.687175098040536170e-01 -4.973449535667551213e-02 -8.157207846396666295e-02 -5.523014706973104759e-02 -4.785158914222974874e-02 -1.521686522020018195e-01 1.273555599574202890e-01 5.400159333875000078e-02 2.261205806045344519e-02 -3.864421095142078766e-02 -1.636536399571983935e-01 2.603581585852361435e-01 -2.322494882860474952e-01 -1.725597550611575326e-01 -2.152623272883841254e-01 1.820731052100527658e-01 6.135136547156835873e-02 7.316174520494037568e-03 6.039904535454124895e-02 -3.433066751128455857e-02 -1.574809510864768336e-01 -1.546652076380811147e-01 -7.619270270341545193e-02 -4.638569354864965910e-02 2.275212178158993181e-01 -2.823169863489876641e-01 8.641644347505064716e-02 -1.938180058097415392e-01 -2.279161890692012193e-01 -5.603932088799862959e-02 -4.642604204834320340e-03 -3.316831956697471884e-02 7.912838754940317021e-02 1.477730365594071005e-01 7.979078287280710891e-02 -6.557433067226271783e-02 1.172179013590572000e-01 -8.181965583454975377e-02 -1.037148527012510257e-02 -1.909260087846430531e-01 1.386983838412340075e-01 -1.651921410964503623e-01
5.609551736511920322e-02 1.170121044480020543e-02 -2.717049570687418009e-02 -1.371081122350947812e-01 2.958026660602857544e-02 1.832879826824844738e-01 2.648023467716515908e-02 5.033042530225140254e-02 2.925528353382738089e-01 1.127922821322650121e-01 -3.566211343954904522e-02 -1.270563708321457708e-01 2.107463147240648538e-01 2.485933901680361865e-02 -1.754690016488077431e-01 1.054881186117278546e-01 2.986914852690763511e-01 2.356000476370117003e-01 2.547181680426874664e-02 2.327709711997660025e-01 -3.385266551581459504e-01 -5.116859379943133890e-02 1.151637288230096257e-01 2.286833579148448148e-01 6.882931778978280957e-02 2.208880870894637805e-01 8.659451242292341006e-03 4.431134656110398201e-05 9.132452281456816812e-02 2.547241662120108829e-01 -1.580297871610302496e-01 1.584060117479803645e-03 2.092431271125582692e-01 7.319530804698863406e-03 -2.055389818244161282e-01 9.141604238597060561e-02 -9.689166270400299819e-02 1.039184054628742027e-01 -6.956459995736327673e-02 1.335463668026826978e-01 7.429682487330841432e-03 -6.554022206017770524e-02 -1.933009141204873049e-01 1.091606026866560192e-01 1.348980940933996731e-01 -1.074867893986378165e-01 -8.184110269065866805e-02 -1.579772581822974642e-01 2.060908655261112776e-01 -1.357544135622026915e-02 -7.300835903554010742e-02 -1.005034690964532185e-01 1.641192520210968050e-02 2.595392987892481962e-01 1.263908597704982983e-01 -2.473607402065247651e-02 -1.713779462906088458e-02 4.726535701625568520e-02 -1.542296976589016821e-01 9.066318401055695197e-02 -1.095016036745740523e-01 3.411027548590506719e-01 4.826672653290949022e-02 -1.290285727392061765e-01 5.871577870420648104e-02 8.030708267126808464e-02 7.533817065636215504e-02 6.607822486662048855e-02 7.130542495726779895e-02 1.139640538255157903e-01 -2.289563802335829734e-02 8.703334884646703185e-02 1.881437870121314415e-01 7.191105459373266229e-02 2.120957573308716038e-01 2.555536492951419603e-01 2.460269206970451539e-02 -2.139317191133590507e-02 8.564806638877174583e-02 1.892731081637444301e-01 1.271062430064669700e-02 1.314453818801035109e-02 1.192582950844612438e-02 -6.623623224431489376e-02 -1.007483301685836372e-02 -3.557000305639462234e-01 1.402705087647319188e-02 2.017713264231524306e-01 -8.546164300718822604e-02 -1.417625356461322539e-01 -8.479483844861938902e-02 -2.436574443773946996e-01 1.031370302310321563e-01 -1.030179847053868253e-01 2.852923885118059666e-02 -2.629060534905603430e-01 -9.916528000436439227e-02 2.001866241960107429e-01 6.809738758969934025e-02 -2.589277464907319137e-01 -1.632874456576714484e-01 4.871993629598438819e-02 -1.640804360709189891e-01 -1.967183357523495102e-01 -1.655308531928781635e-01 -2.486330521250785242e-01 -1.916646813758337842e-01 -1.855099174089251679e-01 7.898009436885213008e-02 -2.465859742446703251e-01 1.016249899897517066e-02 1.094999833000190048e-01 4.475264496718638768e-02 1.743078299856164470e-01 7.758455931602040168e-02 -9.766532385930994098e-02 2.171170712257155522e-01 -3.992527014871048718e-02 8.560638634010415970e-02 2.394834006093619072e-01 -9.061405521304159716e-02 -1.539193759680540785e-01 1.482161158415452318e-01 1.260414836805903993e-01 1.415126631564811721e-01 7.689578619821452188e-02 3.981981095158561024e-01 -1.327725764230360261e-01
-2.060041845487803891e-01 1.860219148399625544e-01 1.811781689375852877e-01 -5.622819996407815157e-01 4.953592092488124515e-02 3.521729302960318053e-01 -3.368113003135213557e-01 1.695261655330680961e-01 1.127922821322650121e-01 6.444376113820525775e-01 -2.352005386176827251e-01 1.900162232488724623e-01 3.810473305465852389e-01 5.741672426990927780e-02 3.370345295972493882e-01 3.183568667467261137e-02 4.704923098940156923e-01 1.273638197616982493e-01 5.880890760574045834e-02 4.766056957250039972e-01 -6.306009805640099275e-01 2.290155629358915645e-01 2.478275211761804264e-01 3.331796732443471631e-01 1.253528706213072504e-02 1.143961699810558813e-01 -3.199891888993902644e-01 -3.619513555155298157e-01 -1.076510899768778617e-01 2.245058678308067268e-01 1.681067816531923442e-01 7.545867440768858070e-02 4.290369641398799061e-01 -8.413504981329514298e-02 -4.683871395622077327e-01 -9.108310224134610888e-02 3.862756019540659613e-01 -4.328719743856376118e-02 1.695385896182878827e-01 -9.158254382434569130e-02 3.599055149374151275e-01 2.819051422330675072e-01 -5.188389229998565666e-01 -1.162303556030937907e-01 1.269316641268156687e-01 9.745838056205589905e-02 1.036524208268584102e-01 -3.315427680713508019e-01 4.084978744954870233e-01 -2.197757609116731958e-01 -1.637978747102937782e-01 1.092480904600659913e-01 -3.866739208983820397e-01 6.621156040297813128e-01 -1.699721841794109845e-01 -1.595486867706165934e-01 -3.798628761489791089e-02 1.840119297499583917e-01 8.226713204669844348e-02 -1.266631497252715122e-01 2.026387037888290887e-01 4.270522408918026036e-01 1.496855298299604453e-01 1.225819319878136693e-01 3.266078822996047459e-01 -4.071670585610990406e-02 -8.387738969871040562e-02 1.016405687652591067e-01 8.863834704710218948e-02 2.605201798986477857e-01 -3.225309686932843478e-01 6.421242268938373021e-01 1.409690051914804232e-01 1.067683230872919220e-01 4.121192943667763009e-01 4.309803486909798975e-01 -2.246792099717285773e-01 -3.701262834371240595e-01 2.726782582611645897e-02 4.021563040340290773e-01 -7.103579509951341020e-02 -7.835702415092406226e-02 6.721125247236402200e-02 -1.895108932438448746e-01 5.301279749269846575e-03 -5.095628240297062073e-01 2.698109112223097683e-01 9.401128820216128612e-02 -1.751547063780685143e-01 -5.490207428986998428e-01 -1.736412334597215446e-01 -1.152043868719156289e-01 5.184291956886321051e-01 -1.667646847674704447e-01 -2.483321597813848911e-02 -1.797170965982571589e-01 3.608691668952912490e-02 2.129877731995269419e-01 -3.156544514814466629e-01 -1.813538394953159161e-01 -4.330381460089725021e-01 6.082986336017305318e-01 3.669551961000602214e-01 1.396042262317205573e-02 5.545493931147560396e-02 -1.330120118376033334e-01 -5.488104926730749122e-01 -2.950109238493915376e-01 -2.491068527493257578e-01 -1.297868890171787193e-01 -6.515567690644349930e-02 -2.709599534046104319e-01 2.006276419950987211e-01 7.222335498650381269e-02 -3.454453771690050856e-01 8.073517258449175449e-02 4.106634110101503032e-01 2.162970185431924430e-01 -5.607746745058490856e-02 6.511437463507279144e-01 3.609093793308569831e-01 -4.809919153528938174e-01 5.799096348284945579e-01 -5.069127202950979988e-02 3.759100951736927820e-01 -1.233540025566084303e-01 2.496379913255901972e-01 -5.957967978995288849e-01
-7.553629964830675669e-02 2.192108473010418238e-02 -1.171436473383418164e-01 1.742019128236227676e-01 -1.572551950306229351e-02 -1.204832453130500747e-01 2.642883975560472165e-01 -1.261760269212419960e-01 -3.566211343954904522e-02 -2.352005386176827251e-01 3.268267641064037665e-01 -1.782962638839213909e-01 -1.381960248624720944e-01 -2.428459305271682411e-01 -8.066744447994143863e-02 -2.177622740199913060e-02 -7.513381836528071345e-02 -9.378023975240773469e-02 1.214106552648022419e-01 -1.832450559477739049e-01 2.903107594953389103e-01 1.130860992570434549e-02 -3.326120314595338856e-01 -1.984795922671375723e-01 1.730876257676183250e-01 6.122166775427866775e-02 3.594359625292727761e-02 3.302175291340919694e-01 2.593401752156473949e-01 -3.747528701496621178e-02 -8.563301620918598034e-02 1.133193770658383615e-01 -1.441380569000869361e-01 5.381187976158430947e-02 2.364544847389257187e-01 1.071004787032680955e-01 -2.917504572767745108e-01 4.820100811313164646e-02 -3.310405807164971126e-01 2.375926771083563815e-01 -2.773503352581851433e-01 -9.033220752252747081e-04 2.525819254622809762e-01 2.676550418455875269e-01 1.232531055536144893e-01 -2.286103003254372212e-01 -1.382032699115225693e-01 2.299119866078256913e-01 -1.449624387175992568e-01 4.368386928960165533e-02 9.052547983743446103e-02 -2.487657939196512846e-01 6.969582137464314098e-02 -2.577021961167448305e-01 2.701617094108011430e-01 1.442445269379460070e-02 8.161008381331710804e-02 -2.531734663660928364e-01 -1.059631032621401459e-01 3.316869009340795982e-01 -1.862436815009705093e-01 -1.548980011026343528e-01 -9.068511243295383772e-02 -2.371342111748266090e-01 -3.404097709293411878e-02 -1.314912296484447018e-01 -9.533264439427310832e-02 -1.331036440602982596e-01 -8.239435045109490263e-02 -1.619829583973621534e-01 2.438954430030939591e-01 -2.373716152503996535e-01 -5.039429335381328395e-02 -1.262188548578024594e-01 -1.579123233211706945e-01 -1.442955684620186863e-01 1.680656374589108437e-01 1.347470146747902775e-01 -7.782026429465896400e-02 -1.294755219105611643e-01 -1.218633699796354136e-01 8.599783291536264307e-02 -3.583567800808707543e-02 2.020923436539441287e-01 -8.033135235071506286e-02 2.403894163075826762e-01 -1.828285272252236915e-01 -2.001480634559492100e-01 1.812516827851785584e-01 1.463810240606761848e-01 -2.322954679969329791e-02 1.043816526678478240e-01 -1.905939601165075048e-01 5.537478457005169143e-03 -1.341918016789968859e-01 -3.011516139988053287e-02 -8.083410028372758904e-02 -4.673592365947996929e-02 2.913714741928946639e-01 2.649644724336840812e-02 2.396874369559697515e-01 -2.310874021277276036e-01 -1.053116801512357509e-01 8.455143831110542574e-02 -7.711473581200029015e-02 -4.861743299879355690e-02 2.098420676925958905e-01 1.163346158729312158e-01 1.374090124716096928e-01 -5.283077362109352831e-02 -1.442658780507650451e-01 2.976306031674699204e-01 1.690864627657820418e-02 1.509146579918784759e-01 2.798412636752697913e-01 -2.278588594811526424e-01 -1.533543649590891067e-01 4.824574229667036133e-03 6.641084723749290930e-02 -2.551253293754669471e-01 -4.694584451112633616e-02 2.256597771310348000e-01 -1.862634198234511540e-01 8.413919999848352982e-02 -1.487603077412079089e-01 3.314248830179323257e-01 -6.670911271545755528e-02 2.245221747730681561e-01
-1.699910133054374495e-01 5.650495094002047636e-02 2.327470904826285658e-01 -2.353873971529726883e-01 -2.074088818955087121e-01 1.038200926724134887e-01 -3.276809865136191546e-01 1.218320925206441974e-01 -1.270563708321457708e-01 1.900162232488724623e-01 -1.782962638839213909e-01 4.595739163962941354e-01 9.565755947424428585e-02 1.035994110780710520e-01 3.838997348263445408e-01 -2.546301559916244184e-01 -1.016609328057793693e-01 -8.291761296240465762e-02 -4.489352492087163998e-02 1.234059975763153461e-01 -2.288088484845952897e-02 1.689535494521031689e-01 1.180748321137193441e-01 -1.431173370296060510e-01 -1.099834259735171654e-01 -3.045365177576768723e-01 -2.167650794013357696e-01 -3.391169469243199841e-01 -1.763656059384810237e-01 -2.548475798306688023e-01 3.131285630705464285e-01 1.941078179125700284e-02 1.323650701529361928e-01 -1.528690639690804542e-01 -9.594871468655272184e-03 6.263714686235456741e-02 3.909543463506245931e-01 -3.214960315494350129e-01 2.382871136027366887e-01 -2.104321114494248635e-01 3.049429232284950331e-01 2.592266308136575437e-01 -5.199664439523071779e-02 -1.937168356363196953e-01 -4.480213563691747003e-02 1.897931357566728094e-01 2.810082409283178317e-01 5.211366596123730849e-02 1.228912274962580958e-01 -1.877973559353239286e-01 -2.303019300778219036e-01 1.855377563177898204e-01 -2.869254212309561014e-01 8.778245134302520292e-02 -2.467401746418756148e-01 -2.121776036384008524e-01 -2.778785967384098110e-02 1.542049158437615308e-01 2.151802578430821872e-02 -2.359827224513579291e-01 4.291181432319690070e-01 -1.732930705003271898e-01 1.161219135208345077e-01 2.302772536850029861e-01 1.709383829456215254e-01 -9.996535431523756454e-02 -1.220663198031009256e-01 8.047191886583032749e-02 5.393469319518303523e-02 2.428486006852049323e-02 -2.436686779128587332e-01 2.009138131762819857e-01 -2.651368281559762230e-01 7.453912191412330468e-02 1.216030424915991448e-01 6.447508582821467882e-02 -2.615726175340795101e-01 -2.526182955039779077e-01 -3.294690109668261310e-03 1.359190010158690121e-01 -3.516116794229409009e-02 -1.284451606872435148e-01 -1.733252903132769807e-01 -1.732582879851753688e-01 2.853182332282110101e-02 8.503477477320586786e-02 2.003792591866741801e-01 -9.450275535576407870e-02 -1.674460398624059709e-01 -2.010782348291167143e-01 3.944690527489719267e-03 3.160267890950275715e-01 2.412949133096659038e-01 9.927554607469139814e-02 -7.732380288034993929e-03 9.398619856984272158e-02 2.698968263795409328e-01 -1.291747009158309700e-01 -3.090802958313105808e-01 2.521946584428496063e-01 -1.670162706895553240e-02 2.374330537303949995e-01 3.947894592773658617e-01 3.357609539048664882e-01 1.363761006225998156e-02 1.007986366557979407e-01 -2.125263609438020895e-01 7.958526396927660673e-02 -3.754684786310346079e-01 9.166421672637564688e-02 -1.455265065984337296e-02 -3.672970288338477940e-01 6.831851119611537237e-02 -1.161209157649822354e-01 -3.423218809479133262e-01 1.646658249869945023e-01 1.174025823024136411e-01 1.456251204548141276e-01 -2.883397071630679487e-01 1.282524251504111312e-01 3.214632824213070061e-01 -3.438788567911713664e-03 2.255893507962433431e-01 3.837852943888658136e-02 1.733674785342996516e-01 -2.236620050653864156e-01 -3.192584373776169993e-01 -1.252499732338275273e-01
