3.191422704433740515e-02 6.013149220902480087e-03 -1.888057369403961516e-02 1.161100815683419746e-02 -1.032611417203204741e-02 -2.220691116794722836e-02 3.122722466982030126e-02 -1.090709215342706290e-02 -9.922610354940816432e-03 9.819018650873121562e-03 -2.897672224178890130e-02 -2.650894701593054653e-02 1.102527654486618047e-02 -2.672151759781332334e-02 -9.407383216438419335e-03 1.386491632992363846e-02 2.149398639499718391e-02 -7.538408771224800950e-03 1.272452234679149335e-02 4.647140442458241177e-03 5.511850823196089849e-03 2.096534853078316479e-03 2.041817724941000223e-02 1.884266119493124142e-02 1.804692211115573042e-02 -1.217403955218629083e-02 -1.164732316550590348e-02 2.418332307905097026e-02 -1.128450254894622883e-02 4.078718466538431425e-03 -3.013827735276504568e-04 -2.221067475689262119e-02 -5.609275786426208381e-03 -1.880681885889835814e-02 -6.721795859737482188e-05 -8.138617128532685263e-03 -5.148568751345765186e-03 -1.106324530486038279e-02 -1.219964546934658618e-03 -1.370509571948868438e-02 1.307856535935489166e-02 -1.239193630987589501e-02 2.125201815157445190e-02 -1.386248968147033890e-02 1.848786152889531163e-03 1.662387022585095492e-02 3.128204267639068253e-02 -2.916082082828679034e-02 2.121613830679016516e-03 1.674133810779504863e-02 2.335650485891254194e-02 2.313531468468262714e-02 -1.279484936505126229e-02 -2.958879154777550782e-03 -3.795412238433492421e-04 -1.081017786461805838e-02 -2.732832581053382115e-02 -7.533515824879611841e-03 1.998166852740919548e-03 5.784205693804302800e-03 -8.062445500455320962e-03 3.057223042136761500e-03 -2.166777374029679043e-02 2.246514599115900096e-02 1.101039194682998205e-02 5.842981514732652898e-03 3.491484515738797149e-03 4.706850903709803441e-03 -1.904796032377698012e-02 2.480695227562940836e-02 -7.548418220486676107e-03 -2.996953490047580757e-03 1.722355349762364971e-02 6.146051992608277288e-03 -4.739578267535409124e-03 1.382423505716147590e-02 -8.249351519976624511e-03 -3.695806238140877508e-03 2.040228435340321264e-02 4.413988584305560299e-03 -1.726047844597733416e-02 2.678954522189295334e-02 3.411581723631043010e-03 -2.118743407700688849e-02 8.952846428819523708e-03 1.148868667551271490e-02 2.126810662629563010e-03 9.482657503342839869e-03 1.249172363808664747e-02 7.984659638616614305e-03 1.985375006089531297e-02 -8.370292886935472645e-03 2.792544543196140081e-02 -9.182353671487907681e-03 6.163908546791957259e-03 -6.463197782353155736e-03 1.657235094617987362e-02 -3.085730561842485366e-03 -1.463956286338751736e-03 2.129814764827486773e-02 -1.294083706253597831e-03 2.363578179629920867e-02 -2.546763678892596805e-02 1.809288392332962514e-02 4.454010603090095659e-03 -2.164580285588210348e-03 1.290531293815523096e-02 5.904727037717779660e-03 2.462096355025736663e-02 2.623917950302475516e-02 -4.008572845361746927e-03 6.602056925582414776e-03 -7.192840670492813004e-03 2.129772884035277189e-02 -2.577341892960498867e-04 1.089989180475748297e-02 -1.137830167729136227e-02 7.319365224591244459e-03 4.628723643792686214e-03 -6.090466654816655868e-03 1.401713322963815504e-02 -2.133181054651241484e-03 1.300485091878661459e-02 5.164145223261527515e-03 1.234680682427007070e-02 5.149877145490275830e-03 2.192132966611655583e-03 1.293324049147218796e-02
6.013149220902480087e-03 2.193462660923362409e-02 -1.559590325831847202e-02 1.993083430474030041e-02 -1.846558760467206664e-03 -9.455920959835618575e-03 1.191333010077442502e-02 -1.642141860285802057e-02 -1.490200073085811219e-02 1.455090106952336253e-02 3.928162607740666619e-03 -4.103149900317727868e-03 -3.157367113701598817e-03 -3.573766523048983821e-03 3.353618690400709309e-03 1.103579967089377348e-02 1.039718861418300472e-02 -1.132333027170981041e-02 1.461496756245594074e-02 -1.184469388897709842e-02 1.496240715885387845e-02 1.801533154371426360e-03 6.310714710998094855e-03 -1.044230967154025210e-03 2.493989698260190395e-03 -6.612313237400295474e-03 -8.583006128909817511e-03 6.062687148395726026e-03 -2.144121171721986158e-02 9.702770476183375167e-03 -6.204497100029406423e-03 6.154794751172620957e-04 -6.251627509876999181e-03 2.341421650850701672e-03 -2.139914709409744195e-02 1.980174020875758931e-03 1.541541115029644929e-02 -1.446642933901473409e-02 3.187826423921108715e-05 -1.910838943792362785e-02 3.764809073744926435e-03 -5.259890926537190425e-03 6.310392078975645205e-03 -4.906874279995002749e-04 -1.132054351297981896e-02 1.444218224805058313e-02 8.270380566027532923e-03 -1.162188698817977033e-02 -1.014074921066150138e-02 3.878556607845146196e-03 3.401498892174812522e-03 1.100522219937676884e-02 -9.954367630643563836e-03 -4.634892216823805269e-03 -1.941881643150131231e-02 6.657820298396295577e-03 -4.585280859231934472e-03 -1.208451407955984588e-02 1.226478971101623711e-02 2.762383496379249969e-03 2.883891076278207247e-03 -4.402956771382656939e-03 2.991952284473646875e-03 1.629469760657226152e-02 -5.696590307789161853e-03 5.541188380070604280e-05 2.942239940601694328e-03 -7.072349081096382557e-03 -1.082393605588308737e-02 2.346323106029725349e-03 -1.195180281397773166e-02 1.686597836461031438e-02 9.914188870689219502e-03 -1.341972487283562328e-03 -7.544132077102642248e-03 -5.455659370021448233e-03 -4.822626264403421029e-03 6.901711448388792719e-03 -1.356301996215073186e-03 -1.034377164345564974e-02 -2.435373101433307985e-02 8.083182587845379533e-03 1.219041396431373107e-03 -1.316209370967947982e-02 -1.591588039243438737e-02 1.837671458457063034e-02 7.515209364427049427e-03 9.162472979279525157e-04 9.585219326544981667e-04 9.030955459581454722e-03 1.468050453362708223e-02 1.835907512081012480e-02 1.005017755552509856e-02 -1.123193032150219314e-03 -1.098399408532073308e-03 1.076509718491076677e-02 1.811770787125780227e-02 -2.017816449276128507e-02 -1.398698879792782332e-02 6.263343324317809796e-03 -1.052132777686360862e-02 8.221326952742023450e-03 -3.598521707939728899e-03 4.304871307106604081e-03 1.012213252321541961e-02 1.288095908158699322e-02 9.780771779084429518e-03 1.326406222440846411e-02 -3.525790857911926396e-03 7.806135529351124203e-03 -4.535145377800277149e-03 -6.052544504977917100e-03 -8.141225848476985050e-03 4.832572249876277044e-03 -3.718683785639824869e-03 1.958651368245835009e-02 -1.378496540145821188e-02 2.495380608870284567e-02 2.549596933175674214e-03 -1.281381449629375585e-02 1.529338286412936128e-02 1.419182756108988003e-02 1.497418033979529446e-02 -1.044071042582636957e-02 1.157540149622861064e-04 1.452307273565242411e-02 -1.835215212550407246e-02 2.029545946093701866e-04
-1.888057369403961516e-02 -1.559590325831847202e-02 7.313686729121378349e-02 -2.152004217162747229e-02 7.315561971310496382e-03 1.779784426986984885e-02 -2.745742975500952213e-02 3.458209349950176759e-02 2.485856931171779791e-02 -1.751783211260837456e-02 -5.334811559119341171e-03 1.655870693358188483e-02 -9.964157598345322470e-03 4.426885687202877784e-02 -3.009154177283455706e-03 9.511857892728322120e-03 -1.850518403724726521e-02 1.137725004222179398e-02 -2.492923258032263278e-02 -1.259221058977575032e-02 -2.037855313708954175e-02 -4.526611846892844744e-03 -1.535249381050803399e-02 1.938149856777694399e-02 8.778672448009711094e-04 1.640946103667545800e-02 3.383133716622957476e-02 -8.229419158631155057e-03 4.145733216686504907e-02 -3.237018106902845443e-02 6.573303124099310647e-04 -1.588756711475859673e-02 3.014659679273375831e-02 -9.860949687406266387e-03 3.387579408935006975e-02 1.751963625456965171e-02 -3.469346736546462945e-02 2.194047862019513073e-02 1.900665444891823375e-02 3.352622318986363953e-02 -1.201106328437310296e-03 1.654395870631441071e-02 -3.106540377709291270e-02 -1.563211926977935498e-02 -1.738186014164624926e-02 -9.647511312208466652e-03 -3.961002365757788912e-02 3.560796681063276709e-02 -8.864958526061011632e-03 -5.527358970750546364e-03 -7.117862306242716923e-03 -1.893577630187256652e-02 1.690483453668924219e-02 -1.112449182729045513e-02 5.973880558555386827e-02 -3.501041068412623358e-02 1.623812244452660369e-02 2.822185607605564792e-02 -9.609514362892809108e-03 -1.341082076964780073e-02 3.952041256068982746e-03 -2.100519600428938163e-02 3.369554761642397367e-02 -3.634291724049822786e-02 -2.302479433413035653e-02 1.333888955760499824e-02 6.038060675066954201e-03 3.186610020420498068e-02 4.930357140084536127e-02 -3.799237663583902164e-02 3.992003639397570525e-02 -3.770187469163261557e-02 3.573551736169433470e-03 1.161488574275631406e-03 2.838999187115591807e-02 -1.348642271280519299e-02 7.052652118698156739e-03 -2.283564051565719483e-02 2.278661200268057574e-02 -8.643568584975835911e-03 6.733540005485738611e-02 -1.027021597813493337e-02 2.669797612293999325e-02 2.580283732680462710e-02 2.890908112490297999e-02 -1.501230396222424067e-02 -3.504989770139620847e-02 3.830578137341521250e-02 -1.741804248114963913e-02 -1.419053218473120132e-02 -2.843787082634932281e-02 -2.346266301982277355e-02 -3.684605514455460695e-02 -1.890752007539609966e-02 3.103076012654907428e-02 1.545986171223824417e-02 -7.641377654129608531e-03 5.997013991229459273e-02 -9.520831303121743416e-03 -3.948798766904329863e-03 2.674147282336176643e-02 -3.713364623742572423e-02 2.087584748655631900e-02 -1.694116366830378945e-02 -8.181665001359538641e-03 1.130473274816901075e-02 -2.684923838282329139e-02 -4.029907355737092495e-02 -1.414983202105141169e-02 -1.114137243135266894e-02 2.107495488967288735e-02 3.016635611264438174e-02 -1.159824293664429504e-02 1.776207194661517507e-03 -6.377616718023306625e-03 -1.856946715052309668e-02 4.934756517727636321e-02 -5.046404044573560982e-02 -2.311454813936057381e-02 2.790594179465839299e-03 -3.030771824441554421e-02 6.086053026775221919e-03 -5.443167557447965016e-02 4.029812709294969784e-03 8.457692601882542014e-04 -1.639788874968491073e-02 3.952670476155663304e-02 -2.029606641327822217e-03
1.161100815683419746e-02 1.993083430474030041e-02 -2.152004217162747229e-02 2.235199488019325165e-02 -1.283621171973342448e-03 -1.739919172611116907e-02 1.457504248263608720e-02 -1.609588198153690669e-02 -8.687260814535479464e-03 1.675741429589435241e-02 -1.219576911265280676e-03 -5.328882845840099414e-03 -1.423563904543159210e-03 -7.505516386354543247e-03 4.627713159534521323e-03 6.089120084370559967e-03 1.846305555343702096e-02 -5.093902613379602297e-03 9.490418428157711139e-03 -9.365901183649386758e-03 1.407436070325138351e-02 1.160528638010422785e-03 9.074616524866073106e-03 2.528289515238165905e-03 6.691820265063579826e-03 -8.044640282940775447e-03 -1.244354728431152669e-02 5.568224246124189696e-03 -2.277816804068429068e-02 1.071770727109221631e-02 -3.834499920319459423e-03 3.255389853175288256e-03 -8.401836949861480469e-03 3.804647807522127702e-03 -1.699819285304353736e-02 -8.768974730932216789e-04 1.029727514323470171e-02 -1.415703298686420315e-02 4.542682782836727010e-03 -1.953677147648604645e-02 9.839989887369945259e-03 -1.340255722952164545e-02 9.088456537940360624e-03 1.703219814436300258e-03 -8.867242574400161989e-03 1.250265718502004478e-02 1.259415163362448582e-02 -1.114866821182974171e-02 -8.384042882544533518e-03 3.546568716224737447e-03 3.310044535663475215e-03 1.754834532007335662e-02 -1.710774360618382700e-02 -9.924115904518124309e-03 -1.714006528586261083e-02 2.531846543049349335e-03 -4.836760714013582478e-03 -1.339983360529101858e-02 8.570998765097533750e-03 -3.935194522472863082e-03 8.289880260895750655e-03 -8.449127887728951833e-03 1.936648898489165245e-03 2.201158693182387813e-02 -7.703379828746047264e-03 -6.372118164241967432e-04 8.802829851081358245e-04 -7.847216298375522814e-03 -1.313470494156831342e-02 9.235681350466942718e-03 -1.352655712290644352e-02 1.243834142068390124e-02 6.517114381146462548e-03 7.992949903657289683e-04 -4.135759485957920742e-03 -4.452711506913617674e-03 -2.141274483734690627e-03 6.058147498683610736e-03 -6.753312599642050996e-05 -7.987718145491965252e-03 -2.671161354531716159e-02 8.547206889604050048e-03 -5.072856550608366780e-03 -1.057506679764746993e-02 -1.012575145285948483e-02 2.003039653598917905e-02 8.478693617803989210e-03 -3.372597396510225443e-03 9.828031081781995332e-03 1.102908668180487169e-02 1.824977457057342170e-02 1.414749684522009256e-02 1.329908556024344234e-02 3.981711168295225603e-03 -2.810444740845786677e-03 8.730929220070430749e-03 1.991357579669650671e-02 -1.748063831933814247e-02 -1.178500917687892030e-02 5.029715166683317029e-03 -1.138646241542283846e-02 7.883161175183265104e-03 -1.004876717751606620e-02 9.475599498528677889e-03 8.490446767032509140e-03 1.058478517413177604e-02 5.443187508703458202e-03 1.499290457314398153e-02 2.616247279268599062e-03 7.361645478052485612e-03 5.620032695836922219e-04 -8.597679577340840498e-03 -5.247442792327843691e-03 4.487072156179074817e-03 -1.042908110480512789e-02 2.350529718440020135e-02 -1.590020633282109713e-02 2.179419697439062553e-02 3.444115434211986442e-03 -7.775790344566204000e-03 1.741935118605245428e-02 1.129514594253601574e-02 1.796500473102514289e-02 -4.989969159687093758e-03 4.411005710039610076e-04 7.272893194372315011e-03 -1.568387414195104509e-02 -1.224565674355282277e-03
-1.032611417203204741e-02 -1.846558760467206664e-03 7.315561971310496382e-03 -1.283621171973342448e-03 2.018587586404490403e-02 -3.399713947743357705e-03 -1.510212931642222582e-02 1.173997436588523902e-02 6.770705340925696654e-03 2.087682187812863344e-03 5.957069685685069220e-03 1.857373723337606662e-03 -1.855754288442728120e-02 1.693347913460040502e-02 1.220512497160707120e-03 -1.716305809715162108e-04 4.686467845654169670e-03 9.096680516568247596e-03 -6.761011732364378274e-03 -1.675979149170269897e-02 1.414697772185276249e-04 4.025318733117892733e-03 -1.293675195557679632e-02 -5.784539564896655495e-03 -4.381619316737066054e-03 1.053149583432189638e-02 2.133951668753738401e-03 -1.195028971044652345e-03 8.359049813917301952e-03 -8.015940772821480032e-04 -5.853020435458848245e-03 7.333515289212421025e-03 -1.131372906513775436e-02 5.371938684712355104e-03 1.380872820021337467e-02 4.150763454868588997e-03 -2.140018999858547561e-03 1.235427076724493478e-02 5.962120122983154483e-03 1.267961233189186278e-02 2.460920947884708346e-03 -7.803659218919083498e-03 -1.275305070425052263e-02 1.686143806785504913e-03 -1.560738192322966636e-02 -1.172437557693735595e-02 -1.803303441359735068e-02 9.645598870777382511e-03 -1.587281343365182576e-02 -1.984598554882771940e-02 1.362239223700478829e-03 -2.947854854764510226e-03 -4.817576198643718291e-03 -3.795422982236920390e-03 1.233365069650534411e-03 1.411633185572994716e-03 6.130785778700977538e-03 -8.034040684778634075e-03 4.614930855300748355e-03 -1.137787508213032595e-02 1.073123973577265466e-02 -6.726905550101763658e-03 9.250033538273985667e-03 -1.836770771213053211e-03 -6.808293377424826619e-03 5.255600291295731488e-03 6.857698942811794526e-03 -9.061055550185759949e-03 1.390152076594092755e-02 -9.031820801381240313e-03 1.009749550163530248e-02 -3.311947486866429532e-03 -1.371837248331366638e-02 -2.745357972504052033e-03 2.567428932714543258e-03 -1.876924330564842119e-02 7.413889495285620572e-03 5.904666009699863563e-03 -9.888476081632671319e-03 -1.636446878245488568e-02 1.126748501664332283e-02 -5.246679909286670884e-03 -1.675865745071985352e-03 2.329945073254783769e-02 5.835763740489037597e-04 -2.757609139659857739e-03 -8.023094588354257387e-03 1.792334224183326444e-03 6.612899458355236786e-03 6.879513392402141674e-04 -2.996683406529147570e-03 -9.529796782458620566e-03 -1.856785891410533615e-02 3.448617142044759377e-03 9.605706644962620083e-03 2.043665455529948202e-02 -3.756531947884463648e-03 9.585724964670237248e-04 -1.463469368228746161e-02 -1.884975633822440211e-02 -1.087255202583243228e-02 -7.532025220573819978e-03 1.948504104433793635e-03 -9.173571932556507866e-03 4.643812839967222279e-03 1.667245858915869863e-02 -8.509948211295467052e-03 -4.731020960589671885e-03 -8.159811855692939569e-03 -1.726447227694100648e-03 9.332908177282515927e-03 2.762898830471789170e-03 -4.393689031358533059e-03 -1.316063419915588714e-02 -1.102097384129409850e-02 4.064590680864317920e-03 5.481599929715471470e-03 -1.500652399371854399e-02 1.039140577368106999e-02 2.396208583391884212e-04 -4.792464552022769261e-03 1.593025283784006013e-02 -1.033877865235231786e-02 -5.809237118836283777e-03 -1.780244848259693313e-02 -8.508952837151372711e-03 -4.774914897829927486e-03 -5.067062850893483926e-03
-2.220691116794722836e-02 -9.455920959835618575e-03 1.779784426986984885e-02 -1.739919172611116907e-02 -3.399713947743357705e-03 2.946139501606898775e-02 -1.738803922991890086e-02 5.434386061384333631e-03 -2.347448577388333568e-03 -1.796889323190050194e-02 1.913048535338206929e-02 1.671000562968949152e-02 2.492518543007577695e-03 1.216543944853134586e-02 -1.648237896123633511e-03 -6.568790558890647870e-03 -3.135448534630788653e-02 -6.425574551507347472e-03 -3.784165002111399955e-04 9.646619446807010168e-03 -6.027632898793036306e-03 -1.903167215620850373e-04 -8.268867915341725217e-03 -1.242444949113708126e-02 -1.744857605412169013e-02 5.499211053391963970e-03 1.648969334144874399e-02 -1.535040560534977998e-02 9.758180433795629605e-03 -3.318345619728225657e-03 1.600993901332738037e-03 6.616004218117176212e-03 1.389991508545951153e-02 7.930741453665799204e-03 -3.787645380093246882e-03 2.891001863312014572e-03 4.323494534069611227e-03 5.876880590385254698e-03 -1.083073372312285884e-02 8.741306866722612853e-03 -2.187542928696101924e-02 2.435208182514437408e-02 -6.987408534077034841e-03 3.586481834912454581e-03 1.075470075946339740e-02 -8.525097735035961494e-03 -1.696565209905750646e-02 1.443011939885465410e-02 1.008289448113459073e-02 -1.406530959231773459e-03 -1.525552896460964300e-02 -2.489716443803678680e-02 2.423148819514393468e-02 1.364418068347964842e-02 8.321069801459792361e-04 9.701325267899239477e-03 1.324321531009387855e-02 1.618995119293125881e-02 -7.409670012334839892e-03 1.195552572110423865e-02 -1.055275046413057909e-02 1.103733136054200342e-02 5.186517047598739050e-03 -2.724241228545688787e-02 3.798370424719810668e-03 -3.499991207747672403e-03 -2.405228028996356671e-03 2.503572545363704632e-03 9.646456540935930898e-03 -1.533536535804265466e-02 3.559977640855051077e-03 1.880800060491589782e-03 -3.620810731846186431e-03 -4.636201404473061331e-03 -4.156507256616889454e-03 3.830591008465274866e-03 -1.033719721510553127e-03 1.702649924538602883e-03 -9.524636390679942777e-03 8.306895588738667097e-03 1.439950950483437353e-02 -1.766021919429122330e-02 3.327620149618501933e-03 9.147876841785711330e-04 -5.936841405844636536e-03 -1.430135711672260099e-02 1.487568580038945354e-03 -1.917423148172117935e-03 -2.251951386640524758e-02 -8.808916311005436650e-03 -2.259507226061548829e-02 6.694156904906552186e-03 -1.492082361796900035e-02 3.021597512320651937e-04 -5.967842056150189645e-03 -1.056568282242194463e-02 -1.777807336498144625e-02 2.176458033098406866e-03 1.329534869928499299e-02 -2.231250653192330680e-03 1.254638058685043044e-02 -1.021211006049598836e-02 2.203266193095234846e-02 -1.381319653841504153e-02 -1.136222437434012029e-02 -1.092242728133688799e-02 2.906029721836215444e-03 -4.424315790430566331e-03 -1.355286139868455697e-02 -1.729600215194428137e-02 -8.677254928948998150e-03 1.634753638234201891e-03 6.848886643008049793e-03 -9.561641039734170011e-03 1.867205839424315381e-02 -2.242384544412478684e-02 6.838739013717430766e-03 -1.943967752416628789e-03 -1.000552264461515399e-02 2.457315280242386869e-03 -1.796049335895963037e-02 -1.012019301023987967e-02 -1.181464547514909577e-02 4.257987694697921283e-05 4.317759772723958394e-04 7.196067029078255864e-03 2.856652464392089776e-03 9.342725771639900922e-04
3.122722466982030126e-02 1.191333010077442502e-02 -2.745742975500952213e-02 1.457504248263608720e-02 -1.510212931642222582e-02 -1.738803922991890086e-02 3.886273952013827304e-02 -1.792583863964035754e-02 -1.548075660621372508e-02 3.974979418444725063e-03 -2.464284611936470859e-02 -2.902172549118093789e-02 1.441351844308691107e-02 -2.614011844546405144e-02 -1.259301463710489448e-02 1.472477822121589022e-02 1.602230178228227983e-02 -1.887330661317218952e-02 1.790229390830435502e-02 9.688434854337931237e-03 1.132959248985450883e-02 -2.125372290082710395e-03 2.082094651261249055e-02 1.466238761085562024e-02 1.780123800061880757e-02 -5.416468696792265183e-03 -1.227355269243735232e-02 2.580587493505957786e-02 -1.872627047203165307e-02 1.104770845487131926e-02 -6.460589833842777033e-03 -2.595158566840765138e-02 -1.039979452453651879e-02 -1.566063768799039191e-02 -9.402639542411023177e-03 -1.984995215476940359e-03 5.014368973839541076e-05 -1.601247958474399241e-02 -3.309402473709753632e-03 -1.985937406713128225e-02 3.381560104768456532e-03 -6.478791410066814943e-03 2.554826698492998482e-02 -1.542293389550485755e-02 8.126875951508502616e-03 2.344011106735268204e-02 3.094769886215561344e-02 -3.260406158490549572e-02 5.252590353715370051e-03 2.068370441098147522e-02 2.414815259092824296e-02 2.494761204515371159e-02 -6.575963345015657310e-03 -1.989771477279177973e-03 -1.306316963675342897e-02 -4.740532869568549537e-03 -3.720161830750276510e-02 -1.299833999915909165e-02 5.133419063086184023e-03 1.461914331174197536e-02 -1.550067514384823042e-02 4.820752169341102102e-03 -2.510783650264290789e-02 2.408878891458024821e-02 1.232489572038232561e-02 -1.056159467223697539e-03 9.797440636565735161e-03 4.201127143609153028e-03 -3.088564121947685870e-02 2.419814490903064025e-02 -1.387480318124293538e-02 2.030527122477835886e-03 2.139544352694513693e-02 7.767047667685643766e-03 -9.587275167561283562e-03 1.992671921559164075e-02 -3.266123250591198950e-03 4.744104543393987648e-03 1.525809044514815291e-02 8.045546502179801857e-03 -3.030360147978136687e-02 2.742289024757848387e-02 4.812415036358794022e-04 -3.021513254608322943e-02 2.396079202761295344e-03 1.599133115811259692e-02 8.581583987054901622e-03 9.813244936476256397e-03 7.139126995471059729e-03 1.418967652928252061e-02 2.280462788947297537e-02 -1.112189898567171814e-03 2.668174086931458452e-02 -5.977774622869878873e-03 -7.901633640312749358e-04 -1.190177984254963892e-02 2.107500931645081566e-02 -1.522162167517370629e-02 2.691498315155781314e-03 2.159976717826104717e-02 -6.612164161592798406e-03 2.688555288549746708e-02 -3.058801860498615299e-02 1.060049042666649614e-02 5.378952292680374073e-03 -6.889242487103152367e-03 2.595879396665989186e-02 1.406153725827757363e-02 2.504467389057535992e-02 2.758635333764065597e-02 -5.574732963842532474e-03 6.391631396749138799e-03 -1.199657548042268318e-02 2.694484564974447202e-02 8.253416968344492663e-03 7.789611680488318576e-03 -2.182737532646341488e-02 1.789130635337870395e-02 8.827546453301688203e-03 -1.837726631356819199e-02 1.528589289813385432e-02 -5.674774347986220185e-03 1.634268843138675029e-02 1.196760047285989198e-03 1.502260905119844753e-02 1.764846050530917768e-02 -2.678826108990205353e-03 1.556726361928324059e-02
-1.090709215342706290e-02 -1.642141860285802057e-02 3.458209349950176759e-02 -1.609588198153690669e-02 1.173997436588523902e-02 5.434386061384333631e-03 -1.792583863964035754e-02 3.983408034599367209e-02 2.755394615884146359e-02 -1.430148775209882234e-02 1.083017210285351552e-04 -5.489828238268348176e-04 -1.059598350796669280e-02 2.898792401489863266e-02 9.150305566833601828e-03 -1.011365674785461846e-03 -4.699429272619496181e-03 2.205386468318304080e-02 -2.605994930578907354e-02 -4.403768202869242851e-03 -2.985361315826249098e-02 -1.061791141191564466e-02 -2.647538786552583109e-02 5.638458229122440477e-03 -2.885948972309630971e-03 2.814571265050976739e-02 8.466738439909455780e-03 2.830696746451894386e-03 4.300380452105896645e-02 -3.242569747253284257e-02 1.027845689338283998e-02 8.250177576058391937e-05 -6.028893803482515993e-04 -8.149812273027582515e-03 3.168057118369410619e-02 1.946198792881339776e-02 -2.826443719748808828e-02 3.298592868501928205e-02 1.755828837863407377e-02 4.247270143518631219e-02 1.947509636050284753e-03 -1.763872121868545733e-03 -3.409362448030081594e-02 4.735755681584139301e-03 -5.832265285032674218e-03 -2.043685369582059694e-02 -2.651155524231890714e-02 2.262633481517071013e-02 -4.427732886456120509e-03 -1.443026887700197582e-02 5.006415512398785898e-03 -1.091018513383869466e-02 3.144266157554198582e-03 -1.053717652822284967e-02 3.259901782798930309e-02 -1.987668018146983989e-02 6.841336079640602218e-03 -1.584658735728231233e-03 2.244695718003369056e-04 -2.231021060655522664e-02 1.602898543474970058e-02 -1.700047639839981709e-02 2.323393770274229109e-02 -1.239101026039537458e-02 -1.251340412616907226e-02 -2.164924300605170892e-03 -3.720942874567731255e-03 2.091609635852067356e-02 3.277852051602235528e-02 -2.537337521228986981e-02 4.185910089983599369e-02 -2.952804614279869178e-02 -6.282852963128198083e-03 -8.075680786065037725e-03 2.198647937667462873e-02 -1.050620335439208554e-02 2.212548985351459052e-02 -2.166148339012710297e-02 -8.384761690068648181e-04 -3.644498164405997852e-03 3.945031405570261634e-02 -2.802750315196142743e-03 7.929756125196160341e-03 3.661016688004652131e-02 2.391183342748320895e-02 -1.735570510148070136e-02 -3.664256350056834671e-02 8.950169190733383087e-03 5.199496344278609593e-03 -1.616876907660167242e-02 -1.228521388576559598e-02 -2.428226191468067091e-02 -2.813967624610221388e-02 -2.389508837774573062e-03 1.297939925191370254e-02 9.857715514280974978e-03 -1.562778583325266299e-02 3.678707253966843199e-02 -8.992691052902470738e-04 -3.199980220064919945e-02 -4.034339802633316215e-03 -2.259430281234477839e-02 6.753676784393190281e-03 -1.980850190858140375e-02 3.485803914296478796e-03 1.563632445538190238e-03 -2.794281721672658980e-02 -3.779811887246492530e-02 -9.313777557310312996e-03 -4.263881740342888630e-04 2.289857695768883136e-02 8.146983625036092330e-03 3.657801040222657257e-03 -7.112980251355281724e-04 -1.463573447954136415e-02 -1.264920777208613199e-02 4.073317510381665313e-02 -4.278675012199793792e-02 4.801270213267205822e-03 4.976836166348987643e-03 -1.138838579097132576e-02 -1.679911497999514967e-03 -3.229981168497544908e-02 -4.956353869344234334e-04 -7.032686348372277005e-03 -2.189825583854170324e-02 2.826775932923949672e-02 -1.954567113427559816e-02
-9.922610354940816432e-03 -1.490200073085811219e-02 2.485856931171779791e-02 -8.687260814535479464e-03 6.770705340925696654e-03 -2.347448577388333568e-03 -1.548075660621372508e-02 2.755394615884146359e-02 4.681402629899658607e-02 -1.615518425224168192e-02 -1.391476078116996593e-03 1.467841612044330953e-02 -2.863405157681519174e-03 3.264697402570600204e-02 1.066238988826007789e-02 -2.174929249930633232e-02 3.564482418598683821e-03 2.749140876031224909e-02 -4.484780290264595015e-02 5.169376155070748609e-03 -2.004327666453482523e-02 -2.082657319234387794e-02 -2.040105241627043070e-02 8.627630189176529324e-03 1.001821145420319324e-02 3.076722670818313188e-02 6.474194131914075973e-03 -1.564790885882720931e-02 2.761311544122397113e-02 -1.854494957319614487e-02 4.174278604687420811e-03 7.014681329395593308e-03 1.781750094446685195e-03 1.005333945136988212e-02 3.030599408169175335e-02 2.151926706916234416e-02 -3.608646206367106812e-02 2.050344246843783039e-02 3.411461039584201549e-02 2.809659582329950001e-02 6.236484566595492350e-03 -9.014532966343559439e-03 -2.687314575539914013e-02 8.516254656439082790e-03 5.583813530057462303e-03 -1.558384889268548366e-02 -3.035710815192987216e-02 3.985911918271137916e-02 3.098608282257529940e-03 -1.156879007797461702e-02 -1.381741199990708588e-02 3.472314286059811038e-03 -3.190655825954152869e-03 -2.854013285261572386e-02 3.395543288808697963e-02 -2.671996008333179379e-02 9.447612875263218871e-03 2.008160305955776492e-03 -1.058232779381234993e-02 -3.254061357281552019e-02 2.270750713493289302e-02 -3.395952909529931230e-02 2.907612746937749890e-02 -7.420560285111834839e-03 -2.975015377332739658e-02 -1.404065217983429398e-02 1.820176227832102586e-04 2.026352409225351883e-02 1.892114990144471917e-02 -1.973795806704385300e-02 2.420194310828470072e-02 -3.618200829835366283e-02 -1.604117668959252271e-02 6.842859520414312086e-03 3.574775417289387941e-02 -5.570284736076197389e-03 3.534722928537252506e-02 -1.146503647481245287e-02 -1.427974772339003990e-03 5.517382445906510863e-03 2.968914560143631406e-02 -1.690981586307069642e-02 -1.226582867394187225e-02 3.438183547887316976e-02 2.908862369932443265e-02 -7.093884494274812873e-03 -1.972203620188957285e-02 1.198028323096144094e-03 1.327162955838990729e-02 -1.566109584797306274e-03 -7.367125058691746317e-03 -1.950623150671191089e-02 -3.251948610478643670e-02 1.650500970353299679e-02 -1.814140544833912688e-03 -3.889600439057954248e-05 -3.395886976128203744e-03 3.970036492044863585e-02 8.625350353009306192e-03 -3.049453751924399020e-02 -6.233974817855005273e-04 -3.850428042442837623e-02 -5.960282928532704624e-03 -1.746619356671473902e-02 -4.711267640584828990e-03 -8.056241382330946860e-03 -3.172537576185534280e-02 -2.098890487722617978e-02 -2.137617214689128096e-03 -1.906901073808730390e-02 4.004241133811379388e-02 2.484699883418756052e-03 1.530108960841527945e-03 -2.248546298415816122e-04 -2.410923958034987338e-02 -8.013666749161700575e-03 2.500454031532730464e-02 -4.019246545165908874e-02 -1.579637926089296667e-03 5.957422593108416958e-03 -1.188653278955496655e-02 -1.242112943678878520e-02 -2.831268944235226792e-02 1.027185073330084443e-02 -2.128865465199634207e-03 -3.080935108517722509e-02 3.393959497819468846e-02 -2.135590057984283405e-02
9.819018650873121562e-03 1.455090106952336253e-02 -1.751783211260837456e-02 1.675741429589435241e-02 2.087682187812863344e-03 -1.796889323190050194e-02 3.974979418444725063e-03 -1.430148775209882234e-02 -1.615518425224168192e-02 3.265886197069666624e-02 -7.587008043655329038e-04 -4.439031280154512836e-03 -5.440281256521981544e-03 -2.094294476614471864e-02 1.229248267548871745e-02 1.036630022080178674e-02 2.183292961332987739e-02 4.915991562655916414e-03 1.546244169878079749e-02 -1.840799488606933293e-02 8.036748183213229119e-03 9.698872390791120693e-03 5.886682287461567423e-03 -3.373190083731089639e-03 3.205256524999234701e-03 -2.591091878165789966e-02 -2.080133627486465200e-02 7.053384042196943204e-03 -1.501783771366281030e-02 2.997548421676053069e-03 5.650557380124198240e-03 7.193334964693719885e-03 -5.857784925559466303e-03 -7.463154984834892945e-03 -1.752496575123365513e-02 -1.394386247347139535e-02 2.367747282350158092e-02 -1.278983850470256922e-02 -7.077840069404350495e-03 -1.695712666154159526e-02 2.240474693153328770e-02 -1.545100794177591691e-02 3.175730910287720074e-03 6.768816379860431720e-03 -1.910062934741566659e-02 8.453908802577724327e-03 2.194338079316959442e-02 -1.836423059116945936e-02 -1.293400956595199859e-02 1.380046670050776589e-03 5.069924080497638028e-03 7.394431840615687222e-03 -2.122614606004094573e-02 5.223821099738761541e-03 -1.296336631756205178e-02 1.135291002191905242e-02 1.010148155175573555e-02 -1.070444167928288892e-02 1.675232075540649193e-02 -2.391565167256885435e-03 9.189300170791621369e-03 6.129395798331280579e-03 -4.092555507512781257e-03 2.171854903702970588e-02 6.252884966838383012e-03 7.965611436319687891e-03 -1.211038021176782942e-02 -1.311916763615721300e-02 -3.339331018860001304e-03 8.644528250964778754e-03 -1.073589566981797069e-02 2.595206555680729110e-02 4.710853220506345043e-03 -4.875307975017268911e-03 -7.990311094389534324e-03 -1.143671930028048421e-02 -2.157087674334712962e-02 -5.979273560483898235e-03 3.138719135562336848e-03 -1.465527605508099886e-02 -1.678177041986324627e-02 1.233979039271156965e-02 7.848986495339957056e-03 -7.237564037815710782e-03 -1.842209898424835082e-02 9.631731643997705136e-03 5.015056032505261011e-03 -1.059243122173559454e-02 1.001055144360289521e-02 -3.856394226037628686e-03 1.849786180618490442e-02 1.479956010769330373e-02 2.607645674825216989e-02 -9.942765303218610920e-03 2.233331566926106179e-03 1.643554150973913774e-02 7.733545239257242146e-03 -1.576118006927161239e-02 -1.965499928884026012e-02 8.180757495586523514e-03 -8.684339467022373152e-03 1.557985171356039873e-02 5.445393919310481667e-03 2.213260453395926586e-02 1.796763535920507110e-02 1.844163357413349316e-02 -5.823357588274733973e-03 5.159498818359395216e-03 -5.580253639508596548e-03 1.059927478799446536e-02 -1.481745237738568526e-02 -1.544228986302318384e-02 3.808004136877545139e-03 -2.724237745340732288e-03 -1.205929418955890668e-02 2.670693355780901987e-02 -2.628853912441883340e-03 2.325358880065468009e-02 2.558840789008557000e-03 7.484767962351278336e-03 2.594468706627978821e-02 1.975013149517367006e-02 2.640753450805816485e-02 -1.124138498509805184e-02 -3.055403099541201609e-03 -1.188143046955047934e-03 -2.166766375036898243e-02 -5.793835237926823860e-03
-2.897672224178890130e-02 3.928162607740666619e-03 -5.334811559119341171e-03 -1.219576911265280676e-03 5.957069685685069220e-03 1.913048535338206929e-02 -2.464284611936470859e-02 1.083017210285351552e-04 -1.391476078116996593e-03 -7.587008043655329038e-04 3.948215408751694355e-02 2.522566442260228484e-02 -8.046526955107335261e-03 1.358945251288730914e-02 1.818884849761786063e-02 -1.627675259159290858e-02 -1.813992490096291363e-02 4.709640203383438743e-03 -2.059113268707990756e-03 -2.186428344869810903e-03 -2.005117424559655498e-03 -5.356013356078428642e-04 -1.768951210727163353e-02 -2.833231568326647840e-02 -2.513107029946873641e-02 4.354884226787216449e-03 -4.961773643206894915e-04 -2.408342073547057108e-02 -3.223555434264874838e-03 1.981760017596112880e-03 6.298191765377624853e-03 3.649296599927825263e-02 -9.077710059468339877e-04 2.463445466440961074e-02 -2.011167097175269383e-02 3.485438335017983832e-03 2.152111697983375219e-02 4.366729159276043493e-03 -6.098097151299105428e-03 3.011090453562037007e-03 -1.330501863606858848e-02 8.150773874962307514e-03 -1.552606884059234797e-02 2.637664979070038218e-02 2.432227511366245702e-03 -1.513052766790509880e-02 -1.810244931199194579e-02 1.897793740342578264e-02 8.264990109908865483e-04 -1.489308530809969888e-02 -2.511539976369247043e-02 -2.098054113621143288e-02 5.570950822020824533e-03 6.504409072338553609e-03 -2.351307897716218773e-02 2.536971760223647593e-02 3.071006339375804972e-02 -1.904383115429048859e-03 3.197344476272040870e-03 -4.318867341609997773e-03 1.305188863076683740e-02 2.433128884664367917e-03 1.891019128256182097e-02 -9.949812052542677393e-03 -7.141363910023343538e-03 -1.188954382575805636e-02 -1.365371877282582115e-02 -1.479360117406695527e-02 7.360580938770343827e-03 -1.660352970312541088e-02 -3.437433584432431424e-03 2.088307221403764777e-02 -1.589296432033787676e-02 -1.310080966965921669e-02 -5.978435002524741526e-03 -1.232288059081371699e-02 4.292162721446592978e-03 6.277817175683225552e-03 -3.208118201422662658e-02 -2.454536450281440824e-03 -8.088259530394943664e-03 -2.549423981100217701e-02 -1.130101021796817325e-02 1.282049133813895764e-02 -2.400803762974694847e-02 -5.105207660172037323e-03 6.765809568318914731e-03 -2.765441730006690246e-02 -8.723757575479253179e-03 -7.906686796881966239e-03 -1.164646590437145440e-02 2.574839367757257927e-02 -1.378702522139928915e-02 1.626341604806178995e-02 -1.923294027438226042e-02 2.656969881433110005e-03 -1.521352282280116590e-02 -1.924106628478566144e-02 4.031563795386176353e-03 -2.302085390592527314e-02 -8.458738091509054174e-03 -1.333251091261696865e-02 2.790771480558142462e-02 -1.194766946441492249e-02 -6.801240982500858512e-04 -6.317745168947005302e-04 -8.617630361743270143e-03 5.005270665176758324e-03 -2.728184748684667899e-02 -2.530481998234252600e-02 -5.831224851413463472e-03 -2.387823771058200303e-02 1.722427352191603298e-02 -2.498852272360849863e-02 9.157755431125638127e-05 -5.243406246142051771e-04 -8.799730480264691262e-04 1.649286459476457037e-02 -6.477264479321908491e-04 7.873027286185947660e-03 -4.507343293779722147e-04 1.397386291608518176e-03 8.614107357376879145e-03 -9.114983869392079274e-03 -1.224436066308850005e-02 1.831068520453289121e-03 -1.905962671133154887e-02 -1.927805582427051870e-02
-2.650894701593054653e-02 -4.103149900317727868e-03 1.655870693358188483e-02 -5.328882845840099414e-03 1.857373723337606662e-03 1.671000562968949152e-02 -2.902172549118093789e-02 -5.489828238268348176e-04 1.467841612044330953e-02 -4.439031280154512836e-03 2.522566442260228484e-02 3.940976690506134417e-02 -1.619929884149148413e-03 2.037561731300245940e-02 1.085661987797278960e-02 -2.264589902555142267e-02 -1.694226297119573454e-02 1.076190746947723771e-02 -1.726802772574030295e-02 1.599006172290513058e-03 4.592176293792620228e-04 -6.325641583849524619e-04 -5.544723469787684114e-03 -1.057937004425470173e-02 -1.351789855492880645e-02 -3.881839491834248018e-03 1.428529206338736805e-02 -3.766899998411360473e-02 -2.897472538383397220e-03 2.416079426972666221e-03 4.253310910622703708e-03 2.935282274714566889e-02 2.142899017640863268e-02 2.791553298847805967e-02 -6.159893761585567666e-03 -1.855335259957675235e-03 1.686032372780454144e-03 -1.606039765014826955e-03 5.661089973895194749e-03 -1.307207007311535609e-03 -6.459534982597417777e-03 9.139155058910211279e-03 -9.275672201849266899e-03 1.570069173203582011e-02 3.573851148253268453e-03 -1.268100260850034411e-02 -2.339431732205542874e-02 3.585706218417750168e-02 5.159198750027639210e-03 -8.344984969723233739e-03 -3.814190883159349760e-02 -1.653718137038616420e-02 6.014446975086823466e-03 -5.275889180977212135e-03 6.656455606875998597e-03 3.219889049290975466e-03 3.825286904745147515e-02 2.217314593004280146e-02 -1.556734802059890101e-02 -1.143395120062779338e-02 1.309688834108554273e-02 -9.827185090125740638e-03 2.582041298115503314e-02 -2.187188971891354181e-02 -2.057994458264120891e-02 -4.510834467158407468e-03 -1.021133087624426922e-02 -4.365719300597699186e-03 1.613417483802146585e-02 -1.478909413295045883e-02 -6.480233911564619968e-03 7.856662292619973759e-04 -1.698247074236850299e-02 2.510940463790621493e-04 9.481728537833057635e-03 -9.464984570867517391e-03 1.984197885566746714e-03 2.709758578937194236e-03 -1.136556759518172338e-02 2.995347304863454126e-03 1.377565515548648083e-02 -3.449687387892348689e-02 -1.106573470245604714e-02 1.129393458731206730e-02 -4.673625318581098829e-03 -3.605165607972268035e-03 9.783324060257793039e-03 -1.385828762102139788e-02 -9.973179108415808000e-03 -3.042604552484113548e-03 -2.067998468022158934e-02 1.563870306418569875e-02 -1.830284388882711180e-02 1.569692678372975117e-02 -1.132674406371519428e-02 -2.193635320455820503e-03 -8.377252065649711324e-03 9.410028927018710895e-03 7.395170798015744153e-03 -5.247938501190136003e-03 1.703478910661771276e-02 -3.048773955807411104e-02 2.627074062677342559e-02 -2.733691029417722931e-03 -1.638535311816641596e-02 -3.381192629504003490e-03 -1.805669272523240804e-02 4.570973888980652856e-03 -1.837188070944872909e-02 -3.910342296921304195e-02 5.718763766624914563e-03 -1.079117519159549302e-02 1.254463457331122384e-02 -2.332097654075851456e-02 -5.087293992580260715e-03 -3.178837254534309324e-03 3.684689373939851846e-03 -7.661058987921219978e-04 -2.241275531404577498e-02 1.734120406049340091e-02 -1.508863963474570483e-02 -4.512867876750216965e-03 -6.739975402788964121e-03 8.084775481139628781e-03 -3.742281404761924144e-03 -1.118611834217578607e-02 9.692816635102613878e-04 -9.321324247614561423e-03
