3.606342914036103076e-01 -3.894477912540504627e-02 -2.098125278405433766e-02 2.286702974397625265e-01 1.483806374310195630e-01 -4.979824143443773582e-02 8.633380593784743817e-02 -8.838747459565353404e-02 3.895949840752432197e-02 -1.844584903171728463e-01 -1.398502990470698315e-01 -1.308080438136300649e-01 -4.824604793940633074e-02 2.470792609234638837e-01 -2.645019249798512551e-01 1.979453563825894491e-01 -2.136897004999465111e-01 -1.800436642600662012e-03 -3.683085971166245864e-02 -4.913210269042009998e-02 1.811834682063695814e-02 -1.287497905125085662e-01 1.706756169853344274e-01 1.013980579332211807e-01 -1.563461616240985896e-01 -6.519047790436920120e-02 1.448834643935621447e-01 -2.686008723842599200e-02 -1.929823779867831934e-01 1.313876387643820864e-01 -1.278999342787530968e-01 -2.267245548676100342e-01 -7.673811767189092636e-02 1.966742001203744539e-02 -1.843202284704399674e-02 -7.683474698844670880e-02 -1.087072884033438991e-01 3.539888307207433860e-02 1.399477940442809820e-01 -1.588712058223579748e-01 -2.428904720899429173e-02 -1.909252081928382860e-01 9.518850051037265267e-03 -1.882831366961773278e-01 -2.238994566194285607e-01 1.373970259016665252e-01 8.660848387855706390e-03 -8.382545128008238311e-02 -6.117983242875443817e-02 2.061611537968408847e-01 1.488598415395352495e-03 1.555176702893997231e-01 2.241352434843987829e-01 -1.105899465792473807e-01 -6.649830452482172194e-02 2.437580241830939742e-01 3.647477320293684294e-02 2.206933899033268753e-01 4.571479731136538632e-02 -1.677608389263183231e-01 -1.176276361839480172e-01 1.213895967861409048e-01 -1.196733867227180309e-01 1.226979112838047226e-01 -2.115950655000170266e-01 2.839094004222372236e-01 2.780250120546626236e-01 -2.178336978992209336e-02 1.052703318770589619e-01 -6.369748437482343484e-02 6.819490686230562926e-02 -1.892137190022918636e-01 1.825813477949243258e-01 -2.531508559875422087e-02 -5.490143951238850295e-02 -4.425296598521611530e-02 -2.454621447008675881e-03 1.432872148935322720e-01 1.600180674610155451e-01 -8.232964017354285624e-02 2.559105062548197584e-01 1.216427065002360780e-01 1.438828289477666056e-01 -1.109384254949618148e-01 -3.112335998424280853e-02 -4.515896966046935995e-02 -1.279661196549124469e-01 3.027814162655704799e-01 -9.032138483801949169e-02 2.248967388003253465e-01 6.049166416359553350e-02 -1.662426053483560262e-01 -2.068428747313193761e-01 -1.764082706751937332e-02 2.435202411876940254e-01 1.364538516460549467e-01 -4.116277796868539687e-03 -7.470106512931398712e-02 4.917718466505691804e-02 -1.330755522846314466e-02 -3.613859832653530668e-02 -1.985974123212353448e-01 -2.549919555273096328e-01 -2.545359908500312573e-01 2.822365337673323621e-02 1.254505026084778985e-01 1.322681920071087647e-01 -3.400137093376384700e-02 1.927736544594000623e-01 1.383714434266253290e-01 1.054469728213509871e-01 3.837357181947835538e-02 -1.224420724906430530e-01 -1.646479970927697267e-01 9.655176746875492044e-02 1.605871609823409374e-01 -5.108229028174804398e-02 -2.119960618322042079e-01 -1.877903776240676809e-02 -1.306312820954020071e-01 -3.070825031963430596e-01 -2.106659825445941422e-02 -2.347993179622488991e-01 -5.808243585583298951e-02 -6.026199499710451629e-02 -1.741015017826207656e-01 2.985829434161612478e-02 1.496850332879711420e-01
-3.894477912540504627e-02 6.507480097896747306e-01 3.681568237116859543e-01 -2.535134891290803383e-01 1.983536285826561218e-01 4.182000272741194236e-01 2.265746592497173417e-01 -4.102977334804127629e-01 2.819416431820757213e-02 2.358064731302168537e-01 4.424661256638231371e-02 1.560657228632557347e-02 4.044838999436124460e-01 1.612418283218009507e-01 2.449306325302839371e-01 1.034679963691335913e-01 -5.753538713234609275e-02 -2.611574240144570180e-01 4.020928006173589697e-01 5.072733451090466472e-01 -1.214023870972993080e-01 5.180789879120214492e-01 -1.517892466454050411e-02 1.518913974823329904e-01 3.978487102344061555e-01 -2.649289796873553482e-01 -5.460940936528669853e-01 -6.477616924140273957e-02 -3.030038188626841822e-01 2.614132158075206380e-01 6.359103058882337178e-02 2.489859481662828333e-01 4.753578370401765896e-01 -2.915462591145537852e-01 -7.470764031062518407e-02 1.411446786507532247e-01 -7.275375099217386288e-02 -3.447242491562835243e-01 -6.576015734872896201e-02 -3.072444540572592531e-01 -1.361545141632972133e-01 4.813456792508041260e-01 -1.113287572656900259e-01 -3.107252991992694446e-01 2.901973813171051519e-01 2.492159263468693708e-01 3.173054951120101719e-01 -2.267211584251505041e-01 4.349588938718031983e-01 1.115913976721475409e-01 -3.806689057526811970e-01 2.410127959870909942e-01 -3.927526076658596210e-01 1.975518536265654934e-01 -5.818689951098632990e-02 2.141608679513172520e-01 2.615835466067948922e-01 1.387527774381031587e-01 -1.309477507443178035e-01 1.155710711752459402e-01 3.976048965395018869e-02 4.669352300068068673e-01 -4.313919284513573760e-01 2.913844869727582054e-01 4.384597849343158660e-01 -1.662217686204915112e-01 -1.815079083605894983e-01 -2.514293002089410534e-01 -6.413868924475397970e-02 -9.269160984285687577e-02 9.329931343782418840e-02 2.133478065326288031e-01 1.715575090755808996e-01 -2.343337530653615830e-01 4.171063393412270948e-01 4.658866648020154599e-01 -3.673829135512567401e-01 -2.217128614881601345e-01 -1.018073615103510521e-01 4.442682269630318648e-01 -1.990469739159111962e-01 5.229032937359662236e-01 1.750478072836701704e-01 -2.698036348030288800e-01 -2.760470067371442182e-01 -2.402882479568608787e-01 -1.276464249765012493e-01 1.485494882357687729e-01 -2.474890718768286146e-01 -2.961972261977568466e-01 7.642395014563240115e-03 3.413206325986960499e-01 1.510462905276752088e-01 -8.532504805159088490e-02 -1.256750466479874817e-01 -1.334641437448607360e-01 3.428299434363238918e-01 -2.187454385043100247e-01 1.315419416030977062e-01 2.776586428088687053e-01 -6.811653961148017578e-02 1.926416639691235222e-01 2.708064793021278116e-01 9.063804135643228899e-02 -1.458417223304607768e-01 -1.077999370101081628e-01 -2.311459118755946063e-01 1.290703693751939773e-01 -8.535501744587592476e-02 -9.003928892295232078e-02 -3.415043890232167811e-01 1.735268624289199868e-01 -2.124503596971217059e-02 3.798891084646018879e-01 8.925990763560166796e-02 2.399404922756285807e-01 4.338076388402474781e-01 3.350087539547065285e-01 -4.254727549970074851e-01 1.851639650189290942e-01 2.232695756513753682e-01 -3.165581753233323026e-01 2.207336299004362123e-01 1.836567373789355084e-01 4.148858483361388960e-01 9.334857438702133525e-02 -1.264414912080449316e-01 -2.173264079074968547e-01
-2.098125278405433766e-02 3.681568237116859543e-01 5.263262964375218234e-01 -2.145899668899555190e-01 1.084747098268305787e-02 3.258957156678008449e-01 -2.122062244103079809e-01 -6.264908674586672221e-02 8.594349876587838166e-03 2.763337061924034943e-01 -2.340023800494784589e-01 2.907879935196953092e-01 3.203893343213468636e-01 4.402787785853815583e-01 2.770163731248179162e-01 -1.518127218092110153e-01 -1.891989616018750486e-01 -1.253871709802556744e-01 7.900450973473534255e-03 4.243713603662764844e-01 -1.454536699090065166e-01 3.461136713175187452e-01 2.397880357226608861e-01 2.275700693701407026e-02 1.818067899988388691e-01 -4.639336287625929756e-01 -4.121098627149844540e-01 -4.906112018355624493e-01 -4.990338605183475273e-01 -5.767160633685790294e-02 2.138249442801823108e-01 1.622720171238457576e-01 3.812016080252589312e-01 -4.319307646291805636e-01 -1.782870872150537078e-01 9.932330142626842606e-02 2.732480972783281614e-01 -5.020170349396041454e-01 3.647151992770504281e-01 -4.904262338204122829e-01 2.161617224090979228e-01 3.530319907989434847e-01 -2.190538831391450891e-01 -5.183218558722912928e-01 5.753634437208717672e-02 4.455260731854498446e-01 3.632200428186955210e-01 -1.677784838410925905e-01 3.495514153039244731e-01 -5.792140642494810615e-02 -4.070337253181265935e-01 4.664380480507772653e-01 -3.645235911951165142e-01 1.503263437997514052e-01 -3.377465161930260917e-01 1.874735310936297139e-02 1.540816253741466579e-01 3.577917038848006936e-01 -6.242412495049670662e-02 -3.532073919401324535e-01 2.958704656986915760e-01 1.601728643822392106e-01 -1.166340124931382616e-01 4.896224102190968597e-01 2.891212001023254485e-01 -1.159524688863151909e-01 -1.609747266842862234e-01 9.931973351650091875e-02 1.597634141914454700e-03 -2.599029699616168393e-02 -1.561456702846154010e-01 2.672470412040436338e-01 -1.028201315624369255e-01 9.718091591857917766e-02 3.594301198541785536e-01 3.379543438969718760e-01 -5.738126296565067008e-01 -3.149103676370053617e-01 -4.147772598888383594e-02 3.474452739388709244e-01 -1.137175566277618538e-01 1.423026536210538762e-01 1.606358077158411349e-02 -5.303442888713769676e-01 -1.407929309796783490e-01 -2.060412909780212076e-01 8.497523366835542380e-02 1.848419606353152445e-01 -5.136963419977599310e-01 -1.896674436579265932e-01 1.723568276302903379e-01 4.072802735117019846e-01 1.753798148343182761e-01 1.014376062126280398e-01 -6.904764327387903633e-02 -2.588780496873635192e-02 3.528719021264712374e-01 -1.296696457129336566e-01 -2.435713978529087387e-01 3.348564964215712814e-01 -1.876928311676002992e-01 2.707690004212290336e-01 3.263155129511303154e-01 1.588614829897593561e-01 -9.572624825999145881e-02 -6.151647440799755742e-03 -2.449381125971452910e-01 1.520104370093186552e-01 -2.661410771715960744e-01 -1.026223366999108556e-03 2.600098947222154525e-02 -3.021637858208331417e-01 -1.330276215745337942e-01 8.724477064363092560e-02 -2.681801270557500061e-01 4.350005863370103865e-01 3.713443226865090208e-01 2.974139833858923110e-01 -5.522743551550710617e-01 1.713133937122764960e-01 2.325640520437980419e-01 -2.798196819967674887e-01 2.217642039375640750e-01 1.274628726306383242e-01 3.610951848515763785e-01 -3.625014010769556094e-01 -2.578800703341249667e-01 -2.538395915849007700e-01
2.286702974397625265e-01 -2.535134891290803383e-01 -2.145899668899555190e-01 6.469711759155249986e-01 -1.521761356240269349e-02 -4.005135330996719700e-01 1.918934496308688786e-01 -2.799506747869887416e-02 -1.518906723563843153e-01 -5.925282500173073563e-01 1.952355642838942973e-01 -2.102924302453735295e-01 -4.209692510479295380e-01 5.914863620818558432e-02 -3.181476231892609863e-01 -5.728979050393984140e-02 -5.194300663542339436e-01 -9.972540723066014579e-02 -1.974775263834823713e-01 -5.153330769839818970e-01 5.766085722213720732e-01 -2.795639374192052107e-01 -1.903755314447074520e-01 -3.320234870273757743e-01 -1.215358951784922120e-01 -1.415290543773482235e-01 3.776958365915801252e-01 2.046024007773390163e-01 8.932973242415005732e-02 -2.673309976913497144e-01 -4.295430011213327570e-02 -1.422608707587346977e-01 -4.807001085010895181e-01 1.313401151425059865e-01 2.980469283047155749e-01 -2.276119145327080984e-02 -3.232275888015536669e-01 3.543789907942792444e-02 -3.917244161554475808e-03 7.996270827838683481e-02 -1.944599872703228205e-01 -3.409825551567944868e-01 3.517174847342534050e-01 9.260738746677897593e-02 -3.091827420000413662e-01 -7.253627424513239830e-02 -2.126293952826230349e-01 3.618982794411630954e-01 -4.516240029763126662e-01 2.487929817103514130e-01 2.573883714589821903e-01 -7.962606996683746496e-02 4.172264268220843841e-01 -6.820169951439719602e-01 1.087149980319104953e-01 2.128995802067073229e-01 8.788640011312061351e-02 -1.589504181581621184e-02 4.286989789313712385e-02 -4.730279564637290129e-02 -2.362691914864074316e-01 -4.791667291333865375e-01 -1.955948475627212677e-02 -1.029585155734477481e-01 -4.744499369090395269e-01 1.080348583349216018e-01 1.432243004161544986e-01 2.728543565929725245e-02 -4.369553223323253965e-02 -3.049081045256883948e-01 3.443876210089029666e-01 -5.757015455499374657e-01 -1.826314481792158662e-01 1.680925525058890591e-02 -4.542973347222608038e-01 -4.802885513571592546e-01 2.208875707846394698e-01 2.802688099397960264e-01 1.961262129378952071e-02 -4.422014596839631273e-01 1.516515146342337084e-01 -4.328723725364765768e-02 -1.198040135990725667e-02 1.199990139542322226e-01 -3.694535898411079738e-02 4.822591841147604308e-01 -3.116738717818469673e-01 -8.631582354003602964e-02 9.337390029719072615e-02 6.336518248453201219e-01 1.412352211583263184e-01 1.095233542315188213e-02 -5.711166566302219305e-01 2.079633626467936036e-01 9.244773701047510894e-02 2.488336043787864049e-01 -1.690218455640795647e-01 -8.283511737136829700e-02 2.505033245898228289e-01 1.197951619780874416e-01 2.572482473381875745e-01 -5.448511370402943088e-01 -3.470749759303941584e-01 -8.460086375450720508e-02 5.681465970769087465e-02 1.975813830437625762e-01 5.264484750934207424e-01 2.066002788933423429e-01 3.383521277298419117e-01 1.928378328536260455e-01 2.087828448168814188e-01 1.539339963229852393e-01 -1.617902632610237756e-01 -2.840809223735458744e-01 2.893353107147240699e-01 -5.448201449383893030e-02 -4.454879860466027797e-01 -2.554308780499354170e-01 5.081333250518137168e-02 -6.785105306841878736e-01 -3.658249383121368603e-01 3.879553001227642461e-01 -6.596996675829333023e-01 -7.735465044211205232e-02 -3.993868058160326417e-01 -3.513455142410744358e-02 -2.143137872877412808e-01 5.379918737914840543e-01
1.483806374310195630e-01 1.983536285826561218e-01 1.084747098268305787e-02 -1.521761356240269349e-02 3.204040779472393519e-01 5.439785553946852731e-02 1.569346700041039100e-01 -1.929834591243158592e-01 -3.703348284139788057e-03 1.146667780855183255e-01 -3.103112869836419097e-02 -2.143153861235595203e-01 5.898856854440259756e-02 9.989450301920610453e-02 -6.928527220235417006e-02 3.058149098791076437e-01 4.924857962104038644e-02 -9.326154421618836066e-02 1.532527618697739902e-01 1.014942818095267846e-01 -1.365420124885299846e-01 1.054252048818115767e-01 6.064232111411117093e-02 2.612872263130643358e-01 6.421200931763169917e-02 6.838333867001263056e-02 -9.175154614598782232e-02 6.950405430690619057e-02 -1.715083404058728722e-01 2.965254571848530141e-01 -1.121845486132739822e-01 -3.853197038527510221e-02 6.513549980781194182e-02 1.272262728236480712e-02 -1.333345001185554934e-01 -1.663112668301009733e-01 -7.479938392809054593e-02 1.128476597738937298e-01 -8.306353567872369397e-04 -1.493293165845421266e-01 -9.462732541091503635e-02 3.638383964819421473e-02 -1.332714296985750557e-01 -1.727223241871540804e-01 -1.847181931558000006e-02 1.311544430424654295e-01 6.475178226851874795e-03 -2.392492461578593632e-01 6.092791301910217838e-02 1.370374046365234744e-01 4.488832179388715926e-02 1.403746441052036720e-01 8.780798523535483444e-04 1.472039118754321363e-01 -4.031153960066013314e-02 2.633474798079643575e-01 7.624938246371823491e-02 7.227445395554578378e-02 1.237326006195743761e-01 1.371510507884859606e-02 -1.736218426769676471e-01 3.473566190355616978e-01 -2.154567691891704773e-01 1.324537971919187429e-01 1.690485910822355289e-02 1.223928033595075432e-01 1.121018373109983618e-01 -1.621290988498150509e-01 -1.115241320699811300e-02 2.816169176369875266e-02 5.329479971521405152e-02 1.095023691609787742e-01 3.329432917382037505e-01 -1.545281286268117560e-01 5.558699377509030565e-02 1.049329791497279618e-01 -1.671859245838232255e-02 3.547697603160581553e-02 1.047137021342379841e-02 4.728760686478911818e-02 7.251923855567135591e-02 2.468138033281713772e-01 3.010653463720622258e-01 -2.372520528639650642e-02 -8.365884819715217746e-02 -1.861347538995044848e-01 -8.000024550461914963e-02 1.886188920092929100e-01 6.308304361598973675e-03 -4.082645040814814053e-02 1.521185980965665020e-02 -1.570882631124294881e-01 -1.088645570031609479e-02 -1.350693864152710255e-01 8.239721068172158047e-02 5.300880428902426944e-02 -1.581209617080945110e-02 -1.557563143439616958e-02 5.085564577530429786e-02 -4.824718339595980565e-02 -1.437912186360834066e-01 7.838617799949783305e-02 -5.662519932621747076e-02 -2.165256422491606270e-01 1.119935024892415171e-01 6.433717284931993186e-02 -1.038884148886216711e-02 -7.071207285192664116e-02 1.456427211866071492e-01 8.701811128633195336e-02 -8.039636490093547694e-02 1.185483789236363161e-01 -6.164980203319251478e-02 3.699617780155092100e-02 6.578329742414924797e-02 1.437072354611384772e-01 6.453568746727554595e-02 -6.174538914492983324e-03 4.519578763485417039e-02 1.119323546947565279e-01 -8.219438104294758685e-02 -2.399498447121586886e-01 1.372179135905410123e-02 -1.251543709268267413e-01 3.266261566448722814e-02 1.523632017702149016e-03 1.066732059930470822e-01 -1.398640530472893551e-01
-4.979824143443773582e-02 4.182000272741194236e-01 3.258957156678008449e-01 -4.005135330996719700e-01 5.439785553946852731e-02 4.949640561143383022e-01 -2.807987207095533067e-02 -1.205105932255532142e-01 2.239920619650933309e-01 3.805655672184813376e-01 -1.483267168717265216e-01 8.498096297718550629e-02 5.060891396537225972e-01 1.938559308347176657e-01 1.703507184515773154e-01 2.548874098584061679e-02 2.127917096021368915e-01 4.307886821906437014e-02 1.917958020288772769e-01 6.147436708327460586e-01 -4.446627474920020751e-01 3.267149862918682368e-01 1.988223997668401299e-01 2.767028763751215870e-01 2.570479630069903432e-01 -9.034083175881461869e-02 -4.057261030550904368e-01 -2.674030238045489449e-01 -2.229529792194570315e-01 2.768064870910770248e-01 3.822883310563290199e-02 1.796776356836885247e-01 5.629340176608814694e-01 -2.553962279162407256e-01 -2.925785897911745148e-01 1.487101547060051543e-01 7.645131259510250243e-02 -2.506826347215758699e-01 7.104154806998906613e-02 -1.949658777683963562e-01 8.623235440647257499e-02 3.232940277046829070e-01 -3.241902485078227980e-01 -2.246717420548633437e-01 2.758468558367455636e-01 1.678841299073745574e-01 2.310639897416033595e-01 -3.206696299696585872e-01 5.287670279481355706e-01 -1.283857596076177880e-02 -3.850248626589065637e-01 1.790575996656247337e-01 -3.466697297737056926e-01 4.354843434717628470e-01 -8.683596276201409336e-02 2.076986228873656248e-02 1.134444080892680617e-01 2.211292235121736227e-01 -1.707007427160545654e-01 -2.733765094901330350e-02 1.036469692760684652e-01 5.275988767518815514e-01 -1.526902362716727191e-01 1.917176905246328333e-01 4.113108144568003999e-01 -9.204133082626850260e-02 -1.246026399676416763e-01 6.257804933510351976e-03 3.236185692478411868e-02 9.644074568029234462e-02 -1.036289113506768111e-01 3.558238348376184801e-01 1.409531311325795122e-01 1.505798406836150911e-02 5.328792034947483769e-01 5.705498381533531393e-01 -3.555426735908485680e-01 -2.839399447041709434e-01 -5.089655479925791169e-03 5.232654397031258897e-01 -1.476233623621693858e-01 2.475591722902102665e-01 4.617798003306169963e-02 -3.470393412106589914e-01 -1.352607138655385344e-01 -5.005796513514086943e-01 5.702149229203262726e-02 2.471794121813410683e-01 -3.337330000932055007e-01 -4.091838376173536074e-01 -6.186879610958082726e-02 1.043074610839805211e-01 3.160017471813376666e-01 -1.041646377158670506e-01 -8.268012367738845902e-02 -3.010753127249591876e-01 2.138094804338823152e-01 2.261063819992110632e-02 -3.528962447153807108e-02 1.386041826057364187e-02 -2.560013894383242339e-01 3.195115747795719829e-01 2.037940283254743024e-01 -1.966079147022764539e-02 -2.024805765213717468e-01 -2.610603649139522919e-01 -4.248266943779415161e-01 -8.131451498661906863e-02 -1.414381158030816876e-01 -2.549624961353862407e-01 -1.466197932001169213e-01 -6.934396754431671438e-03 5.113363813796246299e-02 3.285780821641299809e-01 -6.184027114857604951e-02 1.602516112906183510e-01 5.377334870354559815e-01 2.691627126299447337e-01 -3.055938180377543723e-01 4.226025021639151502e-01 1.952187033069624211e-01 -4.076481256274752107e-01 3.958123288168216014e-01 2.035890886844710645e-01 4.862493816976605210e-01 -4.483931860166369410e-02 1.706759686029804546e-01 -3.636755034461325864e-01
8.633380593784743817e-02 2.265746592497173417e-01 -2.122062244103079809e-01 1.918934496308688786e-01 1.569346700041039100e-01 -2.807987207095533067e-02 7.532553551493441635e-01 -5.491395009438595487e-01 1.861439593111948940e-02 -3.785439852557319074e-01 4.442448865208861175e-01 -4.416045343661610945e-01 -5.470819684738226218e-02 -4.505088799139197464e-01 -2.608615285522022376e-01 2.918279948853064742e-01 -3.235435034748693553e-03 -1.732000650083350690e-01 4.721829339098294054e-01 -1.058265394681866811e-01 3.557322620534911772e-01 5.015610577937824888e-02 -4.355330516571536137e-01 -7.391111755327292587e-03 3.295413474139679555e-01 2.597126023770040537e-01 2.758482698036110112e-02 7.366874036707040663e-01 2.989400538018014419e-01 3.120801838417393559e-01 -3.982700208968140143e-01 1.344794284731445633e-01 -6.474357035003180938e-02 1.285619372270554173e-01 4.537774764622839463e-01 1.447901018062041911e-01 -6.390025833571101321e-01 2.526522187296964539e-01 -6.798072466514439860e-01 2.789397902893736569e-01 -7.017376820975352869e-01 -2.117254877597674403e-02 4.823654671126019200e-01 3.206195761082403228e-01 3.577277639272364862e-01 -3.074871170637272777e-01 -9.207191802335593089e-02 5.754656930377354679e-02 -7.083832284001334578e-02 2.777057708803267189e-01 8.133204717348939405e-02 -3.406081647437692039e-01 1.868851113470405001e-01 -2.361687294759126643e-01 4.331384343979680640e-01 2.366679171114759173e-01 7.145896630176055975e-02 -4.882401850055542725e-01 -1.931795763819025014e-01 7.030516457562862032e-01 -4.221766202919448596e-01 1.786757913774413842e-01 -4.973696817627885070e-01 -3.232836347360257823e-01 1.232502498134757096e-01 -1.051604612662128679e-01 -4.762766656043166541e-02 -4.741679838026298666e-01 -1.488800456423121921e-01 -1.657972322779181218e-01 4.209308467753412053e-01 -4.047571219684297228e-01 2.836629889505581925e-01 -4.508622370264351864e-01 -1.000915038913617466e-01 -2.450484038795641695e-02 3.222452778822365027e-01 3.899086239612370997e-01 -1.153809984547879697e-01 -5.998814947669309922e-02 -1.480794520032730488e-01 5.223477366106390463e-01 9.985999562862037104e-02 4.218425474245559026e-01 -1.015186579668776179e-01 1.734140504487892698e-01 -3.420935081634595143e-01 -7.990930501827490928e-02 4.326561090124128039e-01 1.105239082494226532e-01 -7.573035063078098483e-02 2.359872884286631778e-02 -2.582197090525600314e-01 -1.800154480196123619e-01 -1.372843670818819917e-01 -1.094656096073737817e-01 7.495599965165993493e-03 -2.659666518570335536e-01 6.252512917730684849e-01 -2.764550922771632276e-03 4.579004036357188223e-01 -4.195602980753876388e-01 -2.940030836281347093e-01 -1.003528005258743500e-01 -1.450294976433331162e-01 -1.194244821944508150e-01 3.401112182032181575e-01 1.315240267697310173e-01 2.986075486242261157e-01 -1.092991172843497810e-01 -4.416231108914231429e-01 7.568629317643013055e-01 -8.560226590613962891e-03 4.585038853513093149e-01 6.175949641085296538e-01 -2.922916416980600451e-01 -9.982290365112682362e-02 -1.745685566381649859e-02 2.164609269745326192e-01 -2.689418917391634967e-01 -2.148240202946072597e-01 2.323266541425831333e-01 -2.332628473642930078e-01 1.597866292073196470e-01 -1.107491876157818272e-01 6.771747327376635983e-01 5.977499230463497598e-02 3.627344555462507225e-01
-8.838747459565353404e-02 -4.102977334804127629e-01 -6.264908674586672221e-02 -2.799506747869887416e-02 -1.929834591243158592e-01 -1.205105932255532142e-01 -5.491395009438595487e-01 5.656804272897831831e-01 6.513466617670329861e-02 1.555121785059847273e-01 -2.095795165953123484e-01 1.893960853132106159e-01 -9.218451793057651222e-02 1.712882829867743428e-01 1.891503074216901656e-02 -2.456824922720185489e-01 1.201787677532813597e-01 2.837570285939910453e-01 -4.628116860251243470e-01 -1.023725744834506068e-01 -2.427826744107915158e-01 -2.471642378314189425e-01 2.198171368860130648e-01 -5.474895370528615191e-02 -2.976970820932159922e-01 2.619495981847873300e-02 2.048867532763969102e-01 -3.986262401694111168e-01 6.689676971749411449e-02 -2.626656092663670061e-01 2.056551607809664062e-01 -1.375789860585387436e-01 -1.153097004815245019e-01 6.069172360303762975e-02 -3.231443653880654021e-01 -9.475292791387252000e-02 3.480010325035285401e-01 5.117053246891433392e-03 3.686506316852588006e-01 9.087004706958859424e-02 4.834906344690799163e-01 -1.895719950125127895e-01 -3.189829426800098733e-01 6.274618223032406295e-02 -2.843893390332600801e-01 -2.928007989174674988e-02 -1.743977893550109903e-01 9.358640653766565898e-02 -9.720379700688151769e-02 -2.408089313556030231e-01 1.162866573387662111e-01 -6.665519006809905896e-03 3.465986404912280161e-02 9.575779740350408298e-02 -1.261220365843977453e-01 -2.662529669708467162e-01 -1.115449620158651123e-01 2.311849542878939290e-01 1.043651695323766782e-01 -3.970795362325609257e-01 1.665560143103375634e-01 -2.604602939590272004e-01 5.481743925734353651e-01 -4.687093606086627229e-02 -2.647477161518854150e-01 1.048165502165546853e-01 8.138036231161870082e-02 4.423447937512844930e-01 1.261896019239337752e-01 1.310004042379277478e-01 -2.456584608924103352e-01 1.765206592395221763e-01 -2.469518493623686362e-01 4.226426885134298428e-01 -7.109045346685009814e-02 -1.240116187845831386e-01 -5.723898585718154366e-03 -1.866739468390341827e-01 1.200229849186905118e-01 -1.066155807225091234e-01 1.300325578789950642e-01 -5.770148737063339750e-01 -1.531977209603134493e-01 -1.474438932488810750e-01 1.339218451267313037e-01 -7.746502033373085794e-02 2.275602499918402133e-01 -3.002581351975887325e-02 -1.823361713886361424e-01 3.476936129646109735e-02 -1.201085111941846070e-02 -2.131223010808957208e-01 9.835008353199337083e-02 1.345326472665397399e-01 9.226468091045218756e-02 7.596749401325308786e-03 -2.458519595708300864e-01 3.784943806487125473e-01 -3.661767130078726895e-01 -2.150865478414210052e-01 -3.091531397674176507e-01 1.817787333318772180e-01 2.396456491093760036e-02 4.402891885556262791e-03 7.985054066425371910e-02 3.731170434380948978e-03 -1.695417147820983683e-01 -1.865977101071390198e-01 -8.782041086756905979e-02 -1.368383725729277814e-02 4.166715012202078516e-01 -4.710731422376210897e-01 6.481731224560127735e-02 -3.726542013938116682e-01 -3.466019936080474984e-01 -3.455380424137508705e-02 -7.404153225617997325e-02 -1.186663917203000795e-01 6.841327178132053377e-02 1.174460630955844603e-01 3.919797337233502793e-02 -3.352020113879557173e-02 7.101859983367611595e-02 -1.213209396932857093e-01 -8.321389381645014072e-02 -3.706724149526687828e-01 1.433156764564539887e-01 -1.646606809379350667e-01
3.895949840752432197e-02 2.819416431820757213e-02 8.594349876587838166e-03 -1.518906723563843153e-01 -3.703348284139788057e-03 2.239920619650933309e-01 1.861439593111948940e-02 6.513466617670329861e-02 3.373833217665396234e-01 1.114333921648947845e-01 -2.882327011092033001e-02 -1.304316462108493779e-01 2.489232668990760400e-01 3.864182996492279004e-02 -1.872974663067997203e-01 5.785541966485843735e-02 3.023624475862524141e-01 2.548058507242904613e-01 1.503082019699757306e-02 2.820522467217123630e-01 -3.603121729667299045e-01 -3.518097129143698404e-02 1.076755329030446434e-01 2.078469322426016452e-01 1.204155017290924612e-01 1.977670371504678670e-01 -1.530312797609326494e-02 -2.694897337217098260e-02 1.024566037246878308e-01 2.451143751796598935e-01 -1.675109650884563373e-01 4.015578532555594271e-02 2.527297381843261470e-01 -3.485629632301500552e-02 -2.180187947158088169e-01 1.432299105434715891e-01 -1.176135074924760798e-01 5.448407480648055634e-02 -7.993533769948625578e-02 1.506163948822757115e-01 2.929334521672814773e-03 -4.824913378782860751e-02 -2.060629168259934807e-01 1.201567984468342176e-01 1.748433160406760167e-01 -1.258665322623477578e-01 -8.337334837866353099e-02 -1.477166662587142965e-01 2.450117368564902476e-01 -2.593653883794493423e-02 -1.238308694401538262e-01 -1.131460961089794798e-01 -5.421456701999717749e-03 2.618767869961083350e-01 1.538736469904483095e-01 -4.983918203811305014e-02 4.917329639663806963e-03 5.845887159816132161e-02 -2.130818591120090533e-01 9.740716590397903440e-02 -1.141282808227699064e-01 3.443241271482422317e-01 5.646731726413951186e-02 -1.468885173363977947e-01 8.427296703313115478e-02 4.783630105673802174e-02 4.129183654770677420e-02 1.009292357552768332e-01 7.399554549057103803e-02 1.090558898579042646e-01 -1.708362128078867032e-02 8.496928446310458849e-02 1.526668754394307215e-01 1.053417805258461404e-01 2.573357991214937912e-01 2.987520543814354834e-01 -1.589913877480236132e-02 -4.259249867033527981e-02 8.426653040120887783e-02 2.275870555258233396e-01 -2.557590543926290677e-02 6.470990365515981446e-03 -2.468151281173832853e-02 -1.217883688198281855e-01 -2.797066645802121290e-02 -3.893783136360693953e-01 1.419121258415208774e-02 2.108537662208219698e-01 -1.400797149628239535e-01 -1.512329416761469536e-01 -8.230537484923683422e-02 -2.091663303644894223e-01 1.068538990801673749e-01 -9.530767528700180569e-02 -9.382259339709066864e-03 -3.242813161863301596e-01 -9.854311538607547771e-02 2.202563811927580328e-01 8.774241366180646207e-02 -2.674561190020879886e-01 -1.701659777947957253e-01 4.207102508651112960e-02 -1.756033221109700448e-01 -1.812267343447488410e-01 -2.290665551596544891e-01 -3.063915478026884021e-01 -2.165133890265728001e-01 -1.777356062777201151e-01 7.475162032109362864e-02 -3.073424587493512883e-01 1.760042686956325708e-02 1.151189567004969466e-01 4.504608623503666975e-02 2.286650480965108367e-01 9.628339238550931434e-02 -1.166378015514060867e-01 2.595378906598779789e-01 -9.300066025653199245e-03 3.712964965719985078e-02 2.444208566452230336e-01 -9.253407150345226151e-02 -1.600762471786917329e-01 1.677742527078665280e-01 1.823005981933412400e-01 1.747721507940918906e-01 8.321442136627053843e-02 4.078525887730137245e-01 -1.380225776406195370e-01
-1.844584903171728463e-01 2.358064731302168537e-01 2.763337061924034943e-01 -5.925282500173073563e-01 1.146667780855183255e-01 3.805655672184813376e-01 -3.785439852557319074e-01 1.555121785059847273e-01 1.114333921648947845e-01 7.189207714260082982e-01 -3.188964945584591981e-01 1.997034566832079916e-01 4.095915212105666336e-01 1.767127053200705789e-01 3.497036228400874358e-01 4.997056569770534640e-02 4.599494038184316902e-01 1.131699745521711070e-01 2.416687090381032521e-02 5.321201837237071741e-01 -6.789203861365207260e-01 2.698979024515673619e-01 3.335075576000264830e-01 4.015304516519587752e-01 4.748377149436591727e-02 5.533125622929439130e-02 -3.672604875538190150e-01 -4.544877403520639625e-01 -2.584731311525119701e-01 2.344290298060393019e-01 1.654928185080023206e-01 9.769733921719360448e-02 4.677051023713023614e-01 -1.642664353636782149e-01 -5.302575508303269958e-01 -1.370395014374468368e-01 4.563444993883245537e-01 -8.033409841929177453e-02 2.829569101126937491e-01 -2.339949509390944482e-01 3.884217979304462331e-01 3.075193164242283062e-01 -5.860660761640971161e-01 -2.730814293390700920e-01 1.180985839379157659e-01 2.334974018334790014e-01 1.624100005659246115e-01 -4.305231412288671455e-01 4.411934052347951662e-01 -2.226940039902823021e-01 -1.883929312481574803e-01 2.565040249932210026e-01 -4.211923164700200339e-01 7.140413699622522037e-01 -2.783901673690981071e-01 -1.192256834562484963e-01 -3.528995456045962847e-02 2.425921784571385131e-01 1.225371739148156391e-01 -2.394491027213667966e-01 2.274095561997788173e-01 4.857488668126028197e-01 1.166278022061200820e-01 2.650817416882728095e-01 3.569521102443081739e-01 -4.132045885249331640e-02 -9.860368177496771358e-02 1.279472068939011553e-01 5.773300509763899802e-02 3.055942888049563155e-01 -3.789171792806124150e-01 7.171543215758343637e-01 1.701435352234682008e-01 1.305281510932542743e-01 4.518921406731525314e-01 4.712213790162360083e-01 -3.338201210884483294e-01 -3.941962219715826055e-01 -3.064145614305443643e-03 4.291779740237651741e-01 -8.236978661972665927e-02 -5.541950165434132020e-02 1.295497818489076414e-01 -2.930580392075629592e-01 1.193592216146759782e-02 -5.803339441006686306e-01 3.171675326033275288e-01 1.584861113733075089e-01 -2.666093692782369740e-01 -5.680257434263393801e-01 -8.348814916968878841e-02 -8.978658501930399105e-02 5.447070692777685741e-01 -1.519146546523457153e-01 -3.460963381999729305e-02 -1.637616577588887901e-01 7.959961415107595639e-02 2.098085966129540347e-01 -4.005273199359807856e-01 -1.357829801056745500e-01 -5.023066789300589807e-01 6.786186211768141519e-01 3.919772615194745402e-01 -1.787123777433545849e-02 8.472858560064400191e-02 -1.106737922078325081e-01 -5.644278497498925740e-01 -2.643425280513843623e-01 -2.809448264482747315e-01 -1.017284417316983297e-01 -1.063224015629349838e-02 -3.523616925134921418e-01 1.181617930159819391e-01 7.588904180676163402e-02 -4.264770393459680342e-01 2.175516348780012765e-01 4.521926819575479706e-01 2.631085951998662908e-01 -1.093056318882009575e-01 7.013824873622178657e-01 3.654912507722603010e-01 -5.746715024843837005e-01 6.211810896526438475e-01 -8.172034867571986716e-02 4.044870226597795382e-01 -2.411497368265086982e-01 2.300020448998454092e-01 -6.817344901287676340e-01
-1.398502990470698315e-01 4.424661256638231371e-02 -2.340023800494784589e-01 1.952355642838942973e-01 -3.103112869836419097e-02 -1.483267168717265216e-01 4.442448865208861175e-01 -2.095795165953123484e-01 -2.882327011092033001e-02 -3.188964945584591981e-01 5.485037510751722412e-01 -2.877574376587546112e-01 -1.717395660671442448e-01 -4.982999219695071758e-01 -1.033197234381272173e-01 1.876588391510921813e-02 -3.925528369330184668e-03 -1.164398453022250923e-01 2.784372155569893592e-01 -2.495403983952830529e-01 3.860073414645177614e-01 2.240944980252467661e-02 -5.543488402382968916e-01 -2.731715925805061618e-01 2.478858391662051852e-01 2.067516144680522083e-01 4.443979806397464760e-02 5.794285980083823118e-01 5.138343490754725407e-01 3.568690423532489692e-02 -1.518789456900950796e-01 1.609032656793908667e-01 -1.796169104017859841e-01 1.399160980034712953e-01 3.634148362501008478e-01 1.786691016122803621e-01 -4.771800420433786050e-01 1.402741447609922310e-01 -6.250972643826669950e-01 4.745969162202969827e-01 -4.394976932889287369e-01 2.139022466089339491e-02 3.853342816117460989e-01 5.324150502580544675e-01 2.432889526291024396e-01 -4.574249002682069243e-01 -2.442620939969417371e-01 3.598675755700112555e-01 -1.797112533761036079e-01 5.246701171163657001e-02 1.402180936682041468e-01 -4.980104608317827974e-01 8.917530029905468281e-02 -3.091386801876714885e-01 4.968691062039368722e-01 -1.478210359157512005e-02 1.071117359615706977e-01 -4.451281109477970843e-01 -1.781545909601067179e-01 6.373325546423473931e-01 -3.073066513757980456e-01 -1.595421528868408156e-01 -1.372644453521054408e-01 -4.710152832323571959e-01 -1.696797251547186615e-03 -1.951336228859003319e-01 -1.324375563549446411e-01 -2.615147957317983662e-01 -8.266813739293787933e-02 -2.433565588436197857e-01 3.811907751159734903e-01 -3.270447140231579342e-01 -9.095919725400872236e-03 -2.444341570237134331e-01 -2.092366594629553322e-01 -1.743698056904681160e-01 3.282398981327548926e-01 2.108921752092006996e-01 -8.398096046598266251e-02 -1.528261631696701817e-01 -1.839491088527811513e-01 1.546275567221551683e-01 -6.235399221781291745e-02 4.014444808884335969e-01 -1.263975740160171723e-01 3.330416901518383765e-01 -2.944668126398983232e-01 -3.272176264414582425e-01 3.655164823915186822e-01 1.388371083541332374e-01 -1.496255155830764627e-01 1.016614836537756139e-01 -2.325639961692005375e-01 -7.252368694473686206e-02 -1.933775407408438174e-01 -7.927526149292060675e-02 -1.472727064715272094e-01 -6.500470702986214933e-02 5.004861864791663173e-01 -3.939447524572794318e-02 3.817373547958765045e-01 -3.225994835298932606e-01 -1.457934430659944269e-01 1.288805940932936100e-01 -1.242235732255788233e-01 -1.055221066517380707e-01 2.669503220919947628e-01 9.036036166722413721e-02 2.158705206675491650e-01 -1.124662267515445235e-01 -3.265251147906064189e-01 5.380122273203258310e-01 1.292950620974119280e-01 2.704084354565691184e-01 4.752777051821437948e-01 -4.574000939462372628e-01 -2.012224384250753395e-01 -6.558581943172612019e-03 1.722370179334467011e-01 -3.114083522024047590e-01 -3.667638281624751445e-02 3.426731219823168084e-01 -2.224262179326423061e-01 1.425791179557577837e-01 -1.945388731730720577e-01 6.386314860649355829e-01 -2.645176729837407301e-02 3.247411864505971857e-01
-1.308080438136300649e-01 1.560657228632557347e-02 2.907879935196953092e-01 -2.102924302453735295e-01 -2.143153861235595203e-01 8.498096297718550629e-02 -4.416045343661610945e-01 1.893960853132106159e-01 -1.304316462108493779e-01 1.997034566832079916e-01 -2.877574376587546112e-01 5.463596284929405078e-01 8.553075517950975426e-02 2.717095305178872655e-01 3.790775138762722540e-01 -2.962638719199338078e-01 -1.729379287523003794e-01 -6.222629265466591425e-02 -1.588196423057121054e-01 1.185836996483250472e-01 -3.571038724374519385e-02 1.411439778909651666e-01 2.416656653363037643e-01 -1.364575340765804834e-01 -1.672904105445733869e-01 -4.072922105926774505e-01 -1.997835187323163952e-01 -4.738562868437713460e-01 -3.128504813943358553e-01 -3.391804819363919421e-01 3.641815066451135618e-01 -1.876476967860967945e-02 1.194953918972887913e-01 -1.983606319951702612e-01 -6.111134527074946893e-02 4.498640785629690747e-02 4.973342971955626579e-01 -3.868464987446204040e-01 4.188053170372503797e-01 -3.393086245836554049e-01 4.107007102134042076e-01 2.278664271977933475e-01 -1.038490983031209458e-01 -3.325431458265239448e-01 -1.359444239937744048e-01 3.242024065025629342e-01 3.409788653172688422e-01 2.230214423593157927e-02 1.132439678326587346e-01 -2.070025941514683221e-01 -2.531991067660725458e-01 3.252379512442586385e-01 -2.829910763498332815e-01 6.842223247947049058e-02 -3.718849605383228729e-01 -2.080817200291416869e-01 -4.279190829571534460e-02 2.667325849830098350e-01 4.584063105546222483e-02 -4.213278228267260395e-01 5.195883990284234644e-01 -2.184746396333440421e-01 1.702873010560819467e-01 3.641658907934278155e-01 1.150528394627752388e-01 -5.093332655728692593e-02 -8.528947090922189833e-02 1.622254289000470417e-01 5.422176177777185413e-02 5.115545054080610637e-02 -3.136737582726669138e-01 2.099604844363135436e-01 -3.136195931836661122e-01 1.519210987577697403e-01 1.174891476591748002e-01 4.490209747191803435e-02 -3.381653105535885051e-01 -2.934117024203424240e-01 4.270729652232807712e-03 1.201610963163855517e-01 1.840385586351692138e-02 -1.947823644868202086e-01 -1.763429908106581845e-01 -2.812896448371433045e-01 5.283382448600629916e-02 7.901998901409015841e-02 2.555109865971503247e-01 -3.213468095985241163e-02 -2.821707585050694522e-01 -1.598421973095945081e-01 1.011196126271892703e-01 3.301821785379236984e-01 2.360076603950571061e-01 1.830563092441901962e-01 4.254984118411100219e-02 1.403107908022838135e-01 3.115063494100432928e-01 -1.140412420990263853e-01 -4.354588715546806599e-01 3.162898687776322659e-01 -7.806360415513358131e-02 2.529456499494858179e-01 4.026049676525690901e-01 3.275440512249783720e-01 2.815747964843511031e-02 1.442520590161127936e-01 -2.227771380714819449e-01 1.229468803652655345e-01 -4.262615636765293425e-01 1.369002249455467668e-01 1.142327394978625982e-01 -5.183451322419583285e-01 -1.627688744419091005e-02 -2.115802838355402282e-01 -4.627423153219877294e-01 2.996416002449263094e-01 1.167472408907047760e-01 1.254576273220090188e-01 -3.557391134331295834e-01 1.173333553088555248e-01 3.073058407394886893e-01 -2.008644520134390127e-02 2.085210859263088579e-01 1.995088507767714056e-02 1.678623957507791309e-01 -4.112071905142867245e-01 -3.567036688260211141e-01 -1.456026141081504521e-01
