3.687168348543158614e-02 -1.187569705316004857e-02 7.604408444085308458e-03 2.789966479640774099e-04 7.110380257902109737e-03 2.559942278739193132e-03 6.636656046308747961e-03 -7.263453637339088199e-03 2.110817092224118174e-02 -9.448575408653797289e-03 -2.426289402717577912e-02 -2.148102339008585351e-03 3.046224600762901819e-03 1.442739246572972457e-02 -3.277067761473129170e-02 2.176658843410138322e-02 3.645268005663707470e-03 1.754631606528256685e-02 8.460233337814964749e-04 6.591836021802413396e-03 -1.113264955708458993e-02 -2.121870932442017008e-02 2.847548050743496997e-02 2.075251074756093161e-02 -1.525181782158060301e-02 9.356109579605536783e-03 1.760756257129313107e-02 -5.531955831696839078e-04 -1.947021740024105357e-02 2.343133242480650857e-02 -3.395442124289558411e-02 -2.260368607631325563e-02 4.068152242347454831e-03 -7.742741089808339618e-03 5.792917365889341252e-03 2.989063320622497872e-03 -6.371221628728935063e-04 1.077484791507987011e-02 5.713664236040857242e-03 -1.628355642209287912e-02 -4.070966238601599063e-03 -1.968326050490112542e-02 6.897310134155027611e-03 -1.883050102989769145e-02 -5.380337627765160828e-03 1.326069789578577206e-02 1.154454358680451209e-02 -1.748839273647915041e-02 3.823048342398938093e-03 5.299273734853613034e-03 -1.105042111742400926e-02 1.612012034849570272e-02 2.199239505653804300e-02 1.224566160623511910e-02 -7.933050253846144276e-03 3.461115478718716429e-03 -1.524599247306359338e-02 5.620493145294451660e-03 -6.789345194193116030e-03 -6.585311426632036932e-03 -6.357112952569774628e-04 2.682393595879242060e-02 -1.052418685615138898e-02 1.282661850951397238e-02 -4.476527018643690001e-03 2.830028588344763937e-02 2.725630114772915891e-02 -2.449947397872624666e-03 1.518635534176395255e-02 1.185335009369933336e-02 -1.394025232324347732e-02 -1.319505216557395610e-02 2.898191342406658544e-02 -2.614852902121614364e-03 4.152080707912989346e-03 8.550189632039602652e-03 -8.596079725296168136e-03 2.656924531783819501e-02 1.802195594549291929e-02 8.299958486757464705e-04 2.085728886604334628e-02 9.377922690259284100e-03 3.303337285376512292e-03 -8.799644715087701421e-03 1.249430781637620586e-02 -1.638023579502512206e-02 7.902793908325366282e-03 4.077882763625217261e-02 -5.615275931677331071e-03 3.901871028302830897e-03 9.240238088194858979e-03 -1.866982851768094961e-02 -4.743490771022825826e-03 -8.300332699965122865e-03 2.311892855175984654e-02 3.847653018767327026e-03 1.063625892095370132e-02 -1.426001152082348282e-02 -3.935246328724051335e-03 -9.370278165374616025e-03 6.237103356920781043e-03 -1.552909760667388513e-02 -3.185997500936987858e-02 -2.339339659340614053e-02 -7.486704562633225875e-03 4.942958556652165235e-03 6.734087532436313500e-03 -6.949793347875650278e-03 1.702902836237568836e-04 6.143324459563183002e-03 4.356189083691308118e-03 3.185530720759626681e-03 -1.423593161170107722e-02 2.133097269397974066e-04 -3.931692000493054251e-04 1.558990862094694098e-02 5.851355128845223477e-03 -2.179089401289787190e-02 6.890013283936080764e-03 1.095517205159661847e-02 -3.087062659753914834e-02 2.912145822531738999e-03 1.131109686363058553e-03 8.900688685885919590e-03 -1.318206441826032726e-03 -8.463645767769947120e-03 1.203307916263097674e-02 9.327448495734238718e-03
-1.187569705316004857e-02 2.497562004238912392e-02 3.978474174779352522e-03 -5.700792528947887976e-04 6.252854133339644412e-03 7.520569057042439734e-03 1.046667308986316304e-02 -1.350926739152228696e-02 -1.157937898438649894e-02 4.712374910045286601e-03 1.560969002623891280e-02 -3.373029254446313022e-03 5.743501396497377280e-03 -3.274003195241421277e-03 1.961848887173980871e-02 -2.249916795437043298e-03 -1.015335157074284851e-02 -1.850470472237462222e-02 1.395469594795150682e-02 6.736008319512759926e-03 8.894078935101596556e-03 2.356607176172958312e-02 -1.612197090034249783e-02 -5.335561528767279911e-03 1.546616129248470049e-02 -1.216690065217724236e-02 -2.086019826329753302e-02 3.327083401984997583e-03 2.638886606027073477e-04 -5.110234415219370562e-04 1.618731955101867029e-02 1.321680165345271059e-02 7.498679798049904220e-03 -2.401869018240842917e-03 -1.224435649767400755e-03 5.457054874752940250e-04 -7.155019193195679382e-03 -1.265562015761643837e-02 -7.422382567226332682e-03 -1.911344354358741502e-03 -6.396973327295761048e-03 2.174811818907271266e-02 -1.759548073721036972e-03 -5.333275104183794356e-04 6.081932105251318908e-03 8.080025569183166322e-04 2.571670703485480665e-03 4.738151745226442529e-03 6.262554975998033298e-03 6.651127747205604415e-03 -2.054871270137902280e-03 -8.115295297318177257e-04 -1.643278918470350222e-02 -5.929147329746384774e-03 3.240608802817604786e-03 1.118856976414753755e-02 1.691026795302616459e-02 1.783626827537191512e-03 2.882559088708547268e-03 9.292005705497955945e-03 -3.441737418863515321e-03 2.065851041355466853e-03 -1.263154792619338579e-02 2.324626196419749165e-03 9.841112234415951010e-03 -1.455870035527182665e-02 -1.364262353309396263e-02 -9.865064563737731620e-03 -7.781091441522136956e-03 -1.317914240671946499e-02 1.482799203142330310e-02 5.681824606426830876e-03 -4.466777393823118981e-03 -9.649299222268979334e-03 4.841595028433730817e-03 5.815137918077993573e-03 -4.277496685955608710e-03 -1.284813061390218183e-02 -9.511001302067922589e-03 8.361725267547108140e-03 -1.193722375152968078e-02 1.597592302605767289e-02 7.705487465327884311e-03 4.877160356740998137e-04 -1.544317663337217879e-02 6.679632815412262468e-03 -1.382284914059572940e-02 -1.302688681611607717e-02 -1.075076330901503441e-04 -3.679149208517381361e-03 -5.457646358475170580e-03 1.675246705995765348e-02 -7.457960624110021065e-04 6.989400649412727366e-04 -1.065178407582496010e-02 2.904552404511151920e-04 4.194419219478345666e-03 -4.680193390363840238e-03 1.158740560593621814e-02 1.453169530779695878e-02 -9.383724343261666458e-04 6.605256997369505882e-03 1.843010223292623415e-02 1.149471175908974539e-02 3.000531080224603294e-03 -2.196731220688027475e-04 -3.227616961660339460e-03 8.333048766924928963e-03 3.553382402015565263e-03 3.721125835462216701e-05 -1.419321933755836665e-02 1.008962600499560026e-02 5.962774753409455161e-03 6.888611419419107297e-03 9.513191126830791364e-03 -1.541196029881912043e-04 5.726665942133825522e-03 1.523983591117260804e-02 -1.339709282915013677e-02 -6.240628091271346184e-03 1.600263652483669904e-02 -7.365908156148255788e-03 -2.415446699731696109e-03 -1.244790297776321789e-03 9.374688383074064602e-03 9.949143820898297824e-03 -1.226990896845035935e-02 -3.568438781240757581e-03
7.604408444085308458e-03 3.978474174779352522e-03 2.030214974720353366e-02 3.367506448571685150e-03 -4.293838729937347019e-03 6.904387759983118648e-03 -5.016212915184091849e-04 -4.805567180101600472e-03 6.779730781588453985e-03 -3.494593249203121945e-03 -8.312219418993847461e-03 6.655579231154434144e-03 6.017851553395736630e-03 1.512714931120588170e-02 -3.289071694934264396e-03 -7.404772496589186875e-03 -1.018573030023911356e-02 4.073756220102547725e-03 -5.576404367991401323e-03 8.812281815836660315e-03 5.938283082891699510e-03 -6.368016252521886645e-04 1.052218800155890754e-02 -1.046168460657936807e-03 5.974739651076270766e-03 -1.281713539580465848e-02 -7.446296857331946356e-04 -1.389072410970952978e-02 -1.829844298643675329e-02 -4.005364052252559891e-03 -4.043393467812053145e-03 4.582858087738148761e-03 8.248755191666765768e-03 -1.971036059181465946e-02 4.654307835310086613e-03 8.595887869213071283e-03 2.000882025270896755e-03 -1.376947573024076520e-02 1.193189829824579072e-02 -1.844497778090786397e-02 -1.032416212551940217e-03 6.213213201979439883e-04 4.305728804072871639e-03 -1.901991387596372804e-02 3.487047124262973672e-03 1.630189499406417206e-02 1.094862377799201911e-02 -2.516354057824097667e-03 6.953788373137414006e-03 2.336543147855336001e-03 -1.185744656355689625e-02 1.733793630148397144e-02 1.652065718494545848e-03 -4.648349358506412461e-03 -1.218733683430238759e-02 1.041640911990015307e-04 -6.191805678029706477e-04 5.740829138349886479e-03 -6.450605107588656614e-03 -1.128680135166391062e-02 5.880373402759650654e-03 1.303742177579546649e-03 -6.511126234509450814e-03 1.767964437488220991e-02 6.611594351526718476e-03 -4.309445047749476537e-03 -5.244505650019193853e-03 7.907648553394430735e-03 -1.909313101770688820e-03 -2.075713289063404587e-03 -2.288192031585871596e-03 -4.842844374316693755e-03 -5.520202097862763994e-03 7.213849814470319789e-03 7.140403041640015248e-03 7.649466404882374754e-03 -2.191003342758369304e-02 3.817421711142388995e-03 -2.672749857573574091e-03 7.188438619806725161e-03 -5.233347169288886033e-03 5.166689173318687878e-03 -4.493677505103594975e-03 -1.755528362991605820e-02 2.014324901065753324e-03 -3.050966324568351370e-03 9.351449974776559777e-04 1.031333807283028349e-02 -1.770285142241951465e-02 5.551795947702725317e-03 1.421167111840312448e-02 1.416145594022680775e-02 -5.055379587736704393e-03 7.667972674173088345e-03 -3.132656176170429095e-03 -1.823563030366769479e-03 1.275742565747096241e-02 -9.788457629711404956e-03 -2.934857272801935039e-03 1.221125858960511387e-02 4.475297496967347959e-03 -4.296502420636875812e-03 -2.374001164804657484e-03 1.472483238890980744e-04 -7.004703298937126066e-03 -1.675030109722884086e-03 5.733274881994810529e-03 1.019336575832854169e-02 -5.238026677649457175e-03 -1.705316962087090890e-03 6.922917117732233470e-03 -4.306973886258650200e-03 -1.265950055330876227e-02 5.075037696068715812e-03 -3.068158585774123735e-03 1.670739596489267606e-02 8.834057000066210252e-03 5.834967119486063336e-03 -1.431460947207640819e-02 -4.090148716286302021e-03 -3.880530738215394286e-03 2.203084717610785312e-04 -2.865993757753980062e-03 9.505034532467692213e-03 7.267963758474747099e-03 -1.200645401091651396e-02 -7.332018580391149246e-03 4.463048479035199370e-03
2.789966479640774099e-04 -5.700792528947887976e-04 3.367506448571685150e-03 2.177587567632187013e-02 -5.239498482327692094e-03 -3.084681007875011982e-03 -5.346504721448372367e-04 2.046253933552675316e-03 -3.314190897228381279e-03 -1.332139742432252548e-02 5.406207386383098806e-03 -5.962123703571752670e-03 -3.357544448887586890e-03 1.102590739644898794e-02 -3.903053010177675620e-03 -1.452446271470776359e-02 -1.983853375087846205e-02 -3.063060368538789591e-03 -1.286907315107740229e-02 -5.008110677152570640e-03 1.465059470988566530e-02 -2.952707572338009612e-03 -5.555419331281646021e-03 -1.444280938439790676e-02 5.789142122269868435e-03 -1.411664203930825499e-02 5.534582018048022842e-03 -9.223073485127202334e-03 -3.728174891691936549e-04 -1.462458409204801801e-02 8.235937241191390243e-03 6.611494415654388390e-03 -5.247303948871542140e-03 -4.293840705765559866e-03 7.195670923885672324e-04 2.495517310243118136e-03 -1.122159780356412825e-02 -1.219278179916178338e-02 9.418645963158002801e-03 -2.755930638725444357e-04 -1.498491054411454308e-03 -6.956384339728115783e-03 1.354395445225440491e-03 -6.434735185597440649e-04 -5.865314316324822183e-03 5.485536271101294683e-04 -8.759910224366982551e-03 1.102846332814545055e-02 -4.458015616320586648e-03 1.182051567463941223e-02 1.552065626112672384e-03 6.038102938186825806e-04 7.006938155888570163e-03 -2.394344880602997799e-02 3.607809437035994216e-04 8.169296191892065975e-03 1.015884446867797337e-02 8.360569608112967954e-03 -1.825470880507864364e-03 -1.116945084586362484e-02 -8.499582898574602197e-03 -1.854191163444544876e-02 1.494833925273464283e-03 7.181493914798388193e-05 -8.913749228946013514e-03 -6.788445359323116123e-03 -7.174991854893317082e-03 1.160851992573544086e-02 -4.948397995100359964e-03 -1.432508191219345091e-02 1.590905887648525613e-02 -1.146997162893024884e-02 -1.881296658597922736e-02 1.123269041118320731e-02 -3.395060027873997473e-03 -6.591007949581866553e-03 -4.294986516644903711e-03 -3.623030798553864701e-03 -4.240201183721682698e-03 -3.409049552849585055e-03 -4.321396153376329784e-03 -2.497700371846928082e-03 -3.790954965391178481e-03 -1.184660647139897625e-02 -6.649394640317227503e-03 6.211528002111538389e-03 -1.412520132409436982e-02 -5.835722302106343198e-03 -1.306649363032649259e-02 2.033689344407475091e-02 5.781632192552416810e-03 9.580238570131122469e-03 -1.796310926198710703e-02 1.140139176565786380e-02 -6.438323166178957016e-03 -1.450262204666388777e-03 -6.595298075539506380e-03 4.071569317674316249e-03 9.116876358421574858e-03 5.642750288972528394e-03 -1.186115761958807203e-03 -1.110317259439161028e-02 -3.150287242648572121e-03 -2.944565036631104082e-03 -2.703348873885732823e-03 -2.408974344690300966e-03 1.150459049105475619e-02 6.515940123937105817e-03 1.296965893322146908e-02 -3.149604648727327792e-03 1.321353574501859390e-02 1.278055262898830798e-04 -3.871068442938651981e-03 -5.637146132230833051e-03 9.251245346353990581e-03 5.578959467284549468e-04 -4.186909504201792240e-03 4.748201420187837286e-03 -1.184432852237732835e-02 -2.404940047128560285e-02 -5.880366129476944509e-03 1.718971418333471723e-03 -2.119745557188056420e-02 -3.232811545677245833e-04 -1.812887564159100301e-03 -1.057094725938950014e-02 -6.171633815823687405e-03 1.054949538054143938e-02
7.110380257902109737e-03 6.252854133339644412e-03 -4.293838729937347019e-03 -5.239498482327692094e-03 2.687344096372300609e-02 -8.808094045402628525e-03 7.938084458745975000e-03 -1.023587771902434267e-02 -9.038304466711806831e-03 1.151171438951789118e-02 -1.547690276280683230e-03 -1.036099383288025845e-02 -8.518283751132128476e-03 -1.921601105838155726e-03 -1.413201798512381214e-03 2.626652582645261011e-02 8.306753211928120939e-03 -8.947053783519974546e-03 1.117817973170319099e-02 -5.735873448179967804e-03 -3.699149834221021789e-03 3.886217671830523041e-03 2.755647807079577172e-03 1.857252387706595509e-02 -2.445395290749503413e-03 1.135643698153842099e-02 -2.738567710129472497e-03 1.310459922805065451e-02 -1.135572417718521375e-02 1.791425254417709084e-02 -1.063161540491694944e-02 -6.844241926829580137e-03 -6.910078523461648213e-03 6.139501825756667371e-03 -2.902932740792347165e-03 -2.003029122006380613e-02 5.897831920092009607e-03 1.819690928252633635e-02 -2.617407226712916649e-03 -1.128350361934577634e-02 -5.368404103126272510e-03 2.691389946818588570e-03 -3.562682839539670597e-03 -1.176354579425704754e-02 -5.241516967199215567e-03 1.060453606573355523e-02 1.850033422074117903e-03 -1.457474949167206039e-02 -7.449354957116502418e-03 7.950483801573807760e-05 1.334028930516057213e-02 1.112309859656126707e-02 3.243348142118244971e-04 1.323039840413321212e-02 -6.602554071032215761e-03 1.268411854147741442e-02 -2.981102317040936270e-03 -7.393435111697751159e-03 1.847181906712043811e-02 4.163952368790412549e-03 -6.716977966076870254e-03 1.856439675691550287e-02 -1.133468496180056045e-02 1.115536711916351002e-02 -2.071720754722058272e-03 1.099729690066752856e-02 1.072275166600418841e-02 -1.743986403455473691e-02 -2.401532141583895275e-03 8.377387005887715690e-03 -4.950990203070235705e-03 1.043714459158327085e-02 2.879307024132067919e-02 -1.685222626699808129e-02 -8.943012783200629534e-03 -4.306207587815098076e-03 4.920421308834028139e-03 9.328353455472426434e-03 -1.750886167511955154e-03 -8.535760149019994136e-03 7.469230922904873497e-03 1.087581182447717836e-02 2.392364818618116992e-02 1.244514872298194824e-02 1.562336117240479801e-03 -7.867486670825855509e-04 3.783704482183229256e-03 6.990152807886181041e-03 1.503307338687480746e-02 -5.347072933345857655e-03 4.369725097604971499e-03 -1.364084815390627543e-02 2.521475982807790030e-03 -8.995123194293333860e-03 8.109395303736156163e-03 1.582686397303932971e-02 -6.532973490524608207e-04 -5.106544709520326360e-03 -6.248218652912990861e-03 -1.832748145402817753e-03 -4.394213766116188830e-03 8.814685176157200860e-03 -1.629017685192717634e-03 -8.787660082268229644e-03 1.921278568902699130e-02 1.643209594992237066e-02 4.309926858468086930e-03 -2.087771971898670035e-03 1.827055341135819418e-03 1.856215976549462077e-02 -7.248561086867142539e-03 3.252418976016859323e-03 -6.352234629388587260e-03 -4.118118051327706447e-03 -5.731674579356846322e-03 1.141066037974606401e-02 -6.805507122755767059e-03 -4.543427605840183632e-03 1.498306609739580471e-02 1.149016807143871284e-02 -1.649429425591155849e-03 -9.359274152338665012e-03 5.599027783893188552e-03 -1.652026288143246258e-02 -1.032710572530061606e-02 3.420813027005299885e-03 3.613862066244773468e-04 -1.155585851664529297e-02
2.559942278739193132e-03 7.520569057042439734e-03 6.904387759983118648e-03 -3.084681007875011982e-03 -8.808094045402628525e-03 1.673077468161557335e-02 4.527103073529821324e-03 -5.004317657208079938e-03 8.807480817011084998e-03 -6.023618722039497317e-04 -2.120787044801336532e-03 6.685535504172123583e-04 1.570130859788950589e-02 1.064054059442544027e-03 2.021960505782265625e-03 -5.190811268077424011e-03 -9.609196283420407990e-04 5.470234912260405272e-03 3.293746359690682794e-03 1.628664959080814573e-02 -5.437493073391435998e-03 3.200805753050733025e-03 3.029042428856568332e-03 1.769109704162771541e-03 4.584509532992234182e-03 -2.821810649701077343e-03 -4.017066475129030430e-03 -7.965272066589680622e-03 5.034928424803392045e-04 5.256298680556987027e-03 2.276494232806290305e-03 4.178333422675731441e-03 1.599852771518997172e-02 -6.711561825695453419e-03 -2.609756357067197392e-03 1.021777853651311026e-02 -7.238489498775126096e-03 -8.795477002869025659e-03 -1.046810733221518455e-03 7.774855745826579970e-04 -1.563825571187193271e-03 3.195126000817682683e-03 -1.800871777499636834e-03 4.802288995763767925e-04 8.379124547211156543e-03 -2.363328653248503945e-03 3.115306030021536884e-03 -2.445708609073192919e-03 1.519980048251914559e-02 7.036949612543662302e-03 -1.135568245663890093e-02 -2.343688835445746459e-03 -2.251926518751038667e-03 2.798651946038210100e-03 1.315917018959821992e-03 4.221835942155476636e-04 3.379006430436259489e-03 7.411762569964007105e-03 -9.214243831421992451e-03 1.578795540663410768e-03 -5.218434946658637424e-04 9.370330415021952200e-03 -5.056449155586895117e-03 -2.281305142435966632e-03 1.031391692357384177e-02 -5.509293728050320728e-03 -5.336315496539972662e-03 5.426728883251363128e-03 2.529745829092334194e-03 -4.253250167351256203e-03 4.212810937767608351e-03 -8.760259388288302177e-04 -4.154277529303650879e-03 5.039310287868680252e-03 1.544907247020059840e-02 1.585315430379614920e-02 -8.236637585581898721e-03 -4.132959816465808442e-03 2.096591200309297440e-03 1.598939683006325371e-02 -5.343020419763404132e-03 7.994801186470059176e-03 -6.654148964791396434e-03 -8.832915354240640504e-03 -3.104379987871883680e-03 -1.118172817701354113e-02 -5.879830851169150739e-03 5.470718114040841289e-03 -9.013838663418738059e-03 -3.894515241551089763e-03 -7.396360200990827541e-03 4.815221140766982877e-03 2.226049428523941068e-03 -2.281540899206155153e-03 -3.797424388328592571e-03 -1.222448545356102402e-02 4.581680467310712129e-03 -2.122364711529543466e-03 8.795458023316816282e-03 1.681929138830678863e-04 -1.567988976966652520e-04 -5.762439322666680977e-04 1.715646539024108476e-03 -2.128390089153358276e-03 -1.001222907765236293e-02 -1.190964280413131689e-02 -6.873142390102118630e-03 -2.859428929081370661e-03 2.134433260552850813e-03 -1.270127754484560133e-02 -3.638979448503751150e-03 6.824024942924705912e-03 5.590137166177160805e-03 9.223356019755331314e-03 8.964520083690327365e-03 -2.468536823794306983e-03 1.513391127901538707e-02 5.545813986205335409e-03 -9.275481188080221887e-03 2.273194625031549603e-03 6.852955555842521517e-04 -5.266794983550811965e-03 1.366185490586707555e-03 1.001640936960062483e-02 1.712906720255621962e-02 1.860695725036898458e-03 5.929607030323672326e-03 2.281936252185332113e-03
6.636656046308747961e-03 1.046667308986316304e-02 -5.016212915184091849e-04 -5.346504721448372367e-04 7.938084458745975000e-03 4.527103073529821324e-03 3.288217979608052538e-02 -3.098296215312039761e-02 -4.427205258310320211e-03 -8.729037724455624217e-03 2.671499072857731055e-03 -1.359479646615446673e-02 2.498119389004125820e-03 -1.675138764636171021e-02 -5.626033507417799520e-03 1.770245380824453027e-02 2.441656791937453930e-03 -7.181637940345515260e-03 1.809174893495323413e-02 1.176766030813597159e-04 1.260073402107704348e-02 2.197754802886708186e-03 -5.112820970420489317e-03 1.217890168205019823e-02 1.488479077325291673e-02 1.134332443970624375e-02 7.311723711993257111e-04 2.581830709588744943e-02 -6.143299980528426317e-03 1.504418141947889455e-02 -2.006388617776078825e-02 9.189715650712110273e-03 1.415280494728361890e-03 -1.963081015380510868e-03 2.162121207465059203e-02 -1.912361751722439947e-03 -1.566501294608085501e-02 1.620057283742108376e-02 -1.814590910691213019e-02 -6.623629592603668195e-03 -3.339529171282995534e-02 -2.705888619705069855e-03 2.352208130614161924e-02 -5.980795273573329476e-03 2.205191260336733863e-02 3.656650568524251986e-03 9.210747191516812857e-03 -1.742501950387823073e-02 4.027100758621332240e-04 1.169327674500835607e-02 5.046797941662794183e-03 3.401411739902284858e-03 6.972419827155966650e-03 -4.692464192363971030e-04 -1.458081411242717574e-03 1.015643408297737561e-02 -8.959141839000138788e-03 -2.504486248022140191e-02 -4.726273261080645837e-04 1.916889781579510926e-02 -9.563217265149583438e-03 1.403041468532404551e-02 -2.982746530482736566e-02 2.984334443687120843e-03 1.748366208975107167e-02 -9.418446533589334632e-03 -7.924597972286133787e-03 -1.910231396277316945e-02 -1.570152241428223253e-02 5.904744643959547110e-03 3.462887755988089834e-03 -9.955769605151754825e-03 1.641126424592320027e-02 -1.881879776764159434e-02 1.708616709697264918e-04 2.453007787135031738e-03 5.763882702493668825e-03 2.091684165320055813e-02 -1.310094063739218433e-02 -4.546430184230075084e-05 -1.108521550831940462e-02 2.778383979882208601e-02 7.070717544280605629e-03 1.752094477742499254e-02 7.745366571549033852e-03 7.019386492526844250e-04 -1.244160966578131133e-03 8.923860043649008058e-04 2.060875814815866722e-02 -2.771472453688059428e-03 6.614179501832548151e-03 4.955254552676492327e-03 -2.180934344607332728e-04 -8.952447679731731500e-03 -1.114005820270918233e-02 -3.110538706642965428e-03 1.195685612685020230e-02 -1.984759926488557577e-02 1.302578538630300327e-02 8.398994662863097649e-03 2.182173321718518938e-02 -8.819732253359876747e-03 -5.892485656702481714e-03 -8.601238260470893751e-03 1.572164412927957262e-03 -2.955860765792528173e-03 1.590248712210609594e-02 1.190919874429970972e-02 1.867960890947158604e-03 -2.587960194042512353e-03 -1.532258057343590524e-02 2.315589816841567145e-02 -1.205207163788441643e-02 2.518968719625673536e-02 1.414470773427842047e-02 4.418057765607382587e-03 -9.869668516488238740e-04 5.837477836190823818e-03 1.255868200880988668e-02 -1.847711054206363068e-03 -6.319976192921469317e-03 2.929540596902271976e-03 -7.039553820315519331e-04 5.716067478326198334e-04 8.707455918229609982e-04 1.719460215900397299e-02 7.517011719944230626e-04 9.215596833339712718e-03
-7.263453637339088199e-03 -1.350926739152228696e-02 -4.805567180101600472e-03 2.046253933552675316e-03 -1.023587771902434267e-02 -5.004317657208079938e-03 -3.098296215312039761e-02 3.294872643189500350e-02 7.047955029737611524e-03 5.694348088086215523e-03 1.602300225051166800e-03 9.025914660106626811e-03 -3.057527577385476224e-03 1.124557027338551549e-02 2.283626664839356717e-03 -1.768545058528956868e-02 1.761040731030022823e-04 9.301013385999935476e-03 -1.722829371240680585e-02 -1.989675205808625127e-03 -1.399731872823756218e-02 -4.378960103066238153e-03 1.956475008622371209e-04 -1.447076326861835953e-02 -1.505503943761893337e-02 -6.574359462700123113e-03 1.843303214974686402e-03 -2.151082393087351205e-02 1.567494816952833686e-02 -1.320500436563804871e-02 1.864765743170664417e-02 -9.916103519679725364e-03 -2.930418518955106924e-03 5.839525799525310465e-03 -2.185530656130916724e-02 3.836934862875078858e-03 9.842279636384947128e-03 -1.328410280731804477e-02 1.153986110111459781e-02 1.656369441516176641e-02 3.159897719928159154e-02 5.657251508297664371e-05 -2.305705098057897473e-02 1.593960727724411455e-02 -2.101400852930876070e-02 -1.291932162800941801e-02 -1.535244503174371632e-02 2.118937125827148257e-02 -1.519401891188830065e-03 -1.142363629212646454e-02 -3.699966199543283218e-03 -1.274438991906772303e-02 -4.741064957087451522e-03 -5.100456828108533092e-04 9.622811820537445493e-03 -1.194140156029334029e-02 9.993953433797572380e-03 2.353049985442885392e-02 -2.528301684869782139e-03 -1.325997936091386810e-02 4.716438606995654141e-03 -1.497809304507206549e-02 3.248073648497763755e-02 -1.293852466691246955e-02 -1.979671581504047900e-02 9.864726200313572030e-03 8.939487603511342764e-03 1.952926025137724161e-02 1.816933210149788980e-02 -7.679053673046715503e-03 -1.691635683873457681e-04 7.326640194728816988e-03 -1.671256702349115456e-02 1.935408020258044121e-02 -9.713759896218556161e-04 -3.525055186373568950e-03 1.696510215092570956e-04 -2.020574318766240468e-02 1.605581490854461266e-02 -1.101772647496024023e-03 1.161272906040527325e-02 -2.981058278333510378e-02 -9.077177971898026110e-03 -1.454536311499380827e-02 -9.113129653997031204e-03 -1.277190298279842111e-03 -1.711220264116125947e-03 -2.910324490368768318e-03 -1.786154816978143683e-02 3.704459778405925878e-03 -1.232113638990992889e-02 -8.695911363044261932e-03 -9.804380339385014576e-04 5.772096003302525785e-03 1.081007769239018812e-02 -3.313796198387101164e-04 -1.773349058300636300e-02 2.398357215030871153e-02 -7.444847475926003565e-03 -1.474010828996290788e-02 -2.124767334107674488e-02 5.911345331869294339e-03 2.181204194809682664e-03 7.296522549526233276e-03 -4.500724822460199122e-03 -7.172193806651627540e-04 -1.636338691984502366e-02 -1.625951653017378845e-02 2.680281684495020630e-03 -1.426598144702359745e-03 1.349784513142086168e-02 -1.839578133504963034e-02 1.684130379411789141e-02 -2.375023736076182362e-02 -8.116151590266717716e-03 -1.366500959231638397e-02 -5.749243242694326893e-04 -8.497898791770833182e-03 -9.260473307799820322e-03 6.656780927444068321e-04 3.884139807803780892e-03 -7.037848906221108331e-04 -8.338060789675222784e-04 8.323756430719363034e-04 -2.059604081975720952e-03 -1.099258675422680291e-02 3.997726316607814676e-03 -6.691141301140739357e-03
2.110817092224118174e-02 -1.157937898438649894e-02 6.779730781588453985e-03 -3.314190897228381279e-03 -9.038304466711806831e-03 8.807480817011084998e-03 -4.427205258310320211e-03 7.047955029737611524e-03 2.937102938269681510e-02 -7.712098739939519075e-03 -1.329967508906772754e-02 4.822370511604549825e-03 9.328684859651428449e-03 1.177486314726432053e-02 -2.363893952547303778e-02 1.875057230397004495e-03 6.361688664416486130e-03 2.303337154944563522e-02 -3.085455161395106449e-03 1.232346209238400526e-02 -1.625026479202821769e-02 -1.510714456072873545e-02 1.823839203654781943e-02 6.435807905544768497e-03 -1.163233011329885790e-02 4.002054010278059334e-03 1.046531293903604255e-02 -8.755262611674152068e-03 -4.629031544632871277e-04 1.239882289586730600e-02 -1.809443097525017391e-02 -1.644932359070098299e-02 1.106039443627526188e-02 -8.069312603660000818e-03 -2.531247380512371536e-03 1.810969392884137150e-02 -2.835755017077274624e-03 -4.076475811441467381e-03 1.179625968937333697e-03 1.934918069968065511e-03 7.262024821457768731e-03 -1.036982806141447701e-02 -1.735055965781095826e-03 4.421802397228356287e-04 -2.786562637435912020e-03 -2.554556321436658901e-03 4.140906605269035166e-03 -1.865769794863259541e-05 1.080548574490938947e-02 -2.381692615667545081e-03 -1.981987955676949367e-02 -9.558143990190256459e-04 1.138459258858040384e-02 9.955541355562372990e-03 6.141443477828092967e-03 -9.007608710167131980e-03 -5.753893486241463268e-03 1.330895673440038972e-02 -1.945849720396174501e-02 -1.705189122362043641e-03 3.349095727440468389e-03 1.686378685011521647e-02 5.598920713712195532e-03 -2.650648586996457324e-03 -4.206480176636240645e-03 1.909845730223976717e-02 1.872869561060775886e-02 8.701914955722239026e-03 2.071730945502109345e-02 3.706714433301985714e-03 -8.305490819506718136e-03 -1.037345800240995451e-02 9.008561513314540178e-03 8.314571490996146286e-03 1.127917853751812978e-02 1.403922925485653894e-02 -9.515255086095842502e-03 9.785991509690615195e-03 2.126261117154926855e-02 9.445334932131815853e-03 1.434601157438462372e-02 -3.521873470179138262e-03 -1.069205105566762085e-02 -1.581911911282780567e-02 3.823460883042345288e-03 -1.647454074010690217e-02 3.471292283103942153e-03 2.891081038380977769e-02 -1.637401115439309288e-02 2.894847478982354844e-04 -2.242451347776877515e-03 -1.181612028840721938e-02 -1.526797164028844637e-03 -4.460439652571912376e-03 1.717837629042655648e-02 -9.077841667442304238e-03 4.037689764655799304e-03 -4.630586023089559356e-04 1.602437048015380909e-03 -1.321961940103081809e-02 5.494178522055835146e-04 -1.236858947240646218e-02 -2.376161568157631604e-02 -9.488201727433216021e-03 -2.091664247919196654e-02 -8.514179712491899005e-03 -7.193199865101564117e-03 -1.136818003785671112e-02 -7.978665673315407355e-04 -8.510857823179306114e-03 3.572403806808313338e-03 1.375461145152302635e-03 6.005663397918513087e-04 1.626832091322663772e-03 3.388223430281743064e-03 -1.550714840460739328e-03 1.275579805223355477e-02 -1.737500686149258747e-02 -3.803364720573271674e-03 9.954855545287690302e-03 -1.993725213373788441e-02 5.705455691936278141e-03 3.805735352403094313e-03 2.050034356414454778e-02 6.825216369727452048e-03 -2.260661991121200916e-03 1.499778110193201834e-02 7.964983631995796107e-03
-9.448575408653797289e-03 4.712374910045286601e-03 -3.494593249203121945e-03 -1.332139742432252548e-02 1.151171438951789118e-02 -6.023618722039497317e-04 -8.729037724455624217e-03 5.694348088086215523e-03 -7.712098739939519075e-03 2.233045283812399792e-02 2.194765652068117977e-04 -3.731430366158407187e-04 -9.051813682799266479e-05 -4.949310955247272943e-03 1.492113692866867819e-02 7.590503920541866872e-03 1.415243525972309860e-02 -2.971240088765772069e-03 3.198491499054013313e-03 2.133901832305914407e-03 -1.301396836983637409e-02 8.092152988123237772e-03 1.403398659748635263e-04 1.052419281656327525e-02 -3.208236367880952424e-03 8.718836593752906858e-03 -8.275082342860839990e-03 -3.041019807660053694e-03 1.938523146333229218e-04 6.972058783106256652e-03 8.746235247712584593e-03 -5.086253803733301808e-05 1.464739224051502236e-03 6.245443321895942021e-03 -1.537467827481914587e-02 -1.525059284195394264e-02 1.355980551364998135e-02 8.170039823109686780e-03 2.248867098730776906e-03 -4.961223070503666772e-04 1.060035563648366840e-02 9.742625948901273078e-03 -1.670160386272375938e-02 -4.763392754447548895e-04 -3.760595170940379296e-03 1.398295351555374358e-03 -3.860772418364498155e-03 -6.562570262850919191e-03 9.340215371475298458e-04 -7.253974235803076556e-03 1.025037173430222437e-02 1.219291044107530296e-03 -1.107170053150947388e-02 1.791664719273391992e-02 -4.883978094319384525e-03 3.690858527960497681e-04 4.477143417500488226e-04 4.437536488297995308e-04 1.631547879394188924e-02 -3.482179889644905447e-04 6.730438592901359131e-04 9.362663160255539976e-03 5.658138199708508467e-03 2.188792902283747451e-03 2.205851835933873763e-03 -7.267973990908597256e-05 -5.733924685315072538e-04 -2.435111691414657518e-03 -1.826826204829354956e-04 6.066066840597660222e-03 -6.346974154514463742e-03 2.278559310106842081e-02 9.281381629382497514e-03 -2.315562009336610220e-03 -1.057395681271155276e-04 1.915489251963618626e-03 1.985352543520300939e-03 -9.432846458757967317e-03 -2.117828180313672398e-03 1.325851617261480497e-03 -1.943053586001456485e-04 -4.107122232306277022e-03 1.209704514002814431e-02 6.660266862585868808e-03 -9.065896065158498759e-04 -5.460071138707401836e-03 5.525221830210614964e-03 -5.729773926810331243e-03 7.000088888678869872e-03 -1.343518355620939783e-02 -7.066352250649934538e-03 -9.370967923621504811e-03 1.251729224473586630e-02 -5.966149629336918968e-03 4.530996131136066441e-04 5.847180944064211787e-03 -6.755997659140654081e-03 8.304478622423380751e-03 -1.037762291763128994e-02 -6.040972118715745055e-03 -1.491885161703195364e-02 2.205026327633195435e-02 1.440019536522859148e-02 1.428254222204511413e-03 1.633869903510956276e-02 6.563841809547966803e-03 -1.102263856135331406e-02 -9.410695371217702582e-03 -2.918141928924393967e-03 7.296995115479717499e-03 -3.630373238348262675e-03 -6.870401565231594107e-03 7.969985986146151460e-03 -7.375823858518959150e-03 -1.129103760589490746e-02 9.447412167596348992e-04 1.155566045249606811e-03 4.306420556183640849e-03 8.351964854138131666e-03 1.705970447412294422e-02 1.435700407121102626e-02 -1.472886033167326511e-02 1.317828417562787700e-02 -1.461869226491531101e-02 8.401004892538125766e-04 5.230197362862534305e-04 4.013133657369063155e-03 -2.038557841339691881e-02
-2.426289402717577912e-02 1.560969002623891280e-02 -8.312219418993847461e-03 5.406207386383098806e-03 -1.547690276280683230e-03 -2.120787044801336532e-03 2.671499072857731055e-03 1.602300225051166800e-03 -1.329967508906772754e-02 2.194765652068117977e-04 3.186178564582534817e-02 -7.676651995833515957e-03 -3.952932360245220954e-03 -1.485319332230099210e-02 2.146592218058661350e-02 -1.217733032149968808e-02 -9.506208025212551163e-03 -1.969177431545870646e-02 1.032446981358835399e-02 -6.584309934281730968e-03 1.117309180185254575e-02 2.306466428367490856e-02 -3.568936838840648662e-02 -2.381286758428741504e-02 1.336994637762183719e-02 -9.285043870085028100e-03 -1.897717121559359607e-02 8.338263542299689801e-03 2.709044139300107595e-02 -1.015406403578440753e-02 2.594871876658149529e-02 1.320013973936078923e-02 -4.105473200294922249e-03 7.191247684047374737e-03 -4.155365105022745115e-03 3.344955680466181382e-03 -1.333178948981826942e-02 -1.349400519633501237e-02 -1.912461303128851903e-02 2.462621091325938039e-02 -6.311858139026469208e-04 2.177761658812301174e-02 -4.222086036197073879e-03 2.691786947426821897e-02 8.878122244127690512e-04 -2.256299823538338370e-02 -1.584593950397981607e-02 2.655021173568409068e-02 -3.909744327384543673e-03 -7.771526478416451592e-04 3.604518357781882811e-03 -2.491040027386784428e-02 -1.815720785820871055e-02 -1.512335320347406656e-02 2.352732984989447731e-02 1.619164491073189251e-03 2.478834460185460817e-02 1.045547637689553475e-03 -3.178004107751265599e-04 1.873865069161558677e-02 -9.779306223764295050e-03 -1.701085845872409019e-02 4.729651754441819428e-03 -2.183231556499359155e-02 -1.881339321964582050e-03 -1.706122592638259494e-02 -1.498764232389185672e-02 -5.493534040481266346e-03 -1.354833067477804976e-03 -2.275741032262413449e-02 2.314207008881810634e-02 3.599605511505950088e-03 -1.735290933691990833e-02 -5.033584907810274671e-03 -4.642840860818482976e-03 -6.695873285118116372e-03 9.085737615192783848e-03 -2.044339662909487945e-02 -3.443772591926738420e-03 -1.176391335968783548e-03 -1.136725992393244900e-02 -8.251608851684117882e-04 1.226322353552535948e-03 5.624794587790149687e-03 -2.309442359646487683e-02 1.676734891223918139e-02 -2.054852145189870610e-02 -3.046500363469061695e-02 3.155238469735819565e-03 1.459901882266728419e-03 -1.834227298124138303e-02 1.532184931778363124e-02 -4.497738844016344051e-03 -1.214341473489565122e-03 -1.311802752657748733e-02 -1.053589609806531617e-03 -1.352068664385406432e-02 1.053669776622241303e-02 1.872270687900668557e-02 3.669918085500686270e-03 -3.104192317393167280e-03 4.579061857928233385e-03 1.947931672124913333e-02 2.077358518728645437e-02 2.736336302984562779e-05 -2.869254983951916808e-03 -5.271050746530120054e-03 1.754748162126823561e-04 1.085455333603362223e-02 -3.538709878440199613e-03 -1.548448424243478727e-02 1.073232718924495808e-02 2.062494473599442782e-02 3.246187890745455464e-04 1.643515858270240201e-02 -2.427870704418901016e-02 -5.455975090892185332e-03 1.122117214446791481e-02 -1.109038090479351653e-02 -1.458319208356840396e-02 1.951698796533982844e-02 1.512246989513598306e-03 -7.826759770586218939e-03 -2.140718673517550113e-03 1.510351842007951265e-04 2.101203448645001456e-02 -1.229629319830673889e-02 -3.167981535683246945e-04
-2.148102339008585351e-03 -3.373029254446313022e-03 6.655579231154434144e-03 -5.962123703571752670e-03 -1.036099383288025845e-02 6.685535504172123583e-04 -1.359479646615446673e-02 9.025914660106626811e-03 4.822370511604549825e-03 -3.731430366158407187e-04 -7.676651995833515957e-03 2.078703510801419366e-02 1.916697383017742498e-03 1.147274647299273073e-02 2.948928667602537020e-03 -1.166107910296060833e-02 -3.703161214877130365e-03 3.689272408956100271e-03 -5.885969061467087940e-03 3.579920994414198445e-03 -1.109275101189915666e-03 -1.653414746950707147e-04 9.791060216180121414e-03 -5.926363567993194609e-03 -5.754549225906283559e-03 -1.279998054509702901e-02 -3.271817765977788790e-03 -1.044688087391641360e-02 -7.189985848255160857e-03 -1.272078478819379556e-02 5.299160962831327495e-03 -3.645671224946936580e-03 3.704731767811768762e-03 -5.139460349471028713e-03 1.732123648023861260e-03 1.122852102737773375e-02 1.338286759212460771e-02 -1.387228549719405311e-02 1.034445924536567078e-02 -7.616465089487929434e-03 1.288300021968201252e-02 4.499591503775237505e-03 1.368299540911040689e-04 -7.110710977451916402e-03 -3.813625920681126998e-03 8.032380710193496448e-03 1.289431363463569222e-02 4.750726301128769744e-03 3.616910881193437753e-03 -9.958032993413492434e-03 -1.341979930322297933e-02 7.616710645970282967e-03 -6.002129864860338872e-03 3.721747703025500579e-06 -6.146690198945903814e-03 -1.041633171456213779e-02 -2.752542628422158244e-03 7.286310961836097583e-03 -9.040308240341778101e-03 -9.798808375590752073e-03 1.960082238879003874e-02 -7.044703532331998176e-03 8.519107358176628703e-03 8.976186758439801128e-03 -5.039150831183059282e-04 3.496415493239926880e-03 2.817567359817125302e-03 4.538834897881009398e-03 4.318930423298470399e-03 3.300222689402117215e-03 -1.032655186420591495e-02 -1.676096795970365540e-03 -1.012202874712522446e-02 4.452287049882554769e-03 3.259757805691505111e-03 2.145940869082595213e-03 -8.183691037407346200e-03 -6.349694001222488601e-03 2.875889006778888177e-03 3.373252722193804086e-03 3.895115155074233178e-03 -8.851394348219141298e-03 -1.153823604623263784e-02 -9.013289841958520981e-03 2.274247315246990045e-03 4.231136085663263734e-03 9.889455767803154509e-03 4.108042533572939421e-03 -1.090622693119233308e-02 -3.410759322456264134e-03 6.728133354672182972e-03 8.017104562234986589e-03 4.653951198285457419e-03 1.048929916144194889e-02 5.961523503603006341e-03 2.460208308899751559e-04 1.202422811326113623e-02 -2.970099746963132756e-03 -1.225715851932892946e-02 8.807115130592020613e-03 1.232882453070472447e-03 -9.949095676119650098e-04 3.377322152833823164e-03 1.213675337762446307e-02 -9.423337218799007070e-03 4.284636529553633561e-04 -7.800546690183854728e-03 6.805134685180150474e-03 -1.584816723173426700e-02 3.331949114544936752e-04 5.186479454794654109e-03 -1.426705993919077063e-02 -3.412118466114653394e-03 -4.200121819733604149e-03 -1.374551653009269125e-02 7.514085081762919560e-03 4.248247933141059349e-03 -2.306819428760587681e-03 -1.180303523911056286e-02 2.317383408206766682e-03 4.158570872190600447e-03 7.761962312027217287e-03 6.068385156565082005e-03 1.104938420452853190e-02 2.181475441878304340e-03 -1.023765974258441548e-02 -7.926390041221951371e-03 8.936795456511544477e-04
