4.670861075104495441e-01 3.504444969354710837e-01 7.211170613047945821e-02 -1.355598262919299399e-02 3.508993018483718695e-01 2.352691332480215669e-01 2.668691852263488928e-01 -3.441650072322757770e-01 1.605085220995758066e-01 3.419235453128436492e-02 6.457269028883872580e-03 -1.307779401433589173e-01 2.625478071440246475e-01 1.471091147099827801e-01 -1.724033516058660065e-01 5.361118477807628180e-01 -3.231163381773913268e-02 -7.772317214722015977e-02 4.956131232307822709e-01 2.956461817972704798e-01 -2.244236766924205262e-01 1.308512932714029353e-01 1.056520290896926645e-01 2.629977237542924784e-01 -1.695460310870441634e-01 5.941138325903546485e-02 -1.636509795261830436e-01 8.322730687068453925e-02 -6.323971840640564557e-02 6.429434896116380527e-01 -1.506029186318712798e-01 -3.328738384400340977e-01 2.844436675122645752e-01 2.172241426089438834e-02 -9.683099100705488960e-02 4.007975677779890278e-02 -2.325926054860733838e-01 -2.351541847284285836e-02 -1.618944649735599428e-01 -4.943621790804820365e-02 -2.992833836599515657e-03 1.168634113438251354e-01 -1.105782320910852212e-01 -3.689312708575927940e-02 -1.178540319772189982e-01 1.798548838530399097e-02 8.764060015206856513e-02 -8.250009370700665812e-02 2.991220221522229439e-01 2.778550677067015418e-01 -2.820146437282946561e-01 -8.336470690481200332e-03 1.285495393366014802e-02 2.103649960541551234e-01 1.558126413065333005e-01 3.363402795558365077e-01 2.036135608759032933e-01 3.282440990660266400e-01 -5.246913207840155774e-02 1.993064437966121649e-01 -1.620501055439568516e-01 6.815477208727093172e-01 -3.287045581296398900e-01 3.274691712215918593e-02 3.232036221695334943e-02 4.742724907479412000e-01 4.703385275241913632e-01 -3.944396110490677176e-01 4.009900844675301501e-01 -2.338059797262050099e-01 1.922584943982406092e-01 -1.350063475803874730e-02 6.274154339298697591e-01 -3.501642361180424268e-01 2.413628679480206429e-01 3.364291516985901676e-01 -4.239646341008852792e-02 4.086018714259075785e-02 4.139723022803700192e-01 2.866664149812591100e-01 4.051332094881021639e-01 5.026618485442357898e-01 3.151833240933854530e-01 -9.090120349877067740e-02 -2.980250543116192974e-01 -2.618420069380796855e-01 -3.699406403936096321e-01 5.030003002854448457e-01 -8.740022760885068909e-02 -9.279652557675860391e-02 -2.981044615948229004e-01 -2.235121023174848065e-01 -6.084307259016614317e-02 -3.152478424661329659e-01 4.804187648116076681e-01 1.434832821011775006e-01 1.291000084321906605e-01 -2.161620078238090659e-01 2.877650246489547592e-01 -1.061915918725087615e-01 -9.044302372925934475e-02 -6.494321017668393259e-02 -1.405002769447514788e-01 -2.738230115663332631e-01 -4.877244665524791550e-02 1.384021651662566410e-01 -1.493319306946527536e-01 -3.260964070661889203e-01 2.354664385490966572e-01 1.744874347670078429e-01 -4.029866128480915632e-01 3.566407171301110290e-01 2.057996326808923804e-01 -5.681867343031404144e-02 2.847206507454567714e-01 4.071584422619569515e-02 2.923170041712483402e-01 -2.413300111650310553e-01 -1.295299160840662211e-01 1.602682679869660842e-01 -1.775740705641683792e-01 -1.859369688008653543e-01 -3.660307788926540906e-02 7.041921781043794515e-02 2.325357385542015931e-01 1.862476971764264466e-01 1.498477717204436122e-01 2.392032763275803164e-02
3.504444969354710837e-01 4.309490768787820336e-01 1.788458960500834416e-01 -7.183431164931726454e-02 2.661901547791086231e-01 3.555716149048459562e-01 3.013145589517066125e-01 -3.749186234895664493e-01 1.972078934376209902e-01 7.855850689813244359e-02 5.335385319698054268e-02 -1.447295897797820641e-01 3.736955575169785826e-01 8.073037535278269894e-02 -1.155432894969858765e-01 4.027696695006389160e-01 1.336128082113216715e-02 -5.459652898602643939e-02 4.965844486137798719e-01 4.253881215333991661e-01 -2.159958868566063950e-01 1.884890927929516180e-01 4.359387796001135823e-02 2.226217399445450662e-01 1.978733821311370183e-02 4.872111468310212634e-02 -2.281290050567163774e-01 4.200060264969690538e-02 -2.419226092597894645e-02 6.127981332433910522e-01 -1.576936572291802452e-01 -1.405634591030323621e-01 4.119789249112557616e-01 -8.896696299107376138e-02 -7.552422594177203574e-02 1.253014130965209028e-01 -2.879563515866218060e-01 -1.051698864452936116e-01 -2.144654763987880464e-01 -1.365079386373872251e-02 -7.946774616667111324e-02 1.774287174806368494e-01 -9.765766696928999957e-02 -2.029396093554186251e-03 7.073310958317347019e-02 -2.565797900305939044e-02 8.361086119708439901e-02 -8.744706139020615165e-02 4.098340790940598333e-01 2.792109908947294494e-01 -3.494727992290865282e-01 -4.592306978151753510e-02 -5.884810961147400599e-02 2.208614512146903630e-01 1.810652087121925324e-01 2.781213601531897228e-01 2.204575619087137395e-01 2.382212754063448290e-01 -1.410532104742959203e-01 2.563740575906198749e-01 -1.875400187442482491e-01 6.690406922023135472e-01 -3.630560003177961681e-01 -5.634539398674038267e-03 2.002937020834807125e-01 2.741631190229361636e-01 2.671600628493440155e-01 -3.280805070952820257e-01 3.161693010333407328e-01 -2.395671547072929508e-01 2.252438044268513795e-01 3.227733701994844190e-02 5.187871614135357579e-01 -2.828483370542345110e-01 3.611171103186325282e-01 4.526149059203725677e-01 -1.409225184211433113e-01 2.656905188340378111e-04 3.050477165159538595e-01 4.079272773930127105e-01 2.035544384802031870e-01 5.334573825681958592e-01 2.275302997641784897e-01 -1.505507832368426224e-01 -3.019662753836912517e-01 -3.296884495288587291e-01 -3.720406201863306062e-01 4.247908431679424113e-01 -1.416740379555502249e-01 -1.533234503105065372e-01 -2.924102321815742478e-01 -7.943467843575374721e-02 -2.511152356159175938e-02 -2.973016752885870306e-01 2.817627033180382656e-01 -1.556498844792600193e-02 1.470230964240010207e-01 -2.101751410745427151e-01 3.564010913279637149e-01 -8.991804743340738038e-02 -6.146992797194965330e-02 -2.602327399806413782e-02 -8.125658505206742599e-02 -2.319468429559949640e-01 -1.369521892841766841e-01 -8.083985763724932383e-03 -1.668676621042291253e-01 -2.799784616014973082e-01 2.108836415727881886e-01 1.809715776447994029e-02 -4.198702655912222581e-01 4.102034076094829840e-01 2.185900638962261777e-01 1.292241808654476798e-01 3.353195443546507781e-01 -9.149989575139660589e-03 4.040644925986721647e-01 -6.288984955945364774e-02 -2.049826185196960138e-01 1.717413230373919242e-01 -1.025056575201762632e-01 -2.290382045012801793e-01 3.240782560203376433e-02 1.623536365586010499e-01 3.412163622659092344e-01 2.440883092772277441e-01 1.560352429725916368e-01 -1.460277294827681642e-02
7.211170613047945821e-02 1.788458960500834416e-01 2.492031041216179466e-01 -4.673626944430384067e-02 -5.126619168507935004e-02 2.609757377877469642e-01 6.447949175160906654e-02 -1.219872184442958307e-01 1.325758193061674084e-01 4.110967395508205446e-02 -4.813224837198532696e-02 -1.360002701426476709e-03 2.583068625973442556e-01 8.073404770968224675e-02 -2.062375883800051171e-02 -6.078348384702229185e-02 -2.948219966127918826e-02 5.543283456351170285e-02 6.905475621327472613e-02 2.991570164236950768e-01 -6.321580992619295347e-02 6.414754182330928423e-02 6.624786525160758499e-02 2.149377598353355984e-02 1.577293167776011307e-01 -8.007138015303955081e-02 -9.456036268790722621e-02 -1.632203249021956237e-01 -8.112189629160895810e-02 1.184879378853849474e-01 -6.178415106466373513e-02 1.239804065368962649e-01 2.837902595291158514e-01 -2.190209578504558607e-01 -1.164548395573450704e-02 1.465557027877968932e-01 -9.992956250539586360e-02 -1.899816161753659360e-01 1.072535258581900144e-02 -7.146611413102348098e-02 -4.676336641561061602e-02 6.228209199783108635e-02 -2.338786623961566086e-02 -7.969248870736563017e-02 1.698561825263910641e-01 4.015461093156839217e-02 7.290230039292414088e-02 -5.822227572805008244e-02 2.665197451496883474e-01 1.043539455586367237e-01 -2.410410569282529503e-01 5.036474710552568679e-02 -5.291443929326708484e-02 5.688370269667680085e-02 -1.237458371549355132e-02 2.428506001427948799e-02 6.314333478053993365e-02 7.999428885877797601e-02 -1.541949022249788637e-01 -5.616947627706424771e-03 -3.045114655939846343e-02 1.751783616832787716e-01 -1.378477871021139833e-01 5.133426226363860256e-02 2.190614636839853802e-01 -9.035884435235101708e-02 -1.041475769518576538e-01 5.668490157281173836e-02 3.953886818184790264e-02 -8.204396762250112940e-02 5.699052432713772737e-02 2.650630143289612467e-02 3.009218600971148849e-03 6.665077383007042555e-02 2.696872045007208674e-01 2.797002845603041576e-01 -2.444136148466692637e-01 -3.607504385979917738e-02 1.565826707662571968e-02 2.718736419098756740e-01 -1.118087369074191456e-01 1.731560391507829255e-01 -6.303788765076555334e-02 -2.301531887965574952e-01 -6.881121567596024113e-02 -2.105816634998626813e-01 -9.581660684657100635e-02 1.435437273620412679e-01 -2.188450102098511985e-01 -6.089838339199965533e-02 -2.825149627140240496e-02 1.555913387837376538e-01 3.881728370887321811e-03 -3.091478689521744150e-02 -8.799831669394214684e-02 -1.578920447210270250e-01 1.132313433621140730e-01 -8.935517195698416959e-02 1.178131174794898872e-01 2.519080691351818085e-02 -2.908082836916834214e-03 4.910152983489686485e-03 3.809542803129878103e-03 -6.572665655874659896e-02 -1.601168788190127923e-01 -1.424286567866497044e-01 -5.423117020590364351e-02 -2.375513113726810538e-02 1.568122161409812171e-02 -1.459703830894317766e-01 -5.425198134228043090e-02 9.508070880741280317e-02 2.191189760687012322e-02 1.858335038036973141e-01 1.032588107052363341e-01 4.299655113134680240e-02 2.724603488659144146e-01 1.520783001107408605e-01 -2.226085802351760734e-01 4.637838061796542566e-02 -1.156684767650820525e-02 -1.243094439740268786e-01 5.131729644441414967e-02 1.706346530451095800e-01 2.499999360228691014e-01 -9.385381460969087486e-03 2.910958886474147855e-02 -1.615742015741290782e-02
-1.355598262919299399e-02 -7.183431164931726454e-02 -4.673626944430384067e-02 1.085405184425760339e-01 -4.576687210567221414e-02 -8.388791140803737723e-02 -3.012696832733934710e-02 4.098406848195557117e-02 -6.936522150729411418e-02 -8.400100957263428869e-02 -1.159396748159265481e-02 -3.597127475953753716e-03 -9.147567620322581694e-02 3.310916857600281621e-02 4.053625656424686245e-03 -8.464954949842300180e-02 -1.159306040311380848e-01 -2.267776397135016705e-02 -1.153958340195731513e-01 -1.104079665359440493e-01 9.905580923771381552e-02 -4.428490110035419869e-02 -6.645723606528013659e-03 -7.282298761422083266e-02 -1.939281003735486217e-02 -7.342257271978791522e-02 6.892187442392380681e-02 -2.950867579068824562e-02 -3.693321322817435387e-02 -1.409609344009468967e-01 5.987907936257822611e-02 7.760827799549704746e-03 -1.111306026925536622e-01 2.388114542744598778e-02 1.816183805973347470e-02 -4.190515568037683769e-02 1.270480507190773628e-02 -1.226959050476173971e-02 8.099886616977255982e-02 -3.699576513846477427e-02 3.621207893139537139e-03 -6.493915439845236726e-02 3.235320000730290690e-02 -4.226917051008958343e-02 -7.326609687931702475e-02 3.289978584567818803e-02 -2.866354360578101182e-02 3.122528408793173726e-02 -1.069597832480796012e-01 1.573170637092604143e-02 8.377718253826141326e-02 3.594296957443793988e-02 5.282178741781960035e-02 -1.287237975551900337e-01 -5.533443150889140461e-02 2.208014164367569365e-02 -1.966459248657746999e-03 2.271787375566780912e-02 4.819119280475200884e-02 -9.963401003464480987e-02 5.310551801137999850e-03 -1.634411899422534009e-01 3.316224918358855883e-02 2.504481131216848219e-02 -9.498055091023899221e-02 -4.269845132024343431e-02 -3.617366881674059786e-02 7.813386788388497484e-02 -6.274859741725836992e-02 -1.916175069556020488e-02 1.591838249407817943e-02 -6.854730771098255238e-02 -1.329713227003466169e-01 6.542765257348506780e-02 -9.598579605512946866e-02 -1.212912386416312716e-01 2.748097731241212413e-02 2.851640140205373257e-03 -5.103599819059260329e-02 -1.041911731201156932e-01 -1.588666500234492754e-02 -7.028279695754911793e-02 -3.055925369724048213e-02 3.126243373954291915e-03 2.772072645901337007e-02 9.255957206497551770e-02 3.620901044025867741e-03 -6.717169060980508755e-02 -7.355779218296112964e-04 1.155679738382436178e-01 5.798002834060814181e-02 2.681730400411985391e-02 -7.426990602318925272e-02 7.785875152333515681e-02 -3.941580639703851086e-02 3.941934982496515111e-02 -3.803746527630787189e-02 1.697322898890153350e-02 -3.668172918852569131e-02 5.284509186122953589e-02 1.011169229547249394e-02 -5.086914595859740040e-02 -3.869016448835210613e-03 1.096231318552837349e-02 4.476519954137639368e-02 3.278876317560346781e-02 8.591190741978940726e-02 7.384149349517707406e-02 2.147637537805286226e-02 2.731545397341885589e-02 1.075305630439401111e-01 -6.712133648229666461e-02 -6.002312429413748929e-02 -7.804156639703058174e-02 -2.254990362287745062e-02 3.323343155641864111e-02 -1.083974989887068197e-01 -2.629780479494508300e-03 -3.532378067100205681e-03 -1.228329113058285876e-01 -2.632764399709688202e-02 4.112052250320973046e-02 -1.105784823746091966e-01 -5.464643723472857595e-02 -7.379737644254336093e-02 -9.409632238688343808e-02 -6.645416364041599466e-02 6.370356924723923064e-02
3.508993018483718695e-01 2.661901547791086231e-01 -5.126619168507935004e-02 -4.576687210567221414e-02 4.573943822098316958e-01 3.476570989485587571e-02 2.453567687211230808e-01 -2.825518034407222268e-01 4.964591887857605634e-02 8.388745780417791731e-02 1.020068113136788079e-01 -1.560760187340534400e-01 6.328750400151784972e-02 2.484804242907234090e-02 -1.328900598071227623e-01 6.214015040706540871e-01 7.839835435430028698e-02 -1.489637948801139089e-01 5.052521072784599276e-01 8.339609315488165364e-02 -1.701231335132530609e-01 1.349409339657522133e-01 -7.421481057087715369e-03 2.623723136169693326e-01 -1.957854396446560841e-01 1.776433752457864668e-01 -1.529663254012436080e-01 2.649725832128334568e-01 1.859141734077808875e-02 6.015808221743058626e-01 -1.623105708157698279e-01 -3.525400997691930938e-01 8.856194288690028005e-02 1.320326509193353315e-01 -5.904907122001142733e-02 -8.159487708047409582e-02 -1.498314358919619615e-01 1.498692700165620284e-01 -2.451209918996301029e-01 1.799159617774803016e-02 -1.989555432020334233e-02 1.362315727361924633e-01 -8.001830959088809814e-02 4.229078359370203044e-02 -1.555114125745780673e-01 -1.766376670575856705e-02 3.127612616921512240e-02 -4.256030792348413500e-02 1.075094953256058722e-01 1.465154994626232388e-01 -9.531420914428936908e-02 -4.911203837035021946e-02 -3.071981151580898111e-03 2.236346371075247919e-01 1.906793847724011226e-01 2.821939221887800886e-01 1.508011749294941028e-01 1.460359019403780212e-01 7.149756362041378988e-02 2.930817063497926922e-01 -1.662179989396923574e-01 5.903480320174450124e-01 -2.505144902346120861e-01 -1.304920503176045096e-03 -4.812922590973812281e-02 4.934461803844941152e-01 4.933146190177470913e-01 -4.997138702666308330e-01 3.373215200434348526e-01 -1.443688160275659882e-01 1.362950170399014338e-01 3.913843928497422187e-02 6.967644390566274382e-01 -4.534061934407067618e-01 4.142292158003555574e-02 1.458715248237940909e-01 1.039038776833479671e-01 9.165118811530272025e-02 3.532229173635088038e-01 9.098959146099215578e-02 4.207939131926736742e-01 3.992579418277425463e-01 4.112973812262427642e-01 1.085157399218892038e-01 -2.492524562341587868e-01 -1.024500445910893759e-01 -2.714754686323442301e-01 3.545879783590002998e-01 1.129490002217738986e-01 -1.117252666285713375e-01 -2.398642576926365844e-01 -2.959547392273126354e-01 -2.383885069992356526e-02 -3.210405484000818377e-01 4.869332548745389233e-01 2.591991649812519505e-01 5.372131599076690467e-02 -1.587455062744729806e-01 2.038327081173702815e-01 -1.266263739601998506e-01 -6.421379797017674751e-02 -8.207268444316842201e-03 -1.132626550584412833e-01 -1.879340642583904042e-01 8.787010738887394978e-02 2.470624224144054026e-01 -9.963626487441294699e-02 -2.931020990877249988e-01 1.891646114691032388e-01 2.903476589356946969e-01 -4.227931861673027703e-01 3.190627517894035203e-01 1.759040430330602867e-01 -1.072637383786194387e-01 1.945208452454793568e-01 6.561950081501848877e-04 1.023643718689535159e-01 -2.916219518211276562e-01 6.853077360006261387e-02 1.814932278389249642e-01 -1.121001947058293396e-01 -1.022980614287510304e-01 8.681271408926253055e-03 -5.888820693205441825e-02 2.606434963258110610e-02 2.778898624343229540e-01 1.109578268680519869e-01 -3.486298318114085942e-02
2.352691332480215669e-01 3.555716149048459562e-01 2.609757377877469642e-01 -8.388791140803737723e-02 3.476570989485587571e-02 4.459538895882381171e-01 2.016970732900396357e-01 -2.715772694289228517e-01 2.478880698044291508e-01 6.379559883133387177e-02 -2.609426003684709242e-02 -7.004940975991609531e-02 4.547179906919302517e-01 9.387876914490773939e-02 -7.629710749178694740e-02 1.204325120641119573e-01 7.730356932639357746e-04 6.343311722923528073e-02 2.972168932002635100e-01 5.095538735199133251e-01 -2.082284395249481834e-01 1.291887840340248672e-01 9.426975392984902891e-02 1.389587061699215920e-01 1.228363621650357534e-01 -2.774587080599799638e-02 -1.767067973965985583e-01 -1.383041887994387320e-01 -3.658560911714429931e-02 4.130916454441030949e-01 -1.080574717811040447e-01 2.555614048729322116e-02 4.873548836175780052e-01 -1.943277944128861123e-01 -7.891569250490940157e-02 2.166118997046245220e-01 -2.540886105287907815e-01 -2.181075956491823620e-01 -1.024624831283742210e-01 -1.965953602866697333e-02 -6.099420134728801568e-02 1.212445031332523709e-01 -9.469484733099781115e-02 -2.219358969754850475e-02 1.861034026059643354e-01 -2.762893786020441736e-02 8.639592106074477085e-02 -9.783093827436560586e-02 4.735685250596461948e-01 2.533577245465998828e-01 -3.966796672043951255e-01 -3.177198004179283830e-02 -6.477906171097921884e-02 1.738519618837168768e-01 1.048698949646146988e-01 1.543415910165654159e-01 1.639527385946130955e-01 2.229072000607052184e-01 -2.330309327715933132e-01 1.261674979414146580e-01 -1.212171010626951623e-01 4.986976102131907007e-01 -2.773647981077552727e-01 -1.354754101523610206e-02 2.877550544729333692e-01 5.849385660338615733e-02 4.656426678692150711e-02 -8.027992875571897391e-02 2.106153459968224950e-01 -1.912452120085049445e-01 1.747564152064929044e-01 3.102619582796571629e-02 2.299574165552643046e-01 -5.184790601834574075e-02 4.542830529304835996e-01 5.054823656675881960e-01 -2.477917883356076378e-01 -5.898398217328139348e-02 1.860013395847072704e-01 4.794868982468628027e-01 9.929929209655092431e-03 4.036791461652169954e-01 1.526979590812005058e-02 -2.705942603111576861e-01 -2.088156919931342392e-01 -3.893726123334700917e-01 -2.816160730064726225e-01 3.420515446638052182e-01 -2.623551440914422828e-01 -1.423824946521546897e-01 -2.318189879472110637e-01 5.550474724358145373e-02 4.419393548907158201e-03 -1.818788159534808213e-01 6.950132393529609431e-02 -1.994702344711400399e-01 1.493405241273447481e-01 -1.508327648519639241e-01 3.073304730656696848e-01 -6.480134305387054428e-02 -5.458633902770233109e-02 -1.610153216514666197e-02 -4.329541625464659871e-02 -1.934153014679768356e-01 -2.397347473161716980e-01 -1.803233605626096692e-01 -1.751054554840642263e-01 -2.012458621050955965e-01 1.391900713185981464e-01 -1.749462654709725284e-01 -2.518945032857284327e-01 3.035068821470373046e-01 1.788072639281307052e-01 2.250321540756304584e-01 2.871536082743527118e-01 -1.773215390106182635e-02 4.708887109615964572e-01 8.961431826724820804e-02 -2.917644346047774673e-01 1.374350068340384201e-01 -6.696959400403397489e-02 -2.357836964326922580e-01 6.005290699405797794e-02 2.516453932273413630e-01 4.327494914862447528e-01 1.201948056350211763e-01 1.642724243022116171e-01 -1.027986130929826533e-02
2.668691852263488928e-01 3.013145589517066125e-01 6.447949175160906654e-02 -3.012696832733934710e-02 2.453567687211230808e-01 2.016970732900396357e-01 3.103588319898979431e-01 -3.334409830149319132e-01 1.271328731564710379e-01 2.334993894463867001e-02 9.772100608674166855e-02 -1.644056000087130709e-01 2.153902785913673623e-01 -3.429096567797687567e-02 -1.241956109045893042e-01 3.775966150300572588e-01 5.660365151935847078e-02 -5.625758625535589447e-02 4.270497044895621985e-01 2.420185522246016407e-01 -1.084040912111627897e-01 1.097569881010828086e-01 -2.549027314080555204e-02 1.871254920645588349e-01 6.674903951500604261e-03 1.303046037608964480e-01 -1.257412035309885268e-01 1.660719983105939379e-01 4.046237185493436334e-02 5.022742633999610629e-01 -1.862697058288186325e-01 -1.239590347788280533e-01 2.424014009525405355e-01 -5.338452268037875356e-03 1.648984389221521546e-02 6.459083298624956893e-02 -2.677305884262144997e-01 2.870036857223410079e-02 -2.544020781535181741e-01 3.864012241431188932e-02 -1.432053073990753878e-01 1.020594343304887380e-01 -1.359120280065591064e-03 5.889599443626672426e-02 7.081180658500366154e-02 -6.447025091189600987e-02 3.174067783275076604e-02 -5.841974481990079571e-02 2.443515302649223730e-01 2.267608715592845103e-01 -1.904157239778897504e-01 -8.732378631974732630e-02 1.071311449165873383e-02 1.497898361103265352e-01 1.839738640940082048e-01 2.273768125428347053e-01 1.306741585706373832e-01 6.619329185549267802e-02 -7.868958835608054481e-02 2.939110096669059202e-01 -1.955347646202759693e-01 5.082183330464187243e-01 -3.107342386952186564e-01 -4.950520713665126221e-02 1.371326705737096197e-01 2.224038902203191170e-01 2.234003143974849226e-01 -3.328585487516015906e-01 2.154716460056711747e-01 -1.665651050799517308e-01 1.993189079235492822e-01 -1.379817737803599662e-02 4.599519919400245072e-01 -2.951760753097579237e-01 1.991183363609240475e-01 2.817826291915313530e-01 -1.634885313471860779e-02 8.842419204969832747e-02 2.112392220831835754e-01 2.440775674705179810e-01 1.629780594855254339e-01 4.340307067858397150e-01 2.084915788364138656e-01 8.592055000576234725e-03 -1.988454310800140123e-01 -1.941110516549115483e-01 -2.923994797814153390e-01 2.844426220031497921e-01 1.684651783817981557e-02 -9.895856025739309392e-02 -2.195466580406691681e-01 -1.109396773882041637e-01 -4.563707101752775136e-02 -2.568321235908198608e-01 2.238185435169137982e-01 2.003905664730095543e-02 8.825120279104403664e-02 -1.860217833460984793e-01 3.183883542683627610e-01 -9.473222922937614421e-02 2.148407726737592768e-02 -5.945624808220840302e-02 -1.051754808033499439e-01 -1.950618002265495365e-01 -6.492116841426628926e-02 2.412816358377249323e-02 -5.679049051849181795e-02 -2.139691399695950180e-01 1.906773122648311447e-01 4.769169131157112440e-02 -3.691820440717421548e-01 3.921047642682792822e-01 1.646149766453744168e-01 1.122164211508488441e-01 2.996467212091349364e-01 -5.039192294999479682e-02 2.355954320123394563e-01 -8.511721214576672967e-02 -4.165967821213954064e-02 1.071176084421295166e-01 -1.047613259056042606e-01 -1.218133204204391168e-01 -3.571737248581740979e-04 9.045868794639519428e-02 1.832248848564196619e-01 2.814280542645439254e-01 1.356295139556341622e-01 2.623546670763517857e-02
-3.441650072322757770e-01 -3.749186234895664493e-01 -1.219872184442958307e-01 4.098406848195557117e-02 -2.825518034407222268e-01 -2.715772694289228517e-01 -3.334409830149319132e-01 3.910495484929060184e-01 -1.526299825845934266e-01 -4.092336990903144844e-02 -6.705333780384353792e-02 1.625946914213770300e-01 -2.876362581760871784e-01 -2.194880636546783087e-02 1.338631367693404184e-01 -4.328281906842711968e-01 -2.527500731183834198e-02 6.909199328345425051e-02 -4.897595078577459127e-01 -3.250520634646698603e-01 1.499594633965666557e-01 -1.442280676313037469e-01 -1.762450685626960889e-02 -2.229281685037747263e-01 5.380734180544586090e-03 -9.818664396389227556e-02 1.693452600998757718e-01 -1.245111381982640514e-01 1.174174452035830866e-02 -5.889515442116117772e-01 1.949814994810558644e-01 1.566192690253305764e-01 -3.196044990980150269e-01 4.260793845635632571e-02 7.912700244447042411e-03 -7.958381906346440049e-02 2.860654079952027473e-01 1.932349302711255587e-02 2.411155042665472925e-01 9.103565872555098581e-03 1.296763891436231164e-01 -1.320004262541655815e-01 2.859340077132142138e-02 -9.203053142373107329e-03 -6.131135710166250863e-02 2.834098515205595720e-02 -7.152313333291486497e-02 8.801791309255220519e-02 -3.213047740453892631e-01 -2.743756592544706052e-01 2.681104323563750502e-01 5.152143128296365199e-02 5.271139970275898028e-03 -1.862503710394001200e-01 -1.732162194373008113e-01 -2.784057422037215512e-01 -1.674559826847686617e-01 -1.481350107811032490e-01 9.461053959633063115e-02 -2.828494932578896615e-01 1.991614687369541170e-01 -6.141240488744110770e-01 3.721941425886916011e-01 9.413084590707504126e-03 -1.693502093704512823e-01 -2.753404452847344475e-01 -2.723076718539796937e-01 3.663396934104168889e-01 -2.752613948587542825e-01 2.074749743440332250e-01 -2.157206724921438001e-01 2.530356452302524092e-03 -5.310761531794125911e-01 3.229482252026402156e-01 -2.711082730935059915e-01 -3.618300490930478897e-01 7.386214178566614941e-02 -7.394011297012202666e-02 -2.702810514559625399e-01 -3.191337777808859744e-01 -2.083219527398836313e-01 -5.196761684669048975e-01 -2.427032348925461935e-01 5.625331374428213516e-02 2.471477700653965381e-01 2.575591089525407495e-01 3.438672739947966628e-01 -3.778256809038167408e-01 4.355749598269756384e-02 1.200342483189443810e-01 2.547647367002280339e-01 1.058649411664041584e-01 4.554096551980981594e-02 2.961532197382356069e-01 -2.801684673582396368e-01 -3.244503935463141642e-02 -1.350679745915554508e-01 2.339845356626705786e-01 -3.449690660852601232e-01 8.591194412937096236e-02 2.236733937667853382e-03 5.483533013557460173e-02 1.051557005672712486e-01 2.344158546921863151e-01 8.330308451762334643e-02 -3.766341303417026359e-02 9.047553740757885432e-02 2.528914764329517895e-01 -2.093344877052364106e-01 -6.553325962961396856e-02 4.170883146622573201e-01 -4.199857445577385162e-01 -1.853381011720766358e-01 -1.119909867473114634e-01 -3.264094299081155559e-01 1.109878475769922324e-02 -3.121829538327587916e-01 9.213578748008305341e-02 1.110253110732734028e-01 -1.372161940037735506e-01 1.228392746175058642e-01 1.739967316771841022e-01 -3.756173369375957576e-03 -1.130328092867848716e-01 -2.552042444258689202e-01 -2.687029811151496195e-01 -1.379974860611126730e-01 -1.966374493559322478e-02
1.605085220995758066e-01 1.972078934376209902e-01 1.325758193061674084e-01 -6.936522150729411418e-02 4.964591887857605634e-02 2.478880698044291508e-01 1.271328731564710379e-01 -1.526299825845934266e-01 1.900666887234452873e-01 4.027324427154435615e-02 1.459796902987593953e-03 -4.100863252043990270e-02 2.606080012270566293e-01 5.043154848175110394e-02 -8.805437648868640055e-02 1.249843469391117290e-01 5.429832721169175480e-02 6.216449074986934997e-02 2.095758686275161209e-01 2.951269120167993032e-01 -1.533263840156112723e-01 6.129777059922881383e-02 5.932355956097744298e-02 1.106918322906489671e-01 4.489649243782066479e-02 3.202537741281612921e-02 -9.856138444125711606e-02 -3.318340514441101008e-02 1.349226197795403738e-02 2.936532828926443628e-01 -1.054100206818735785e-01 -3.043482753468211566e-02 2.862172354149855602e-01 -9.155988910229724553e-02 -4.581247829367281199e-02 1.490337840268972924e-01 -1.574702745190993680e-01 -9.436466277672660163e-02 -1.004811516694226192e-01 2.349901899777164654e-02 -2.945893658303491702e-02 6.998710161454403667e-02 -5.885820954362414037e-02 2.659854272202880759e-02 1.026875291834064702e-01 -4.026170702565518705e-02 4.919208340758245146e-02 -4.504121595133770556e-02 2.804924163975011653e-01 1.285191902230932992e-01 -2.460809355845766655e-01 -4.707888682073523706e-02 -2.768918139935629477e-02 1.362247098885389085e-01 1.064624980285093087e-01 7.821895760727304303e-02 8.747915429521287145e-02 1.174954418728481192e-01 -1.608904439198022840e-01 1.242741971016751018e-01 -7.367882375622918090e-02 3.471562928167764572e-01 -1.486751881818777765e-01 -3.089396275914388715e-02 1.514782904756065418e-01 9.944508717203164039e-02 9.216842130826950752e-02 -9.075241931520217076e-02 1.642007590018220720e-01 -9.747886430984016581e-02 9.594326742815564857e-02 1.126208106714684035e-02 2.076225603228242789e-01 -6.893782980730249477e-02 2.610851398132811307e-01 3.068698944644127624e-01 -1.168761304301329657e-01 -1.064844980608298242e-02 1.509879523144356250e-01 2.806087023890372900e-01 5.556107268534057897e-02 2.382252658505034093e-01 2.725897012257008645e-02 -1.332740822472222031e-01 -1.268454242161709544e-01 -2.359071130965220697e-01 -1.630821997299554127e-01 2.388440257829262947e-01 -1.356616878350833111e-01 -1.028116330940152950e-01 -1.450890280596223991e-01 -2.109070193140561225e-02 9.114923889705132953e-03 -1.262568898998640832e-01 1.014853259329610707e-01 -1.120182673731463241e-01 8.638677056872688664e-02 -7.919896604556428410e-02 1.922216862672787019e-01 -7.399426784554388736e-02 -2.881283660250729892e-02 -2.383491064861184561e-02 -6.879464188791309387e-02 -1.215586345847154970e-01 -1.622949072262600267e-01 -1.020215337288634116e-01 -1.233036103113119564e-01 -1.480080409910232153e-01 8.156289979197259288e-02 -9.449169528272695351e-02 -1.771677493712526807e-01 2.066533285424470567e-01 1.174699387066794470e-01 1.319468755157878759e-01 1.764592784008507109e-01 -3.324772732103759010e-02 2.821120121702394568e-01 -2.733401659625080572e-03 -1.345675054600990461e-01 1.140564315775668275e-01 -6.030600110831807470e-02 -1.137242725915876967e-01 5.632815875122669513e-02 1.713805674978222948e-01 2.347050117696667659e-01 1.166598923038409397e-01 1.389185072919089103e-01 -7.217525707666959563e-03
3.419235453128436492e-02 7.855850689813244359e-02 4.110967395508205446e-02 -8.400100957263428869e-02 8.388745780417791731e-02 6.379559883133387177e-02 2.334993894463867001e-02 -4.092336990903144844e-02 4.027324427154435615e-02 9.177854503215082671e-02 1.394375929490387217e-02 -1.666593917677541836e-02 7.123642427971528523e-02 -1.496519150958852164e-02 1.147011586073426199e-03 1.130846521647841524e-01 8.883525028298576431e-02 -3.109221575740737757e-03 1.173890861331003815e-01 8.962897659514892923e-02 -9.542718012865734900e-02 5.108575029089448827e-02 3.886484990716011778e-03 7.427966728175745825e-02 -2.270459180078105918e-03 6.496252500385783779e-02 -7.047910616476348034e-02 2.007448755791636091e-02 2.114678727734107394e-02 1.541290383286932630e-01 -4.258017095479079556e-02 -3.014997089740775391e-02 8.807289097507017828e-02 -1.369652417145042662e-02 -4.072892052671319568e-02 1.134646386735090355e-03 -7.628071635232749372e-03 1.787714919147557688e-02 -6.328504423603886764e-02 2.204674001398618591e-02 1.301537736684495877e-02 6.491684773264087827e-02 -5.402419881964420911e-02 2.559078105987393909e-02 2.882075033629912658e-02 -1.928139945441366063e-02 1.066577401220902138e-02 -2.759759763884878786e-02 8.622775671860849478e-02 -2.509618392762273144e-03 -5.861002219381272749e-02 -2.162999475709992750e-02 -4.901314964663357199e-02 1.206830374109175569e-01 4.476667468988407284e-02 1.077017289821203053e-02 2.338210564369739425e-02 8.933681800603046272e-03 -6.527771014602018300e-03 7.908860641497597599e-02 -2.469456102825271643e-02 1.663949046044519986e-01 -3.533146038576286813e-02 -1.150889822949912461e-02 6.301640521688015029e-02 6.857621194558317923e-02 6.176059396378458244e-02 -8.626725892512734917e-02 7.640471242717447597e-02 -3.697112906321530206e-03 -1.969808826866860547e-03 7.908420828723689011e-02 1.550678920504641733e-01 -7.308702208365717989e-02 7.362298469470986151e-02 9.927698312727434304e-02 -2.493066514642391582e-02 -9.433519043347221231e-03 6.705744453893833223e-02 8.291141636093762868e-02 4.416305559880630283e-02 7.466230093572813475e-02 7.079988104791742898e-02 -6.457005033516608795e-03 -4.872759194542550937e-02 -8.359233976086502538e-02 -2.746308440316344232e-02 7.337889721623752637e-02 -7.554838880002766538e-04 -9.451923281213490957e-02 -6.693083287524896619e-02 -4.405158582534580286e-02 5.536535186183220297e-02 -8.736189846875386245e-02 6.424063672577041972e-02 3.600278018678781337e-03 1.754324468177070884e-02 -1.345860144108084605e-02 3.125849684321350963e-02 -5.483950438347733047e-02 -3.664413353528316736e-02 6.103781656818535462e-02 1.036953964485380977e-02 -2.637776062994611967e-02 -3.635869570667772058e-03 7.763440398533611418e-03 -7.518366107956166167e-02 -9.021404806461243153e-02 5.584357172329090964e-03 1.535764408340243789e-02 -1.049267680082470455e-01 5.860365223872685686e-02 6.409842439759018407e-02 3.192683349905540285e-02 2.044768717339058572e-02 -1.789433449222290959e-02 8.794179781838623589e-02 -1.057942697387012458e-02 2.417462167980033959e-03 1.118710160756908878e-01 2.193309158346129148e-02 -6.122014552725615205e-02 8.495579412171490319e-02 1.288371195462394495e-02 5.752995921676767876e-02 7.593612205773586643e-02 5.191123532687776099e-02 -7.114112326692370591e-02
6.457269028883872580e-03 5.335385319698054268e-02 -4.813224837198532696e-02 -1.159396748159265481e-02 1.020068113136788079e-01 -2.609426003684709242e-02 9.772100608674166855e-02 -6.705333780384353792e-02 1.459796902987593953e-03 1.394375929490387217e-02 1.096255293901501476e-01 -7.949967403640628705e-02 -2.274564416019783999e-02 -9.257713735154443624e-02 -2.330425657681966384e-02 1.269231666247207513e-01 7.250493833595722526e-02 -4.127166683425139565e-02 1.346133290076927669e-01 -2.181211032738440345e-02 2.867530047935386642e-03 3.435937864674064313e-02 -9.413843304885205487e-02 3.188539609401547931e-02 1.404169898791262500e-02 1.021880942973669715e-01 -2.994476218796781122e-02 1.472323614267643799e-01 9.359383776943551447e-02 1.250763857156632075e-01 -5.980917432668277078e-02 -2.488830725247285006e-02 -1.245182196807961654e-02 5.281416217026754095e-02 2.687707017971445803e-02 -1.223719312984133077e-02 -7.775966635534806159e-02 8.075630495692559530e-02 -1.474564654699479227e-01 8.491469155854658446e-02 -6.640441071053193589e-02 4.102911117024849591e-02 1.882675554067457860e-02 9.833193342664461878e-02 2.305329677285661294e-02 -7.685975371226039243e-02 -4.480549966770436959e-02 3.094451846034636244e-02 -1.086312517038352278e-02 1.284678187817219798e-02 2.852820546099782764e-02 -8.763438539091399082e-02 -1.881862182875906030e-03 3.212400640598293833e-02 1.100874333764046836e-01 3.534517637013378372e-02 3.068958848875128625e-02 -7.774533415993323260e-02 9.592352194220761172e-03 1.646240221498390943e-01 -8.434541403267437065e-02 9.592807592380792059e-02 -4.993836203514537969e-02 -7.224613827691461765e-02 5.109828505299456210e-03 5.004423534098247084e-02 5.548997837458154170e-02 -1.382165758548103418e-01 3.271518128406417786e-02 -2.920233717261300904e-02 6.592731452273105364e-02 5.115915767414252330e-03 1.449117639030757798e-01 -1.261929396632585354e-01 -2.856519933472284611e-02 2.108646651273269734e-03 7.290029421377952623e-02 4.615813851083056668e-02 2.956877921184904515e-02 -9.410513229223767262e-03 3.162644996978038192e-02 7.862416654438503238e-02 8.621692528710919734e-02 1.003032478963995638e-01 -5.059015144589928958e-02 1.886733682190553166e-02 -6.573268683636719623e-02 -6.468876399768432907e-03 9.848456716455500359e-02 -2.891187076887380414e-02 -5.773122056035264599e-02 -5.969096821659010399e-02 -1.275326779004317887e-02 -7.742921692327779659e-02 4.608728867606447233e-02 2.964919693317555685e-02 -3.082025363433593332e-02 -1.353559982937338479e-02 9.604647631816665143e-02 -5.331370229177193748e-02 2.627276545250069317e-02 -8.210005569558826571e-03 -2.720525322995878334e-02 -1.137934910643740444e-02 2.039680404931160443e-02 2.778992033057837638e-02 8.884106689264575224e-03 -5.236435440036086436e-02 5.674440586494544636e-02 3.568877772963276185e-02 -1.278192195178067814e-01 1.320571494666052115e-01 5.606736006333478545e-02 3.093309413603281821e-02 8.480132502365538005e-02 -7.533690761322678342e-02 -1.310598412173955007e-02 -3.800832302674581747e-02 7.624235794487241313e-02 2.239757404579961753e-02 -4.227648560914038824e-04 1.269590027784356714e-02 7.578162714918929010e-03 -1.141756078943270344e-02 -3.614909703639625216e-02 1.616562492631977432e-01 3.525672119227921120e-02 -4.193307698678263098e-03
-1.307779401433589173e-01 -1.447295897797820641e-01 -1.360002701426476709e-03 -3.597127475953753716e-03 -1.560760187340534400e-01 -7.004940975991609531e-02 -1.644056000087130709e-01 1.625946914213770300e-01 -4.100863252043990270e-02 -1.666593917677541836e-02 -7.949967403640628705e-02 1.210874352034352758e-01 -7.637160917512680891e-02 4.286319313948663834e-02 6.303113713374071392e-02 -2.178994330139264191e-01 -3.606877264254307325e-02 4.496852212982677122e-02 -2.235300151002851399e-01 -8.667535817589230862e-02 4.782545014446882431e-02 -5.329141491576463996e-02 4.533846814144722182e-02 -9.325292474311716595e-02 5.889371581977462765e-03 -9.487620370020716232e-02 5.407426898425651829e-02 -1.120390871391965665e-01 -4.883116039524250385e-02 -2.686443919400580138e-01 9.198335529852166847e-02 7.283512885064319375e-02 -8.736886653473763253e-02 -2.633318802676720694e-02 2.208568004951839015e-03 4.100724607108695817e-03 1.477906276806599528e-01 -4.977483587886165350e-02 1.500735785411187184e-01 -4.668248365565079439e-02 7.696519738758869633e-02 -4.593232462957529127e-02 1.059230696109731557e-02 -5.765585458198307228e-02 -1.361222479543665320e-02 5.687980574898116037e-02 2.557822955496535933e-02 1.468845283237424013e-02 -9.037597592490784204e-02 -1.182254239053141115e-01 5.032659599446968196e-02 6.891830146971748838e-02 -1.566669528847722606e-02 -6.981342254644679057e-02 -1.138660938796580979e-01 -1.310430134852345885e-01 -7.794592826585924894e-02 -2.147430519680015859e-02 4.478503391937831146e-03 -1.692552032588887367e-01 1.364995617834605102e-01 -2.512766897020276557e-01 1.490657180351869782e-01 5.039820561399960958e-02 -4.002340754583209870e-02 -1.231932281068663787e-01 -1.257239787738314019e-01 1.835427967589210452e-01 -1.115784898002288583e-01 9.640244235271008821e-02 -1.223106510231488364e-01 -9.737403516650667071e-04 -2.545679198693588940e-01 1.637796813216807756e-01 -6.550166656757366868e-02 -1.106808312678736750e-01 -2.446581542799426690e-02 -5.167284632787387533e-02 -1.106376710450263229e-01 -9.080769713051117797e-02 -9.343883954455994845e-02 -2.123260133363633340e-01 -1.381453996709542109e-01 -3.663634209804791930e-02 1.121398018779890676e-01 8.105472923662039586e-02 1.671405958245297807e-01 -1.220813461090898971e-01 -4.166303266471584749e-02 3.485674052793381189e-02 1.287621957302052256e-01 8.754625607425595146e-02 3.892527494150826300e-02 1.464825235389809466e-01 -1.202316724407711951e-01 -3.483682993725113752e-02 -2.044232624236622890e-03 7.490296245336480752e-02 -1.742855073984404812e-01 7.374217260908894067e-02 1.664661596328107776e-03 2.401746432617692800e-02 5.618053941864314255e-02 1.087072219147636326e-01 -4.258919658682719378e-03 -3.517315214463144490e-02 1.270274915150969124e-02 1.297465443643258387e-01 -1.296352123155548319e-01 -4.817733514508232978e-02 1.947485982362861801e-01 -2.138322775860969360e-01 -9.912317351603189275e-02 -3.161401964743727755e-02 -1.658905178389431800e-01 4.882301432813751507e-02 -8.544459264299135437e-02 5.566505121605885148e-02 -1.387681680261853429e-02 -4.485013653346187762e-02 5.412151596894358013e-02 6.606015163892234310e-02 1.838537114199003189e-02 -6.760340673749564919e-03 -6.031710323374509658e-02 -1.655031110124978166e-01 -7.402492935885300607e-02 -7.818428094653790544e-03
