1.973253879864523067e-02 1.181132798111153744e-02 -3.172019549766803836e-02 1.407934881294666332e-02 8.302383192184077665e-03 -2.303301396202541915e-02 1.942733114677303030e-02 1.382031881402913691e-03 -1.463195152020086570e-02 1.816193141811310932e-02 -6.039779467685584165e-03 -3.281405800556615876e-02 -9.215826086191505201e-03 -1.727866964137791256e-02 5.108105378087158741e-03 1.602421462909485103e-02 2.374227014839002531e-02 4.518557200625478122e-04 1.695160292912512717e-02 -1.074604589633669331e-02 -2.531714221379647266e-03 3.924180019397827297e-03 -1.602106316642544492e-03 -1.629280670406411903e-03 -2.181272611594711232e-03 1.090156327126157653e-03 -2.117763009341795677e-02 3.047919577244264863e-02 -4.559055451332235699e-03 -1.598217377383993713e-03 4.030552318655631142e-03 6.126552798001062968e-04 -2.940214690833417577e-02 -1.304950352597064600e-02 -4.164783300418797504e-03 -4.857371997566400771e-04 9.185259383038534356e-03 6.094024450656818255e-03 -4.655762688215276356e-03 3.071442364994857437e-03 1.036676000237244516e-02 -1.948015582315901911e-02 2.357420904707975464e-03 5.829755619426179453e-03 -1.039603848238065432e-02 5.106201167526782042e-04 2.162381356321728051e-02 -3.078810937983406798e-02 -1.255356264703587528e-02 -6.695654500330838060e-03 3.127951818503497267e-02 1.486930604270272037e-02 -2.048371080290071686e-02 6.415295852862603785e-04 -2.509311875942658865e-02 8.716975807485755415e-03 -2.023607163442744244e-02 -3.093404136927386042e-02 1.823848975351865728e-02 -4.947995253873860473e-03 9.518981299949774363e-03 4.410704598630654262e-03 -1.251763675683993660e-02 3.117601711973010808e-02 1.113986847303055812e-02 9.170672646276886112e-04 -2.398352722767644208e-03 -9.834810667896624545e-03 -1.042367307617080366e-02 1.429355188729405056e-02 6.283101522692384304e-03 1.111169413347113354e-02 6.426136402215548021e-03 -1.219756316972738820e-02 -1.444379200164336643e-02 -5.139552996371359039e-03 1.097614907927220614e-03 -1.532722199702487003e-03 -9.048249899535121266e-03 -1.236590435183113415e-02 -2.596941874732972694e-02 2.552924966290168879e-02 -1.177834032416721433e-03 2.385283455923628473e-03 -6.346905978908674514e-03 7.969110617979566560e-03 -9.579599587219230980e-03 -6.712817682069965007e-03 2.150154865524103731e-02 1.391125378676091352e-03 2.223610726011011895e-02 -2.402533927323091678e-03 1.746973535710581726e-02 -2.090384230481647908e-03 3.978635722588576978e-03 1.177336019608790293e-02 6.132680927057292640e-03 -2.568162795971684620e-02 -1.421108780685892761e-02 -1.213336845657342518e-02 -2.974351683159246265e-02 2.764799202485437174e-02 -1.700072875611720324e-02 4.077649142873705952e-03 1.739441466563365971e-02 1.112233286199480232e-02 6.400291568926535016e-03 -1.546938095982776503e-04 6.097287094362720608e-03 3.246043439456609142e-02 -5.729643228996685739e-03 -8.732264728168123019e-03 1.487759492366270324e-03 4.351013727653241410e-03 -8.884775191235398314e-03 2.038529651778147114e-02 -7.796928363602791817e-03 1.103756277563970947e-02 2.645431978737746923e-02 -7.718355762809901710e-03 2.377102920330203054e-02 1.268455111535583997e-02 1.938631676999055808e-02 -1.153055022113045995e-02 -9.453602704078380853e-03 3.567223467087904387e-03 -1.797324725961978523e-02 -6.517925267759979054e-03
1.181132798111153744e-02 1.897471120169344147e-02 -3.216300484837299190e-02 1.692719780027631890e-02 1.039709172016890781e-02 -1.786505548576443336e-02 1.536577424587288153e-02 -6.439173902265813570e-03 -2.233212199646143759e-02 2.364629769923002126e-02 3.022840307434506400e-03 -2.639500464961951065e-02 -1.412954980109365315e-02 -1.330779687290524482e-02 6.353613557550289934e-03 2.068306256800706358e-02 2.025309354870857836e-02 -5.353823185907490532e-03 2.294920214832582225e-02 -1.910096281194715792e-02 6.780650272529003750e-03 4.914781828849655587e-03 -4.802050434603733625e-03 -1.028144312449926628e-02 -3.845464303629912272e-03 -1.280138468508869179e-03 -2.251309261136356932e-02 2.589215866476493599e-02 -1.059388896511432795e-02 5.541156534317133280e-03 -3.079224202933824889e-03 8.799108049455956621e-04 -3.104554184133767256e-02 -9.347499424096957638e-03 -1.425362903192993989e-02 8.389255824215234667e-04 2.356220472795387752e-02 -1.337805461296633124e-04 -9.417264082198667854e-03 -4.225451792082736933e-03 7.510114434591872064e-03 -1.442374002905610041e-02 1.204779142340090892e-03 5.967944793729048833e-03 -1.842191410010535907e-02 7.225229786137350209e-03 1.670654698691119433e-02 -2.867572108085666982e-02 -1.913267531369546373e-02 -8.371372908049699857e-03 2.655765580136146969e-02 1.032212063943192121e-02 -1.680580128270553822e-02 5.847872243563051291e-03 -3.413472922039827162e-02 1.969050537801390888e-02 -1.561047706953685478e-02 -3.360284346193569138e-02 2.698567853386858034e-02 2.138172816223598508e-03 5.079014802633935628e-03 8.139946431048214817e-03 -1.086990696689814177e-02 2.967245139931148912e-02 1.154475422768557781e-02 7.765039016201883424e-04 2.477648909626905746e-03 -1.587629132386227451e-02 -1.226868999326546396e-02 6.518668476033833044e-03 -4.737438349851018880e-04 2.463249418571787988e-02 7.773127277965486900e-03 -1.024538097453720452e-02 -1.915892581354780577e-02 -1.060306813508903566e-02 -3.350110055686973589e-03 5.590410259405173207e-03 -1.243056258623012611e-02 -1.954847286340008830e-02 -2.954255335446185834e-02 2.209773729242669321e-02 4.347739143809288900e-03 -1.795269498741572942e-03 -1.963866598723972706e-02 1.079679061511524922e-02 -2.084600392815138745e-03 -6.060600638568918418e-03 1.474947457393476283e-02 4.378341328860627969e-03 2.438960519977036515e-02 8.267243803767788946e-03 1.453941191749824786e-02 -5.365880068216041278e-03 2.817752858055205204e-03 1.975369246601218001e-02 9.255007026077071916e-03 -3.610569416069639437e-02 -2.225953865600203974e-02 -1.103707015766959218e-02 -3.258999647717964604e-02 2.591524706945391721e-02 -1.074586693043941277e-02 4.554542097262696154e-05 2.405574683737608105e-02 1.955622263385808565e-02 1.254908611144194344e-02 6.005466802081466451e-03 -3.651328771207532856e-03 2.861385068256118436e-02 -1.199890221010325130e-02 -1.036176906208492385e-02 -3.757676538812595394e-03 2.569005692205262800e-03 -4.327315247851017468e-03 2.347208785304553610e-02 -1.157733503200627373e-02 2.110867095984059888e-02 2.724509584683524124e-02 -1.503976160815903747e-02 2.725106103954723705e-02 2.178730219166103224e-02 2.266189149359486635e-02 -2.155956278941372969e-02 -1.272634182954839911e-02 1.122870699659534593e-02 -2.927672803133605714e-02 -5.817798218919026897e-03
-3.172019549766803836e-02 -3.216300484837299190e-02 1.219084425874583932e-01 -3.408068884871972432e-02 -4.102312010779147339e-02 5.230706662542953383e-02 -3.965491236992523677e-02 4.971848936020190242e-03 5.402469306578820685e-02 -5.562964272912741120e-02 -1.161396900422211054e-02 8.906698239390115068e-02 4.055407585867504272e-02 5.226112800315421691e-02 -1.745970485237412911e-02 -4.128483887041639600e-02 -5.802206411549758192e-02 1.030802935522980631e-03 -6.081017794404010302e-02 3.688058295061684422e-02 -7.323914772050230115e-03 -1.439135524324851832e-02 2.481714899840620561e-02 4.640078395443166664e-02 1.940181347776688547e-02 -8.107601289444836892e-03 7.860228648905850934e-02 -7.798012113484005525e-02 1.782190614720423685e-02 -2.098335217047593224e-02 2.232117249889132866e-03 -1.505652549986378520e-02 1.179460906686618377e-01 2.246479577050292109e-02 2.341319802581805568e-02 5.950343879993410905e-03 -6.732273166223415317e-02 -1.995808480054556133e-02 3.804685432688292152e-02 -6.522309970817172751e-03 -1.564263258080346788e-02 5.181600507253959070e-02 -5.877018736423337587e-03 -3.451134288413178208e-02 3.244388978350219027e-02 2.396251470590839584e-03 -5.443023690780258994e-02 8.906273011391831196e-02 4.233869908294854434e-02 3.692846263674365997e-02 -8.598988602551012328e-02 -2.666517365447160920e-02 4.847479247394533008e-02 -2.989333111726659789e-02 1.126785064064444175e-01 -7.447584276830380989e-02 5.062785142412890710e-02 1.115006454352902854e-01 -7.170379282028530032e-02 -7.792004772821877617e-03 -1.441772725514540998e-02 -4.195824867350700371e-02 5.475174916469424669e-02 -8.791200587260117327e-02 -5.790872869494543412e-02 7.141381596074475833e-03 -3.844980315920535838e-03 6.064966565222943556e-02 4.878738243805266078e-02 -3.545206166826228578e-02 -2.243412437548942574e-03 -6.854433212476518378e-02 6.784859774101998069e-04 3.453954162033149450e-02 6.521255954982917158e-02 2.092378829351641129e-02 -2.221186352268504291e-03 -2.436115719578408473e-02 6.036254103797463605e-02 4.363637873286629193e-02 9.416850890348310577e-02 -6.122630443787816651e-02 7.331479296439508478e-03 -1.420261686974504632e-02 4.951507556852118019e-02 -1.345185351657299418e-02 3.311800030251548389e-03 4.655497497119581024e-02 -6.144946811969052153e-02 -8.944968032669285002e-03 -7.009015326028371351e-02 -3.607749458250125284e-03 -4.097490096265245241e-02 -2.771002399412679420e-03 7.824733183606246908e-03 -4.191852597940509684e-02 -2.641759522979439737e-03 1.187545845449133886e-01 4.477264484880879442e-02 5.828762585149618869e-02 1.106593805938283909e-01 -8.801364631754664269e-02 4.675801801907514960e-02 4.767133859766948395e-03 -6.676086168168450519e-02 -3.753465225239831227e-02 -4.016378843910337060e-02 -1.957741646486771750e-02 -5.241666765362689101e-04 -8.420721547138265706e-02 3.522281765962468475e-02 4.203998492858236624e-02 -8.713947710980815553e-03 4.288467927554040320e-03 8.634430632148198601e-03 -5.360888118101448524e-02 4.173427508112841078e-02 -4.776835717476739240e-02 -1.044241882188817055e-01 3.065806617441824838e-02 -7.800354377711156417e-02 -4.465150185477363004e-02 -7.702923663231620033e-02 5.346113640259540778e-02 4.872030543630935517e-02 -1.958599051451224288e-02 8.761611774328866009e-02 2.009111796333036895e-02
1.407934881294666332e-02 1.692719780027631890e-02 -3.408068884871972432e-02 2.124511917096164743e-02 1.432873863285206127e-02 -2.540471540424052085e-02 1.304817952855051762e-02 -9.578900380643707094e-03 -1.455312689162967070e-02 2.655936443888017029e-02 -1.535612786955462168e-03 -1.809997167016395847e-02 -1.378614989598299020e-02 -1.331802808894477601e-02 4.902740697860149058e-03 1.344066498335979611e-02 2.776829963437149260e-02 1.362518972072093455e-03 1.636301851677831112e-02 -1.941328315041145752e-02 1.303106181455794196e-02 9.379438309879761099e-03 2.255090035357672478e-03 -5.665323916833799739e-03 1.057918616484057736e-03 -8.357111391363816755e-03 -2.177566991571287802e-02 1.624400659903552785e-02 -1.695618667288935344e-02 1.368968261082455923e-02 -4.665592789725627430e-03 5.551700917027279324e-03 -2.808226434888554113e-02 -6.273598836469538621e-04 -7.959634012929216879e-03 -7.056505737631136969e-03 1.881805925729911413e-02 -2.537384190566076107e-03 -3.721739284798170674e-03 -9.696180605795664056e-03 1.415904885761997030e-02 -2.316991425970289786e-02 8.226036126960547049e-03 5.873526006358437655e-03 -1.903868803298801315e-02 5.670140003887606979e-03 1.636240964485949009e-02 -2.050263967257438813e-02 -1.881959460438075923e-02 -9.793991535978156110e-03 1.746432030127419502e-02 1.682179689940333303e-02 -2.411968525173819808e-02 -1.082478123180349167e-03 -2.825274417004136271e-02 1.460671212721038892e-02 -7.549523989402816444e-03 -2.799057040852948042e-02 1.774073605331301720e-02 -4.889746494259153940e-03 1.111709086576026344e-02 2.282214869062766920e-03 -8.537688962966848497e-03 3.069309706768620638e-02 5.572964693619554717e-03 5.730693258368902906e-03 3.946739281263588264e-03 -2.081074919914045404e-02 -1.112141091922651953e-02 1.402606538618876228e-02 -8.178192751296383539e-03 1.962718091139573073e-02 4.795912555200142961e-04 -3.316977764943252437e-03 -1.546411463339829838e-02 -1.333724044317103480e-02 -4.489553090228246175e-03 1.096099618677693829e-02 -7.945592143366160542e-03 -1.891051749122476741e-02 -2.801223068282155185e-02 1.553981192719054889e-02 -3.495749081386884029e-03 1.255889585709622563e-03 -1.286386597486028141e-02 1.539713660428699941e-02 5.438855603904313094e-03 -9.232427572251211342e-03 2.254791134334450248e-02 1.103200482483694504e-02 2.459671680008288300e-02 4.004206958684797951e-03 1.429370258979779235e-02 2.721733354797634900e-03 3.567887404226267965e-03 2.118064003834639261e-02 1.373836110301687383e-02 -3.079695508677463348e-02 -2.192147875505287904e-02 -7.895060205578889601e-03 -2.681375403054376758e-02 1.968121564865126655e-02 -1.504615124249141477e-02 9.166148546678066361e-03 1.747697255902054200e-02 2.152452498511818815e-02 7.766722709388756279e-03 1.417280612212395118e-02 3.117375376004039456e-03 1.873515466562264420e-02 -5.138072468104618040e-03 -1.074634305687921509e-02 -2.345574301000978492e-03 -3.504923868872883430e-03 -1.303674325793440121e-02 2.964874110270993013e-02 -1.683045000899994689e-02 1.559653486888431563e-02 2.179956064001431840e-02 -6.245774909081021342e-03 2.402571652130275695e-02 2.245041898638746106e-02 2.325988953986716026e-02 -1.184149526740271505e-02 -1.411008642027323547e-02 2.297660517799296909e-03 -2.832463340831188614e-02 -2.105496066423499183e-03
8.302383192184077665e-03 1.039709172016890781e-02 -4.102312010779147339e-02 1.432873863285206127e-02 3.211633979588212479e-02 -2.586282541335193502e-02 4.512300871032307384e-03 -7.313082014212630901e-04 -1.891615023602812376e-02 2.911549609668842922e-02 2.822703886062954103e-03 -2.692627603397807629e-02 -2.837155675786521072e-02 -1.260381952336607839e-02 2.161756626868202233e-03 1.791669086887824613e-02 2.888238216877995687e-02 6.155423620096818656e-03 2.141503796399654713e-02 -2.880369718030805284e-02 1.235915610667593853e-02 1.659209483235282723e-02 -8.885586813307276566e-03 -1.817498577144445113e-02 -7.631254746606397008e-03 -3.578493866683393320e-03 -2.593681076958612858e-02 2.275642494739830990e-02 -8.240144218744796176e-03 1.730757146575347474e-02 -8.611807007065810579e-03 8.589273613683282710e-03 -4.668091956869701437e-02 -1.731436465733414767e-03 2.964003178855481851e-03 -1.115568710252360339e-02 2.677910136829488377e-02 1.073578314959366432e-02 -1.401457814375018859e-02 2.936035027710068215e-03 1.158794326904761737e-02 -2.733445376994033185e-02 4.629451209925716272e-03 9.270679683170154547e-03 -2.797917459204425292e-02 -4.954819199899007133e-03 1.172739018139588342e-02 -2.489884943208577756e-02 -2.922199363967118921e-02 -2.659300054772848268e-02 2.865933226168079773e-02 9.884050907197790975e-03 -2.410636271214944282e-02 1.049612262167973556e-02 -3.847764478752459250e-02 2.902220798245007394e-02 -9.071136459595450716e-03 -3.970799327665862355e-02 2.496853403370072680e-02 -2.648951858148400947e-03 9.830374348567122444e-03 1.467275284868612903e-02 -1.838666722498558115e-02 3.058650525283049607e-02 1.878420695203892807e-02 1.066390397191420945e-02 1.026678154176562975e-02 -3.515621691953908085e-02 -7.851316064671392050e-03 1.405280246981244381e-02 -1.787924966165524085e-03 2.555577884804674516e-02 -9.760364735658501670e-03 -7.463035950735491877e-03 -2.681653703622742524e-02 -2.278093163559036932e-02 -4.533591007023943069e-03 1.920266767896014470e-02 -2.029048037365315665e-02 -2.988767914517773475e-02 -2.444715705095338795e-02 1.693137759152136754e-02 -2.223009467674594980e-03 1.605797444482130396e-02 -1.665620728364829856e-02 6.604666015039365942e-03 3.234196694163610653e-03 -1.393554828901034937e-02 2.961658740562252840e-02 1.040446472401878111e-02 2.455133456332229264e-02 -7.244197180877906365e-03 6.855753377492610108e-03 2.123853458756644417e-03 8.808061416286702000e-03 3.307865753996796360e-02 3.195071763313124796e-03 -4.343831425266887064e-02 -3.069257665421439019e-02 -2.306825360237925102e-02 -4.006001214718359071e-02 2.728701544320852324e-02 -1.668663499070327169e-02 1.859894333732666893e-03 2.376700420798305222e-02 3.130031802221605597e-02 1.227793276953017057e-02 1.294766021666192597e-02 -1.248957249431270156e-04 2.536521467452981446e-02 -1.092030859476631789e-02 -1.012008923463464903e-02 -9.315022732683384725e-04 -1.456356747637493031e-02 -1.080440445776778211e-02 2.863195521208959995e-02 -1.799587154522070548e-02 6.522739573727577220e-03 3.998959014808851908e-02 -6.344066542023537800e-03 2.347421474307015768e-02 3.249314194305166770e-02 2.334712806731160245e-02 -1.931687884885643219e-02 -3.119217423102176728e-02 -8.432621698969150091e-04 -4.016790512972064076e-02 -1.128950439440523992e-03
-2.303301396202541915e-02 -1.786505548576443336e-02 5.230706662542953383e-02 -2.540471540424052085e-02 -2.586282541335193502e-02 4.077274107518491508e-02 -1.870088106354543186e-02 3.480794517925983080e-03 1.673173212197079721e-02 -3.688339918091024933e-02 5.883989492007368934e-03 3.721924893772707993e-02 2.354340870637832220e-02 2.158002904413237541e-02 -8.243227755372669469e-03 -1.867668826750685032e-02 -4.444609172390751733e-02 -8.797520771831811651e-03 -2.021461411967200028e-02 2.748319444928551750e-02 -9.248605290612445587e-03 -1.152546938331878469e-02 4.250279675881165307e-03 9.540477433558097742e-03 -7.619734687903199216e-04 4.068897281720650419e-03 3.636462458163707001e-02 -3.287704389367332447e-02 1.355243395402051798e-02 -1.248986563708599784e-02 3.111833766035489428e-03 -7.680549817848969160e-03 5.111134526553342411e-02 7.603302687543045217e-03 1.352686598126208147e-03 8.036618853276812635e-03 -2.201636539048046695e-02 -6.671407714957795949e-03 4.956812608647504469e-03 1.542726984421848848e-03 -2.282984543484279510e-02 3.875628945458665237e-02 -5.555474360548438677e-03 -1.115019048498350901e-02 2.652682034284413459e-02 -2.755233555505574318e-04 -2.470703983394494790e-02 3.464373707519305401e-02 2.839721689337824928e-02 2.048035737122443078e-02 -3.632590662190526842e-02 -2.463462629164444792e-02 3.755640081961584414e-02 2.086986135684844583e-04 4.019225702650351673e-02 -2.068880053114702938e-02 1.782368746167358950e-02 4.890900742603219997e-02 -2.886902436850298515e-02 1.164220151187631870e-02 -1.888153572506323999e-02 -5.169471579328822029e-03 1.744593137519107051e-02 -4.842223725594195505e-02 -1.373230920109895677e-02 -6.182399753932721689e-03 -4.053190946404327220e-03 2.963362864382471790e-02 1.491507071439285119e-02 -2.173627721492420520e-02 1.422041135672811934e-03 -2.347977404151259384e-02 3.650236961223974393e-03 9.081969573920873132e-03 2.140512143886049573e-02 1.982510991278809906e-02 4.604410025100698616e-04 -1.125888437410283750e-02 1.642968072596753468e-02 2.825852365475643030e-02 3.752729353280720437e-02 -2.823096622112304319e-02 6.427412526605228577e-03 -1.227369757644039029e-02 1.373739922495936447e-02 -1.520801735661021434e-02 1.699809937803028852e-03 1.615949603885519920e-02 -4.029883703004395745e-02 -1.108421613646021209e-02 -3.736337268715033549e-02 4.968562131233378483e-03 -1.931587112987395369e-02 -3.534636085279345939e-03 -6.573329457817295510e-03 -3.122483147570156992e-02 -1.252734260408531336e-02 4.341078800333893900e-02 3.125634019663278695e-02 2.277360005876815502e-02 4.776617565842403851e-02 -3.351080128488997945e-02 2.697218487986690477e-02 -9.465198174937097114e-03 -2.945197814639073999e-02 -2.946187706102378068e-02 -7.055303394683751575e-03 -1.165548185191290879e-02 -6.681763628727431514e-03 -3.627275135503482684e-02 4.917732873045204886e-03 1.598785651251258960e-02 6.387603211136402793e-04 5.105433919125245031e-03 2.176172009572785795e-02 -3.980515337281872318e-02 1.897796355913135974e-02 -1.316381627119006005e-02 -4.305259254337463759e-02 7.430013025008688765e-03 -3.674981864372244000e-02 -3.089160956960055812e-02 -3.234374285543725053e-02 1.865626229044466122e-02 2.532295381464739689e-02 3.218214489011434268e-03 3.753290106827774503e-02 8.225028362473543048e-03
1.942733114677303030e-02 1.536577424587288153e-02 -3.965491236992523677e-02 1.304817952855051762e-02 4.512300871032307384e-03 -1.870088106354543186e-02 2.579196972165334958e-02 2.962528131303378189e-03 -2.102969981506012942e-02 1.386377647056598328e-02 -9.264731431835435040e-04 -4.419949126355317975e-02 -8.417295211879205138e-03 -1.910215566350517008e-02 6.934904275750795877e-03 2.037075105533361907e-02 1.931391128960269210e-02 -6.616116256067471058e-03 2.341886932536266230e-02 -7.423090494228335584e-03 -7.298328735504519028e-03 -2.227998538105807440e-03 -8.381529212522092348e-03 -7.721455886282042012e-03 -5.892041973019241340e-03 1.175162023044305608e-02 -2.619724079165312164e-02 4.159055673926416452e-02 -1.774718658508197188e-03 -5.956335514956968662e-03 4.659785048670963582e-03 -2.170928328846597009e-03 -3.942712333637777428e-02 -1.880482749335375681e-02 -1.167628218339574614e-02 8.756000543606578049e-03 1.425369957492731571e-02 8.446149328904140052e-03 -8.787946913408384991e-03 6.924621857756695260e-03 3.124186075891809047e-03 -1.473506347058565688e-02 -2.295163530068273366e-03 8.608865022575424436e-03 -5.926924983138128281e-03 2.021330424911399470e-03 2.421083905653481985e-02 -4.128482403026591252e-02 -1.099637647132047785e-02 -5.339345275727540308e-03 4.181402573026055114e-02 1.322546879541463584e-02 -1.583534475158343904e-02 5.314373617881847089e-03 -3.745186860098488613e-02 1.598829687126514590e-02 -3.242215085314564121e-02 -4.262697807387025306e-02 2.769579883315388680e-02 1.740652059519757480e-03 5.138772909612584691e-03 9.122270774978780833e-03 -1.697420171858218807e-02 3.541267099834107673e-02 1.759377947884598753e-02 -7.862133914034605264e-03 -2.716156127496308168e-03 -7.357910271055215223e-03 -1.844790796986395254e-02 1.086935702049567250e-02 1.136941344692616630e-02 1.657534567781024371e-02 1.169566812662292156e-02 -1.899283557003186504e-02 -1.929105159692776419e-02 -9.759324943938375212e-05 7.102686466777315133e-03 -2.902892610732191181e-03 -1.821544035051309365e-02 -1.083077954981266459e-02 -3.669830129783697992e-02 3.306313818091080603e-02 4.700221922976156636e-04 -3.152853087052792224e-04 -1.321185926372945262e-02 6.199002318697723057e-03 -1.466574240649248101e-02 -8.358755979409408440e-03 1.830729719643542364e-02 -1.940355930135604333e-03 2.614200610388165563e-02 2.059951560270970213e-03 1.862979085060498252e-02 -4.120335785158453154e-03 -1.538261420625298232e-03 7.980017951239055246e-03 3.452740128245534567e-03 -3.706309373067615681e-02 -1.189682361442840307e-02 -1.960756108755393190e-02 -4.163633125169224902e-02 3.662473474632563231e-02 -1.969248647067822419e-02 -5.860959429399141031e-03 2.473833273343864839e-02 6.350303990743687461e-03 1.424518864435322940e-02 -3.742081987099750862e-03 2.585045791084518863e-03 4.355671907100547302e-02 -9.773027281736098096e-03 -1.176530518485778033e-02 7.714079388311269846e-04 1.134709372686359789e-02 -1.603084866099818663e-03 1.570960150124148247e-02 -8.463273611229470139e-03 1.930935544811250223e-02 3.712527237509866823e-02 -1.858289144014466793e-02 3.002570884705286006e-02 9.522625904583576287e-03 2.354400325898145518e-02 -2.021748429925617277e-02 -8.668812908102431491e-03 1.354457282395314481e-02 -2.136770855840469663e-02 -1.122682807278181129e-02
1.382031881402913691e-03 -6.439173902265813570e-03 4.971848936020190242e-03 -9.578900380643707094e-03 -7.313082014212630901e-04 3.480794517925983080e-03 2.962528131303378189e-03 2.121864908001502154e-02 4.427386229423658191e-03 -1.372958257026147579e-02 -9.507136354393122286e-04 -1.929416622311284218e-02 -1.147408022848260328e-03 4.648059035970835209e-03 2.551266761281470539e-03 2.526642630915697674e-03 -4.665102276127491496e-03 2.123929482170479853e-03 -3.398037304302237507e-03 6.083083407566361282e-03 -2.194071575078535355e-02 -9.242355991470732612e-03 -1.390864351593274623e-02 1.402028447989298911e-03 -5.631657205948285318e-03 2.267492789093480954e-02 -4.760711320633326439e-05 1.910977100576410556e-02 2.187999072448625765e-02 -2.209764975847537671e-02 9.019020704017848347e-03 -3.262312000444519706e-03 -9.553850666642509440e-03 -1.333143530680805898e-02 9.430674058552296693e-03 1.535862855327851939e-02 -1.419356650519122513e-02 1.811715760905181771e-02 3.077882839479290436e-03 2.409712821603288840e-02 -6.120466067637490848e-03 1.732672266228479354e-03 -1.631387672725287397e-02 2.334952818134325425e-03 6.870281030985352089e-03 -1.152522663291178154e-02 -3.002606811443609032e-03 -8.513800683873900405e-03 2.792905709419055225e-03 -3.836650917643988183e-03 1.905019461743409290e-02 -3.743114437034570502e-03 3.998266073896284377e-03 -5.793079943439213711e-04 2.981334001755160668e-03 -6.646342569295253695e-03 -1.601203459227320755e-02 -1.134256560354302175e-02 4.812963644697479393e-03 -4.579511923928180142e-03 2.964655202354349924e-03 -2.043940673118957007e-03 8.871421643560694964e-04 6.114856040391016597e-04 3.389870744957854207e-03 -8.550157009151678617e-03 -5.237952557808124923e-03 1.275592769268748920e-02 4.880319681755325954e-03 -6.332189875454528535e-03 2.557773094710214315e-02 -1.314732227965339888e-02 2.509282356517405273e-03 -1.389157043254129684e-02 3.985796138022376298e-03 4.286758549083146894e-03 1.562913132701618593e-02 -1.436032852126896409e-02 -8.690271347400030030e-03 3.257930641460795099e-03 4.687884475437126969e-03 1.126646591268276772e-02 1.487862534677736066e-03 1.244711406280082575e-02 8.479403890105322722e-03 -1.088634126841139631e-02 -2.515854963355024232e-02 2.660293421563650947e-03 1.094437099038408738e-03 -1.287338509943980989e-02 -3.039481331605563882e-03 -1.131028792180349858e-02 -6.189399260923732216e-03 -2.875395895559507402e-03 1.423654887860453452e-03 -4.859155810950624779e-03 -1.186908248237869209e-02 6.458634317839971779e-03 5.874020630773389880e-03 -1.848150968993021726e-02 -1.252877678141621487e-02 6.005914667293713559e-03 -3.020200421370642166e-03 -1.501482477605688148e-02 4.276048392336865428e-03 -8.903212341719446768e-03 -4.947663601523492188e-03 -2.227143737658446310e-02 -8.843871123491352454e-04 1.758821124869180616e-02 5.713534221098829496e-03 2.263098741564089494e-03 2.826592651860107726e-03 7.579065128853317186e-03 7.732888660731997155e-04 -1.241369603015772191e-02 1.550679192200014878e-02 -1.171342736074097203e-02 1.336935898388380908e-02 -5.220619928901617211e-03 -9.317279587848292322e-04 -8.270886624644787147e-03 -9.552519863435283975e-03 -3.767551415323389455e-03 -6.821513019980983850e-04 -7.909499352626082642e-05 1.267460997264665580e-02 -1.127907342048652638e-02
-1.463195152020086570e-02 -2.233212199646143759e-02 5.402469306578820685e-02 -1.455312689162967070e-02 -1.891615023602812376e-02 1.673173212197079721e-02 -2.102969981506012942e-02 4.427386229423658191e-03 5.015127076813009899e-02 -3.393032626161320009e-02 -1.066206639528704571e-02 5.140772911921858562e-02 2.426981769847883982e-02 2.975888187512798835e-02 -6.193668758759678615e-03 -4.060888564629232950e-02 -1.874365475902655537e-02 1.337785926891153776e-02 -5.116367885791156533e-02 2.707105293590063647e-02 -3.992498394760302279e-03 -1.504147479869422793e-02 1.168507272693834927e-02 2.666498254578215585e-02 2.140325350968728946e-02 4.844525831633553388e-03 3.412440449263781650e-02 -4.926082654892074281e-02 8.110260712252827242e-03 -5.947603740054195967e-03 2.081563112606220713e-04 -1.189525114142017106e-03 5.319005721911928414e-02 2.250570748575798918e-02 2.320120469371746499e-02 5.576252963826301180e-03 -4.771865189986117251e-02 -8.718354053597901498e-03 3.571774924586255950e-02 -2.997519710934998943e-03 -7.441868937199555513e-04 1.256342073128679029e-02 -3.477256813869789021e-03 -1.221539673622631071e-02 2.648765445790910930e-02 -3.913979527301187679e-03 -3.218426590449058322e-02 5.809009897266322747e-02 2.793378288450981337e-02 1.633399099140075278e-02 -5.302237187578202199e-02 -1.112699460455068802e-03 1.601319736222005935e-02 -3.009851418141786666e-02 6.382625196854126159e-02 -4.633366638005324140e-02 2.684800600367191065e-02 5.316793979951451449e-02 -4.500351369290893355e-02 -1.749357136207912999e-02 3.270137928898060684e-03 -3.561020867972844450e-02 3.161497486892258374e-02 -3.887637302994300520e-02 -3.948262331607398784e-02 -5.129569580993628697e-03 -8.752494903097625531e-04 3.080517523555362583e-02 1.801620171519456928e-02 -1.192103153830963679e-02 -5.227973207136407327e-03 -4.770368012531898266e-02 -1.414988518842438467e-02 2.601957290561668357e-02 4.751154135532861117e-02 1.302562451005199497e-02 1.490609598946511689e-02 -8.083162320096282452e-03 2.721767010843944776e-02 2.996940799236032585e-02 4.459143032420105623e-02 -3.904325685371151655e-02 -1.475022127254466998e-02 4.030171726933100447e-03 3.718930223258985063e-02 -4.384375697317363825e-03 5.818953624117851990e-03 1.337113547771961314e-02 -1.688886110031727339e-02 1.979442065873947883e-03 -3.123826972852922212e-02 -1.025718815095717079e-02 -2.717472433286980543e-02 1.637145280238164885e-02 -5.740004003443804209e-03 -2.722262082315143883e-02 1.051362370539166537e-03 6.883429594325575496e-02 3.204033302159576407e-02 1.855483599804337927e-02 5.222174137502123142e-02 -5.556166757385967714e-02 9.155967094516938645e-03 3.649491406164580634e-03 -3.743484030695996834e-02 -2.769860951642989788e-02 -3.036012304601387948e-02 -4.717812016168488470e-03 8.956728188633043819e-03 -5.376768503535670624e-02 3.792839361673568804e-02 1.605473232506422418e-02 -2.527920779774134059e-03 1.083459131217109602e-03 -9.751872408205006226e-03 -2.674361854454107568e-02 1.669580380410611367e-02 -3.475291549543964992e-02 -4.964188227518760016e-02 2.182799700807278032e-02 -4.004253210701030907e-02 -3.251295094116395806e-02 -3.858727613181909405e-02 3.824481905741385773e-02 2.451480456826724344e-02 -2.474844624220928768e-02 5.413830604997431351e-02 4.201072593011081352e-03
1.816193141811310932e-02 2.364629769923002126e-02 -5.562964272912741120e-02 2.655936443888017029e-02 2.911549609668842922e-02 -3.688339918091024933e-02 1.386377647056598328e-02 -1.372958257026147579e-02 -3.393032626161320009e-02 5.660098788065962699e-02 1.754805785937557563e-03 -3.305006112371523808e-02 -2.971474260197318890e-02 -3.078780793186221623e-02 1.360255210608859316e-02 3.184738789043980306e-02 4.408067946142932986e-02 6.697334347309256974e-03 3.471234477351028275e-02 -4.124900614946518801e-02 1.732295786827470555e-02 1.850553372715385211e-02 -8.009556508565388727e-03 -2.306376458267274734e-02 -2.683871868445201602e-03 -2.145492069482197312e-02 -4.614175551885094789e-02 3.122667924257049171e-02 -1.692936865536635860e-02 1.856741065998359849e-02 -5.612779073976506376e-03 5.979128112680952463e-03 -5.314799661858028712e-02 -1.321813097143737653e-02 -1.455476990394496267e-02 -1.728930237578224158e-02 5.021982151846014764e-02 -7.805586495222851758e-05 -2.151827718455391614e-02 -9.578536179738772818e-03 2.736956635515139930e-02 -3.371569572432309841e-02 5.419233543503857234e-03 1.421569618669601270e-02 -4.169711028834607175e-02 1.024073382944317573e-02 3.089004935050118986e-02 -3.998030629900803379e-02 -3.805656677347019068e-02 -2.107123948546775830e-02 3.562904123997415878e-02 1.469861742543771346e-02 -3.586460696987764374e-02 1.786273537367171274e-02 -5.121867580335073139e-02 4.138093319993882413e-02 -6.570681807426413147e-03 -5.195071185444356116e-02 4.592714606817760448e-02 1.017292598287323482e-03 1.060133799988303288e-02 2.306507053384874301e-02 -2.461502861492020564e-02 5.018078190128805877e-02 2.763275210735154433e-02 1.227350667754887291e-02 3.425344435670594958e-03 -3.953522996851692450e-02 -1.445445728224390575e-02 1.488871659292714637e-02 -9.432290681492911874e-03 5.028429385253476575e-02 2.277334207323776852e-03 -7.651343949219988755e-03 -3.379081651588924234e-02 -2.741487315691994164e-02 -2.044141904687442682e-02 1.299075144845469876e-02 -1.465153747692315815e-02 -3.942705269789713307e-02 -3.794269305420205213e-02 3.022028863847395913e-02 1.100445031316265622e-02 3.874289408605188691e-03 -3.444027055975330820e-02 1.354166750006675565e-02 7.719464538667557274e-03 -1.965440783477776995e-02 3.469130057744315709e-02 8.484972389490422900e-03 4.428078797914650894e-02 7.715112602201449829e-03 2.897828735596008620e-02 -1.139080206093658933e-02 8.666851445564970058e-03 4.370041543419044688e-02 1.128182199710476598e-02 -5.822005312414373079e-02 -4.497839841145116063e-02 -1.660557748185167992e-02 -4.979467879617325426e-02 3.968701080780469292e-02 -1.351739999254859305e-02 1.438952755584525962e-02 4.459084454396632785e-02 4.370404670629030736e-02 1.254241363837635924e-02 1.493536659382334493e-02 -6.484008817420313167e-03 3.699321337743909782e-02 -2.590486427660106117e-02 -2.197513876618034309e-02 -3.077764355112869209e-04 -8.225897927892321382e-03 -1.439049632574825217e-02 4.790747240641798216e-02 -1.749282465654108942e-02 2.730622324105492355e-02 4.505088231131840898e-02 -8.797117599057263995e-03 4.967903420511209783e-02 4.604475895331901908e-02 4.458550695020518928e-02 -3.550868074878053837e-02 -2.951701052056254077e-02 1.870133467045415098e-03 -5.637423012333131478e-02 -7.831571738360151511e-03
-6.039779467685584165e-03 3.022840307434506400e-03 -1.161396900422211054e-02 -1.535612786955462168e-03 2.822703886062954103e-03 5.883989492007368934e-03 -9.264731431835435040e-04 -9.507136354393122286e-04 -1.066206639528704571e-02 1.754805785937557563e-03 1.132470110377291513e-02 -6.033801274684605018e-03 -4.624229453519387509e-03 -2.978814991958008990e-03 2.939360585990300791e-03 4.916632526043941687e-03 -5.090404959594549417e-03 -4.728976914608807279e-03 1.042468646624042719e-02 -2.475192422861360701e-03 2.888109557766713165e-04 -1.495188547236057355e-04 -8.539960968199755698e-03 -1.417914488154045638e-02 -8.390847831730019815e-03 3.752838351587850507e-03 -7.207461965837774417e-03 5.466865543487545338e-03 5.168994492563022160e-04 2.276561826996319812e-03 -1.053309611234553526e-03 3.171128145472005156e-03 -1.276088927109469626e-02 -1.094783380127306799e-03 -9.177977378133406888e-03 2.158235233937908209e-03 1.575555525778623775e-02 2.447184090787847110e-03 -1.136389804920919303e-02 2.021998060595045152e-03 -6.958764246365659739e-03 3.954889364723940780e-03 -3.024553699421400708e-03 6.793784212439714018e-03 -1.427423760254428135e-03 -5.096430049914546772e-04 1.452509059065426426e-03 -8.407298745330218231e-03 -2.776155729969139591e-03 -4.240945852314879569e-03 6.527661894451216792e-03 -6.952435485435849369e-03 4.147956602589114410e-03 1.174919180318898838e-02 -1.827737297494658880e-02 1.787734474708822102e-02 -2.757806382911088053e-03 -1.190853511898157073e-02 1.153758268756460009e-02 9.323014147225682294e-03 -4.783948603991621147e-03 1.193435099846809795e-02 -6.589458797479817720e-03 2.285694079281822000e-03 1.122524372997758639e-02 -4.786673777758489526e-03 2.056669150780853471e-04 -7.682463602444586891e-03 -6.303664213674588061e-03 -3.527441993310083575e-03 2.929736924949236836e-04 1.496709521732282437e-02 3.498590935783818588e-04 -6.478577874028002871e-03 -1.146896322529217076e-02 -7.691276260547938188e-04 -6.442037141241402321e-04 4.293429922896225236e-03 -1.334136276662260985e-02 -3.630397474614651884e-03 -1.047213507026317422e-02 2.729723368739898730e-03 2.929763376297818585e-03 -3.098941317187572778e-04 -1.362515918521320368e-02 -3.392247536655504901e-03 1.640510881719953098e-03 -7.602599187581376462e-03 -2.322618921117771719e-03 -2.584466622542246593e-03 3.413303865515816479e-03 6.862295441129976324e-03 7.697215175679137777e-04 -1.638241819900128826e-03 -5.654330036388147650e-03 2.386865700902303378e-03 -5.786257278435639508e-03 -1.907160277135365109e-02 -2.529391621118633714e-03 -8.842531200962037638e-03 -1.260206386829536285e-02 9.155374492470922526e-03 2.629758428639599778e-03 -7.994578947693481430e-03 9.069590496089867740e-03 1.587535753763530703e-03 9.419344828313788720e-03 1.556675534177556341e-03 -8.205525006067347984e-03 5.899793405627641249e-03 -1.070486631114045406e-02 -6.632513177328058090e-03 2.330050991300899182e-03 -1.673865039396347804e-03 8.473642360878151994e-03 -1.408752787393988430e-03 -3.524801395553363650e-03 1.056263863422064048e-02 1.214113783164308923e-02 -6.975106922642131113e-03 7.168677466102306960e-03 3.208279894321592988e-03 8.817031472886427412e-03 -1.148333751163626085e-02 -5.797190482319468895e-03 8.774340868196320656e-03 -1.356816432957710754e-02 -3.224639344316308602e-03
-3.281405800556615876e-02 -2.639500464961951065e-02 8.906698239390115068e-02 -1.809997167016395847e-02 -2.692627603397807629e-02 3.721924893772707993e-02 -4.419949126355317975e-02 -1.929416622311284218e-02 5.140772911921858562e-02 -3.305006112371523808e-02 -6.033801274684605018e-03 1.064127407821393589e-01 3.451932382963325552e-02 3.991517375845402699e-02 -1.661376748096740630e-02 -5.041600877902941563e-02 -4.030672092051006822e-02 8.466082663876651343e-03 -5.624984011577626591e-02 2.748098176040848079e-02 2.232295311425488635e-02 2.731344746107057346e-04 3.622375594541114852e-02 3.300276580981972852e-02 2.373911919393976305e-02 -3.352533874427928579e-02 6.331086501120748722e-02 -1.000139558114054444e-01 -1.160133477677350276e-02 1.680853575548610715e-02 -9.184947552830533685e-03 1.432648264214567884e-03 1.054031358436400695e-01 4.700970839941763513e-02 1.635224778439060139e-02 -1.897720923993240563e-02 -4.179123161781613666e-02 -3.442743773634697468e-02 3.089511794011884360e-02 -3.281923883194005215e-02 -4.216112090322287134e-03 3.329803177319235613e-02 1.713746785923338234e-02 -2.443433901749760689e-02 2.345028875239972901e-02 7.750600855818409046e-03 -4.627808711511707113e-02 9.569882409894980846e-02 3.551226401577191327e-02 2.949459391959280419e-02 -1.045403943472178465e-01 -1.657454006554713241e-02 3.208722431383509432e-02 -2.689706022835373217e-02 9.155013905055009449e-02 -5.170020542444943995e-02 7.109382282169733613e-02 1.073249418620154244e-01 -7.385555299825069531e-02 -6.687709466604904035e-03 -9.901338577143788469e-03 -3.436414525454100505e-02 4.518242167051730873e-02 -7.587488028497869907e-02 -5.382554288697341538e-02 1.485983670150559273e-02 3.520137383843109646e-03 2.758317748409470568e-02 3.368484598457600898e-02 -1.694404257666596442e-02 -3.734947856848991332e-02 -4.514011652828572169e-02 -1.623415683016781255e-02 4.996826249500357919e-02 5.206168719210214207e-02 1.115096039803320851e-02 -1.550166989425453244e-02 4.172389615070346523e-03 5.485197552186513864e-02 3.625355703468828572e-02 7.326755282148449122e-02 -7.525133092567329318e-02 -7.381095090620583797e-03 -1.684526723009689003e-02 3.666981351784928678e-02 1.038350636504459278e-04 4.043797668375624654e-02 2.360518476374457580e-02 -4.345784707506103461e-02 1.195476919269897360e-02 -5.627765169082691449e-02 4.737245022113943660e-03 -3.238758403371101713e-02 1.454435254752094175e-02 -1.588286862659395908e-03 -3.093647813434114574e-02 8.302139822486426235e-03 9.247347737797260991e-02 3.602847928457642707e-02 6.248891156728138968e-02 1.072800215413983460e-01 -8.801450254452043709e-02 3.842371621029161410e-02 2.389805724359244862e-02 -6.598730620493538368e-02 -2.402826168751290639e-02 -3.171005215023701973e-02 1.729051427113975636e-02 4.326938479639136359e-03 -1.044739437946767824e-01 2.960939040757967072e-02 2.711386077294021188e-02 -4.078311499970129796e-03 -1.471850130794345908e-02 2.491638620567292227e-04 -3.014089549883617464e-02 1.171803199322976781e-02 -3.376188931845389152e-02 -1.015935520868184727e-01 4.134137200835430459e-02 -6.768482994016424004e-02 -3.179103312113266272e-02 -5.078534141337266716e-02 5.769604638491971499e-02 3.646717117432605321e-02 -2.679287814890550859e-02 5.772697664513447291e-02 2.956270443028344297e-02
