5.541186025999456088e-01 3.964085011382083579e-01 4.061486604991796506e-02 -3.853165759916796912e-02 6.058683256676330453e-01 1.279823113474609919e-01 3.215701397248822979e-01 -4.357922746681049397e-01 6.367271044424907545e-02 1.296332178577736527e-01 2.625991534905299310e-02 -2.011802683113983192e-01 1.620708850698852066e-01 1.130784887481565554e-01 -1.800229916974986910e-01 8.186939898365215296e-01 3.572877596801918992e-02 -1.858916113951327720e-01 6.489868989815650302e-01 2.022560115453969909e-01 -2.395944623611559743e-01 1.651004851911100357e-01 8.708999558441953004e-02 3.866895606321753553e-01 -2.701043803533935694e-01 1.760713186556192300e-01 -1.905844202844095281e-01 2.164471611764969550e-01 -9.872695614043730528e-02 8.342643955065358607e-01 -2.254290886505435354e-01 -4.632241707611534642e-01 1.955656169955596047e-01 9.251014823358219563e-02 -9.348631305396057356e-02 -1.368489591090151780e-01 -1.926776452681809026e-01 1.405466164247833882e-01 -2.187130234557183306e-01 -9.500572670541768128e-02 -1.706981268080063480e-02 1.514972712351036199e-01 -1.244536225248351474e-01 -7.105633135469509309e-02 -2.115563011160276896e-01 6.899211279659615836e-02 8.517592961944679686e-02 -1.352662280671940997e-01 2.186373697261208282e-01 2.873221864681033133e-01 -1.863350833301139764e-01 3.733542967901359172e-02 2.415097227354087023e-02 3.094904757045192634e-01 1.469741578380398817e-01 4.383765673934915674e-01 1.933607537482462391e-01 2.768412775936759385e-01 1.224672554921723555e-01 2.727296715621442824e-01 -2.250486065527778634e-01 8.327992388989117201e-01 -4.091531109709568015e-01 9.697343604023231367e-02 -3.288205132763915954e-03 6.475516916143794210e-01 6.349070279526954907e-01 -6.145354846313257902e-01 4.620851018616682349e-01 -2.158011607666648901e-01 1.761609740854768180e-01 7.562637674301465884e-02 9.255777612290367884e-01 -5.545531113044530613e-01 1.380706212105890507e-01 2.670529586089874785e-01 2.046797345280903374e-02 1.296354581524062910e-01 4.796485420349327344e-01 1.978541256825835648e-01 5.548032842917994811e-01 6.005176833851473273e-01 5.512208140768768416e-01 3.145462784196739747e-02 -3.162718921413778528e-01 -2.281575153688694124e-01 -3.888606896356769926e-01 5.559200197438138868e-01 5.678601629018249081e-02 -1.315379848032311172e-01 -3.103283803748271841e-01 -3.512118952334952193e-01 -4.831790720437821596e-02 -4.421066801373881305e-01 6.401828651419675387e-01 3.542593799915776387e-01 1.236291490952165784e-01 -2.832870655447071728e-01 2.607152221420348526e-01 -1.408084169291625720e-01 -1.083440698683535708e-01 8.331166529092269221e-03 -1.388320419392776450e-01 -3.370977524750571885e-01 1.372507022461826598e-01 3.460129250454914152e-01 -1.100167965782119783e-01 -4.145026268718247087e-01 2.704692120097216823e-01 4.044129079743528643e-01 -5.302361775250645781e-01 3.990991549586980769e-01 2.181037440222569901e-01 -1.576618533815707934e-01 2.545622153481590932e-01 9.679787124568774159e-02 2.118989649019663579e-01 -3.370443152764909800e-01 9.441032485566085847e-03 2.430225670406248040e-01 -1.854932955130718097e-01 -2.307583936935195534e-01 -8.214739420073797344e-03 -9.690146723191708777e-02 1.242479401700083974e-01 2.544618769801988978e-01 1.267246657558399325e-01 -5.412853461794422949e-02
3.964085011382083579e-01 5.491544529547562892e-01 2.651839404476672990e-01 -1.386483666634590883e-01 4.211667361897298290e-01 3.970278122304217172e-01 4.114704276199233068e-01 -5.388363115933988423e-01 1.571903651320057937e-01 1.903479265406657905e-01 6.039179403254714418e-02 -2.220980582749303711e-01 4.111020511063625538e-01 1.088464387573768359e-03 -9.384994763772258608e-02 5.801588237538873871e-01 1.005453570001922509e-01 -1.153943382722435462e-01 6.584876983640985948e-01 4.811029992366970820e-01 -2.334917778887437567e-01 2.478188983306156834e-01 2.088181599522037635e-02 3.367503299846754672e-01 5.957532853077009832e-02 1.520403038263077600e-01 -2.845235471312774767e-01 1.060576079347772122e-01 -6.608987652343553676e-02 8.105286236364109831e-01 -2.609746785633926813e-01 -1.234647662972963994e-01 4.691409244833477099e-01 -1.377056147396531482e-01 -3.841549936581210856e-02 3.320487591110694164e-02 -3.126412213068027746e-01 -1.789344284595680359e-02 -2.959387872674832942e-01 -6.721414472082434810e-02 -1.744439222583752114e-01 2.327693982498657277e-01 -7.982932363488091931e-02 -4.579290532713659045e-02 1.499247431760837024e-01 1.179709263352649376e-02 1.055823846694098622e-01 -1.862703541755037773e-01 4.618799616023232524e-01 3.350317461583542378e-01 -3.448951078456259367e-01 -8.503463756400705259e-03 -7.424828023017857048e-02 3.392824684420731596e-01 1.608657060960480001e-01 3.484259310684984512e-01 2.005912424989248488e-01 1.413693257210377197e-01 -5.363340104874385339e-02 3.542094860255834421e-01 -2.686986527746307862e-01 8.477553032789020282e-01 -5.195490484388122221e-01 4.919082804976559337e-02 3.394093503711503867e-01 2.797847885757290820e-01 2.621492028581695055e-01 -4.779441734120488117e-01 3.214463025618473635e-01 -2.325637959063721893e-01 2.312937196560853337e-01 1.398143249970609514e-01 7.290291724766111425e-01 -4.181692867193622098e-01 4.006714613165989203e-01 5.192937006757453178e-01 -1.917875471555881284e-01 8.207522159452949884e-02 2.977791187639238779e-01 4.611351361860345222e-01 1.888511167503969801e-01 7.024995526881938623e-01 3.696818814356077065e-01 -1.065094927405881575e-01 -3.017192674193393542e-01 -4.006855413702846702e-01 -4.046581479390253810e-01 4.608828042860152463e-01 -6.666043340478416956e-02 -2.394429576202256327e-01 -3.136086966453354719e-01 -8.104027153086981738e-02 1.523980801370128889e-02 -4.352046719718873358e-01 2.809847473362264703e-01 4.906500247015876254e-02 1.914751530341948782e-01 -3.196490889904560762e-01 4.000686799529135640e-01 -1.069420126584621350e-01 -3.505003592815868901e-02 6.353787672080149496e-02 -4.432856179657829188e-02 -3.069657401423836474e-01 -3.923625498908606124e-02 6.568218826199566374e-02 -1.305087305431790468e-01 -3.487028016257407437e-01 2.328497293171725713e-01 1.046340027005563666e-01 -5.693984996925328668e-01 5.127608669544427844e-01 2.411246780621189301e-01 1.972417159766277628e-01 3.677921483939355918e-01 3.044745517870917073e-02 4.525625219655591280e-01 -9.330227768410288489e-03 -1.464176058859263385e-01 2.698286092128686087e-01 -8.192893116848413981e-02 -3.292962993704893204e-01 1.058570068441626461e-01 8.775431737395833487e-02 3.748276847057295247e-01 3.369624948964545230e-01 1.536814577575063845e-01 -9.622653267912840980e-02
4.061486604991796506e-02 2.651839404476672990e-01 4.283346718723630708e-01 -1.062901587599294762e-01 -1.367974659630171175e-01 4.269951112321845321e-01 9.598800846665578312e-02 -1.891534109424235777e-01 2.160557684008194146e-01 9.025733751254996773e-02 -7.641259674779037059e-02 6.383032462512722854e-03 4.161917932304750045e-01 7.045113028010926981e-02 -6.870959760324162188e-04 -1.668626841244459647e-01 4.698178966876061756e-03 1.203628072830476153e-01 7.373753682218101013e-02 4.814723908259820329e-01 -8.413814296406867121e-02 9.383964329616331645e-02 8.547325410474891638e-02 2.179653170422535258e-02 3.115974919533412435e-01 -1.019783188185452993e-01 -1.387217792066093580e-01 -2.726746430243863206e-01 -1.126432061726967693e-01 1.420020514497689901e-01 -1.091076980559816390e-01 2.796282067977277630e-01 4.616378620118944398e-01 -3.890431485029333114e-01 9.565124248914888203e-03 2.437271777583612242e-01 -1.463525853790456077e-01 -2.938829355510723107e-01 8.004359878525206529e-03 -1.043488860675661767e-01 -1.079558012338858175e-01 9.707968062227403938e-02 -1.181333299864381799e-02 -1.145451767195236892e-01 3.519083290865229197e-01 5.329952167104221733e-02 1.103519629520284817e-01 -1.065463650523341271e-01 4.281275334647800523e-01 1.383511537453162576e-01 -3.690942015179731750e-01 7.178198940901392433e-02 -9.213835071682371924e-02 1.021858217253269890e-01 -3.731415462455130866e-02 -1.963087882473253318e-02 5.434212790367582563e-02 4.429366524701253138e-02 -2.525314614512971234e-01 1.193770514258845825e-03 -4.068200813069614702e-02 2.307340985419204793e-01 -2.112190675146722041e-01 7.501231939163646723e-02 4.182670266216721444e-01 -2.526451511491925039e-01 -2.755058531580220071e-01 1.378418637001764258e-01 5.458726758008851767e-04 -9.176420519485598004e-02 6.323976498902317278e-02 7.333649712222631289e-02 -6.525027018761381248e-02 1.497216578735922898e-01 4.401555794940787414e-01 4.485349904096370688e-01 -4.175239205568836431e-01 -4.411039069096654719e-02 -4.788464461062940519e-02 4.425496978195003761e-01 -2.795536195121464673e-01 2.454400608813275819e-01 -1.498548340553684244e-01 -3.583517901721617882e-01 -5.331620939946006554e-02 -3.462544052123018301e-01 -1.031172918120699666e-01 1.572755884078904653e-01 -3.375191054091541409e-01 -1.215259919150252776e-01 -1.465648357899608165e-02 3.016638709349476200e-01 3.741146599136857542e-02 -4.168253394066427642e-02 -2.454771393039037464e-01 -3.041514089256976971e-01 1.806195588203326763e-01 -1.358770700795836617e-01 1.739829889934533247e-01 4.434173874094495676e-02 2.733485245937463184e-02 4.240059716875198975e-02 3.700185765274002780e-02 -8.225218373804045469e-02 -2.603863236699167083e-01 -2.739932983951505197e-01 -6.587252700880945333e-02 -1.177312605354978448e-02 -1.254030389287223539e-02 -2.846951665836022216e-01 -7.023076263967471811e-02 1.393273290764205918e-01 2.285840442588571095e-02 3.632363719740934194e-01 1.460604809293574446e-01 5.320124615194485318e-02 4.365354979816471470e-01 3.157967157952676907e-01 -3.313444817191346092e-01 8.733255177970768168e-02 1.827781799514208855e-02 -1.991716998559819873e-01 1.223316587460370336e-01 2.799822802216849760e-01 4.083997639533072377e-01 -3.975495870700990371e-03 4.784614786135393816e-02 -4.836913628733243570e-02
-3.853165759916796912e-02 -1.386483666634590883e-01 -1.062901587599294762e-01 1.411620971284432979e-01 -3.343380275988004635e-02 -1.950957023679377456e-01 -1.088178687923343768e-01 1.225449254815730443e-01 -1.328889746808627204e-01 -1.059358152270867826e-01 -1.745889068247228823e-02 3.919914651721981280e-02 -2.016621387772635776e-01 8.390821858919646214e-02 2.533565534747277831e-02 -1.025403965715360882e-01 -1.728752972850675362e-01 -6.433660100927295067e-02 -1.859012149537453418e-01 -2.305059963162277847e-01 1.362946906506025679e-01 -4.843066158630517093e-02 -5.443186498582928447e-03 -1.171642483829535702e-01 -8.071224960894657352e-02 -1.293627021091229012e-01 8.034298647879563327e-02 -2.671166976893216832e-02 -6.602755069641111363e-02 -2.467725457982823389e-01 1.257380263525774977e-01 -4.172505008790618891e-02 -2.296924441933909933e-01 7.286393948738316417e-02 2.163839964146884159e-03 -8.874328054862967718e-02 9.620825167172364356e-02 -8.908431655054690687e-03 1.453809753155309581e-01 -6.519622364968603867e-02 6.980900171808281096e-02 -6.941131165765185296e-02 2.224231956693342033e-02 -7.365297292200644053e-02 -1.815683999603309728e-01 7.340307784880280295e-02 -2.585793397664980578e-02 7.101549340099368168e-02 -2.201297924842053888e-01 -5.104773269899010035e-02 1.501561099991279569e-01 7.676749415240005647e-02 4.551682378211915209e-02 -1.824034821165975429e-01 -9.004466026911674137e-02 9.061626363571774825e-03 6.068632037091399633e-04 5.520065710980379126e-02 1.021860704604774378e-01 -1.723755274122839853e-01 6.375762218099319256e-02 -2.742019352520222997e-01 1.110520946067040798e-01 6.130947402540074670e-02 -2.112686225333793577e-01 -1.102459939715790069e-03 8.214369669272844621e-03 9.194551466177135202e-02 -7.591693188249919177e-02 -5.926235225380664402e-04 -2.613284766235888373e-02 -8.485312165956276909e-02 -1.804321197687324962e-01 7.258105139020552821e-02 -2.063587194015847337e-01 -2.451209301932016915e-01 7.364180248422629027e-02 -2.344126324804143152e-02 -5.368262636990107917e-02 -2.218985763930566568e-01 3.864821843782188793e-02 -1.679969944713181618e-01 -1.417266150013864016e-02 2.580751573395853246e-02 3.362893586960038345e-02 1.989878189540428832e-01 5.504156156558664970e-02 -1.080624019309886774e-01 1.457524122105386191e-02 1.633033824559316782e-01 1.121713369197963189e-01 1.240213394518227194e-02 -8.666790600676201051e-02 1.384030525044447624e-01 2.676750182608065264e-03 1.233878455468013918e-01 -5.878681381247613524e-02 5.612886749130397562e-02 -1.332119201679955456e-01 9.597965853792665702e-02 -1.253895066833614520e-02 -5.393866698199690363e-02 1.119547917769128480e-02 7.289233859870571097e-02 9.609426031166939941e-02 1.075417095351128283e-01 9.780260460270827350e-02 1.282430522163987563e-01 -1.429922597501060745e-02 1.033980253218707845e-01 1.764122649082041083e-01 -1.746233812695248688e-01 -1.081375804354503950e-01 -1.844171503096235787e-01 -1.109048205690846278e-01 7.242835306719584698e-02 -2.186439392732248410e-01 -5.849494786207911495e-02 1.072257596135048167e-02 -1.639796514763231794e-01 -1.430183529315153142e-02 9.597787819713286817e-02 -1.434188337925724199e-01 -1.106268343778819413e-01 -1.761411581347361865e-01 -1.651155454936073519e-01 -1.348619622226161219e-01 6.860438594387911759e-02
6.058683256676330453e-01 4.211667361897298290e-01 -1.367974659630171175e-01 -3.343380275988004635e-02 9.122730973010779731e-01 -8.161964747143696242e-02 4.393953459515972382e-01 -5.318247195358321022e-01 -8.888228233496250907e-02 1.755314212119505057e-01 1.584393155405614262e-01 -3.268010041624111461e-01 -4.073805333059416639e-02 -1.477543896151800422e-02 -1.862479423390734357e-01 1.175249264726767162e+00 1.177983794561458381e-01 -3.599026824181461581e-01 8.641688808452470116e-01 -1.873379401027992427e-02 -2.039109233423428702e-01 2.151428720964801422e-01 -4.112900626795402970e-02 4.881635292921496783e-01 -3.935587016935461757e-01 3.556775661671917610e-01 -2.143063359369098697e-01 5.227235931940213964e-01 -3.346898391050809329e-02 1.029382997166206959e+00 -2.884975974275576505e-01 -6.343360430982102338e-01 -8.123012346362172217e-03 2.867494425237663846e-01 -5.669702111874899697e-02 -3.461360947087053774e-01 -1.947971128258221274e-01 4.013937769426100810e-01 -3.904312499177627349e-01 -4.586279972057082793e-02 -7.776927975113107072e-02 1.953477072103521617e-01 -9.612912114045861489e-02 -1.061765502030608379e-03 -3.403478841859309822e-01 4.026253965856615991e-02 2.922442472196365784e-02 -1.306366456512774721e-01 3.043579731816840883e-02 2.714442087011210702e-01 1.440557483246101417e-02 -9.538764322064994389e-03 4.344648160518877616e-02 3.644389330457007969e-01 2.309576408972854045e-01 5.571298433799765082e-01 2.039929757679030953e-01 1.568521359185474640e-01 3.294580916698982564e-01 4.657256614745506895e-01 -3.284197031984316673e-01 9.504901899644679908e-01 -4.772448572440353698e-01 7.255836006490234968e-02 -1.257071827459107782e-01 8.595391027295247177e-01 8.546125039032266280e-01 -9.364641945503677789e-01 5.093726285156233713e-01 -2.084328678157524872e-01 2.071734325594369319e-01 1.152353404724383579e-01 1.268726592095785310e+00 -8.589781371068190285e-01 -8.253316707478329517e-02 8.915612106901157907e-02 2.412213849346763750e-01 2.399555068777912969e-01 5.451599193224403450e-01 5.196024233523819898e-04 7.468965193531192925e-01 6.921592426582815483e-01 8.383629226926267997e-01 3.076723112667955617e-01 -3.638801808193901643e-01 -7.895148546230375264e-02 -4.325776405601090002e-01 5.314118197871803284e-01 3.442717939713972886e-01 -1.492455373717410938e-01 -3.560640158669515776e-01 -5.483043189990365329e-01 -5.730213471907793371e-02 -5.859064045904439633e-01 8.383889769955040761e-01 6.149726168762171818e-01 5.870876852223383402e-02 -3.215516752144253476e-01 2.753385785673552189e-01 -1.933290900286504521e-01 -9.208453072335942569e-02 4.017885657525252507e-02 -1.514267013177029719e-01 -3.584411134516365949e-01 3.648177282934666477e-01 5.923523804391649383e-01 -4.569340229638341883e-02 -4.909368423885547283e-01 3.419758255886910514e-01 6.752704635910184994e-01 -7.196028296098561094e-01 5.060659962397661138e-01 2.502809610491372183e-01 -2.842166722144128244e-01 2.680040272431206683e-01 7.317841267142466410e-02 1.673306995182057000e-02 -5.057831232999955295e-01 2.527545821016343730e-01 2.838733830200858566e-01 -1.850540400169559119e-01 -1.961824487328389099e-01 -2.262184844216943297e-02 -3.079518839387039297e-01 -9.046210534219935318e-02 4.416137341572540231e-01 1.041872819625827423e-01 -9.112366969159320373e-02
1.279823113474609919e-01 3.970278122304217172e-01 4.269951112321845321e-01 -1.950957023679377456e-01 -8.161964747143696242e-02 6.000372944390409691e-01 2.135415130025895003e-01 -3.010089181422853088e-01 3.349559643370008666e-01 1.523012601046046799e-01 -4.975290410243601857e-02 -5.595476522800904573e-02 6.002681944925545299e-01 1.157794315682752345e-02 -3.893892885400684900e-02 -1.962127310662930765e-02 1.294201890028933988e-01 1.665685561729515207e-01 2.712722489609643017e-01 6.806509489779720701e-01 -2.416985957581599953e-01 1.341561028490406982e-01 9.661765505512662222e-02 1.507069664433987599e-01 3.056497873216462158e-01 1.842441031330001311e-02 -1.997108009746901836e-01 -2.251398927984698539e-01 -2.041521324470581961e-02 4.085783674765683937e-01 -1.787738227214895892e-01 2.308496613532199093e-01 6.571455272098059019e-01 -3.572915524809038845e-01 -4.390432335689381516e-02 3.064728942963034775e-01 -2.726688358650620758e-01 -2.676984282953801531e-01 -1.299790290204081156e-01 -8.663283206312861681e-03 -1.382264184637618243e-01 1.441115721652110049e-01 -7.433957679916028405e-02 -1.131742095857160395e-02 4.305061213219443239e-01 -4.927987612277140439e-02 1.051954769235329962e-01 -1.605497943681340467e-01 6.235950360666646652e-01 2.398904396649112758e-01 -4.867253433163051812e-01 -4.227637670200277975e-02 -1.095558954088869802e-01 2.571570046760138784e-01 8.311021852243997976e-02 4.306264733900654756e-02 9.717843885052757091e-02 8.654730811296447446e-02 -3.275750063529097034e-01 1.621101912080546714e-01 -1.245258548647280028e-01 5.216664333215880189e-01 -3.094830057698850223e-01 -2.404596872198967034e-02 5.278960545308500896e-01 -1.635289252308722852e-01 -1.872285276121065101e-01 2.486295921428879202e-02 1.236400168646438202e-01 -1.318586754717781528e-01 1.381561640170312633e-01 1.187619697360702692e-01 1.364573402329143648e-01 5.373966276587720942e-02 6.168773618790875934e-01 6.659986660946997095e-01 -4.001859780644825837e-01 -5.128473526735635030e-02 6.732094804999921855e-02 6.394567703414105742e-01 -2.211297738046645034e-01 4.198407848928072394e-01 -1.038698227283762765e-01 -3.497629926628281205e-01 -1.315842970341853380e-01 -5.300523598145535642e-01 -2.191406283710108926e-01 2.924757060056344393e-01 -3.285114492157115151e-01 -2.456891143874705974e-01 -2.000021002141812443e-01 1.955491710315473697e-01 8.694048828343368951e-02 -1.879028887766343581e-01 -1.540443436397062327e-01 -3.904491046982622171e-01 1.948761831437267056e-01 -1.629722731055961438e-01 3.367774818500612333e-01 -7.840263307075627519e-02 -8.373604871445899586e-03 6.046642000075672790e-02 3.707780466587093111e-03 -1.902345747439184998e-01 -3.336030901919292413e-01 -3.506188926469587241e-01 -1.899813775876701971e-01 -1.849715442425172163e-01 7.085727957721717207e-02 -3.557940299999532430e-01 -2.502275400355292723e-01 3.334432286856649497e-01 1.791730409482666653e-01 4.501904184058120872e-01 2.971685183322755885e-01 -4.607245511847989083e-02 6.243249115685479689e-01 2.898471766270335759e-01 -3.298460740579438610e-01 2.186926813050379947e-01 -1.893602621585714846e-03 -3.011760899232064914e-01 1.945119657735435437e-01 3.552812308762954285e-01 5.726614265940590531e-01 1.545031779492735680e-01 2.149335727803426965e-01 -8.150345817662914272e-02
3.215701397248822979e-01 4.114704276199233068e-01 9.598800846665578312e-02 -1.088178687923343768e-01 4.393953459515972382e-01 2.135415130025895003e-01 4.852169706576402453e-01 -5.309774349230172996e-01 1.023223190109579100e-01 1.207393853389858718e-01 1.558274830285004686e-01 -2.752972722575139364e-01 2.283244107915036736e-01 -1.903425920703902263e-01 -1.448311935838591802e-01 6.323119688855742826e-01 2.136469696991971368e-01 -1.141718852640598442e-01 6.595703134058789052e-01 2.680805317523249909e-01 -1.200665207042010268e-01 1.492860114850711184e-01 -8.897762667357581035e-02 3.303616999234716411e-01 3.464551540691698100e-02 3.255534913215876736e-01 -1.626632780440075698e-01 3.471740736527652582e-01 7.020226784712416124e-02 7.666640998867007006e-01 -3.574126826035656235e-01 -1.360902223188511229e-01 2.782203028880990137e-01 -4.422799399192885172e-04 1.015789648806762480e-01 -2.291220159801042600e-02 -3.376843347788934802e-01 1.983455907957917264e-01 -4.342674589457388157e-01 5.143959233750473869e-02 -2.915524885762168505e-01 1.466827943289699676e-01 5.970077268642190460e-02 9.153904172776691772e-02 1.754723413605996651e-01 -8.518613071810814119e-02 3.589833967884629995e-02 -1.465196848517928419e-01 2.779851607403320823e-01 2.841441558045122995e-01 -1.628410714342269638e-01 -1.154382228449767622e-01 2.371549446738196315e-02 2.881301973978903086e-01 2.327134428901557750e-01 2.970843573392729087e-01 8.778893060611292487e-02 -1.152511489860831712e-01 -1.393370260037925549e-03 5.012844457403566878e-01 -3.134139343235763375e-01 7.332005942145070065e-01 -4.877229956767675789e-01 -5.279964538803848945e-02 2.765405688896607761e-01 2.712915476486676969e-01 2.649670686055209390e-01 -5.702783641822144478e-01 2.344847227877408791e-01 -1.438095876542147544e-01 2.244735899314845573e-01 7.093318256962859170e-02 7.599243610064482235e-01 -5.107599920696951346e-01 2.099238106892122313e-01 3.377570003606382709e-01 8.449760219508464093e-03 2.307397837687408249e-01 2.191232093443731266e-01 2.774814602785385942e-01 1.768060101038596843e-01 6.346589576277759104e-01 3.765258024384426916e-01 1.463212599823350835e-01 -1.903678419893985174e-01 -2.457275853686015921e-01 -3.356934712956550770e-01 3.204221969350550259e-01 1.843859709784292089e-01 -2.041012995576981237e-01 -2.634186074923571819e-01 -1.716518508328341852e-01 -6.221211424615608228e-03 -4.340656702541998979e-01 2.602903198830221476e-01 9.116454634787043987e-02 1.223817235909356316e-01 -3.099883817040804401e-01 4.131680213080179964e-01 -1.563706193912385578e-01 9.436771461038118147e-02 -3.349217518725403162e-04 -1.140905719293715814e-01 -2.838544472549820452e-01 3.152733238203127980e-02 1.043240026073378318e-01 -5.012618326069624361e-03 -3.095408309310442307e-01 2.301810667730047888e-01 1.448981325243235141e-01 -5.855941615003981138e-01 5.768495590165072517e-01 2.102723235113697908e-01 2.074532695591980724e-01 3.766096638130504992e-01 -6.766304667246644811e-02 2.633208425145046050e-01 -7.775360459231163424e-02 1.021171639348249366e-01 2.210028293370841501e-01 -1.045425995912080130e-01 -1.801113864725013003e-01 8.455470818935509336e-02 2.224793873678458309e-02 1.769295474412528602e-01 4.793882366015881358e-01 1.753418434791248481e-01 -3.637715657323315616e-02
-4.357922746681049397e-01 -5.388363115933988423e-01 -1.891534109424235777e-01 1.225449254815730443e-01 -5.318247195358321022e-01 -3.010089181422853088e-01 -5.309774349230172996e-01 6.409816544144306683e-01 -1.074749992062724868e-01 -1.647016137968423943e-01 -1.176856583256740973e-01 2.894048732050392148e-01 -3.165585897390579273e-01 1.172979111736620617e-01 1.414393557482942210e-01 -7.425808181236764893e-01 -1.623619149588606259e-01 1.652030060189145222e-01 -7.720543615509525281e-01 -3.736111057005478964e-01 1.669645309400595301e-01 -2.188965102927054041e-01 4.124710479285581544e-02 -3.903728673363823787e-01 -1.990940688690104668e-02 -2.815607145680806833e-01 2.393980334684043532e-01 -2.969304645845278756e-01 2.273693953699924136e-02 -9.104614149587233474e-01 3.702872286306398975e-01 1.824129617847627394e-01 -3.755899693109484017e-01 5.828443618605370913e-02 -7.023115248800722299e-02 3.762381046316382038e-02 3.592350748631529811e-01 -1.418988710738663950e-01 4.187169349786570294e-01 3.855544183122472379e-02 2.836228747166751329e-01 -2.053247832488809821e-01 -2.166136332324335168e-02 -3.366251591058691149e-04 -1.547636397710477341e-01 1.558108546208500367e-02 -9.268546905434524308e-02 1.996406981181432783e-01 -3.747742629510159573e-01 -3.609370399276120578e-01 2.561093819121002535e-01 4.627338918582191152e-02 5.600005212573026803e-03 -3.459608474916230914e-01 -2.041472445158687421e-01 -3.935524051076745855e-01 -1.468272590803134381e-01 6.511219553246580007e-03 -1.374578986875065433e-02 -4.891966539498862065e-01 3.335353448376868202e-01 -8.956529306457883255e-01 6.028200460800957616e-01 -2.610444348294334305e-02 -3.304905788682613865e-01 -3.463082157752327972e-01 -3.330643495472678794e-01 6.468074417460402126e-01 -3.151979967303891184e-01 2.101236554833602888e-01 -2.523353826945682887e-01 -1.087560951440838530e-01 -8.901477703584849133e-01 5.776751694841489870e-01 -2.980715352650828986e-01 -4.389249926961575898e-01 8.116826444831065634e-02 -2.185707636784616770e-01 -2.973862766901341215e-01 -3.724560435339666076e-01 -2.425700113411507763e-01 -7.820770918322192955e-01 -4.649305615460203045e-01 -6.250957336994275582e-02 2.660904175546425776e-01 3.279199677640631805e-01 4.185550246136371944e-01 -4.457960072922635408e-01 -1.133683617933107096e-01 2.356756881786954694e-01 3.113174386089784806e-01 1.578642121130349740e-01 8.100044996432421637e-03 5.108171797563766381e-01 -3.408136120446436657e-01 -1.447654636911304693e-01 -1.910305900167484361e-01 3.982334700838995878e-01 -4.487865083826736434e-01 1.333393350727066773e-01 -5.954485585673034015e-02 -2.726280023698273922e-02 9.485680875179262894e-02 3.450272155893628900e-01 -4.442608830128236957e-02 -1.594110426541225922e-01 3.554668605528857328e-02 3.686695200193219057e-01 -2.644489043765812508e-01 -2.090679544342806673e-01 6.758505223846646981e-01 -6.209351233564984751e-01 -2.384222863207602072e-01 -1.975372035021526751e-01 -4.119391171251933770e-01 -6.456030262514963515e-03 -3.584495289603213952e-01 7.794936645259661900e-02 -9.671932276200530601e-03 -2.666252393077481742e-01 1.209341930505570817e-01 2.734627741773822951e-01 -8.903798605786762688e-02 -1.896711839921842030e-02 -2.693315592119659985e-01 -4.654337855430898396e-01 -1.541348310522097365e-01 6.135440062002522899e-02
6.367271044424907545e-02 1.571903651320057937e-01 2.160557684008194146e-01 -1.328889746808627204e-01 -8.888228233496250907e-02 3.349559643370008666e-01 1.023223190109579100e-01 -1.074749992062724868e-01 2.850599828068080543e-01 7.022134462731935423e-02 -1.797185440479635507e-02 -1.583029831601150822e-02 3.455104222762829802e-01 -7.955226648571053771e-03 -9.599354058854925320e-02 -3.025050643576631185e-02 1.649088599324052551e-01 1.912487325706810626e-01 1.242879585746495957e-01 3.930225362458968363e-01 -1.763854097314584146e-01 8.428624912722875590e-03 7.276671140330642773e-02 9.858978250971091317e-02 1.639707614708719452e-01 7.945736274406134392e-02 -6.287347582490553088e-02 -9.896815716074353064e-02 6.309972372499317306e-02 2.341040012303532147e-01 -1.608138649970369538e-01 1.161138824963781485e-01 3.841994964009151636e-01 -1.873523576285350267e-01 -2.050557393392585595e-02 2.437871813376694397e-01 -1.674381833761501293e-01 -1.196382915726477980e-01 -1.072222046786965727e-01 7.286416768306396008e-02 -6.781490490571870366e-02 3.824053947199949899e-02 -4.026936495792834275e-02 7.386113401027970260e-02 2.731411472378650340e-01 -8.674189798442802357e-02 3.822256591332250791e-02 -6.264627136284399433e-02 3.659339806969864606e-01 9.458702788269446327e-02 -2.955046979386914963e-01 -8.420130822090901579e-02 -2.846300238906660299e-02 1.701390559466887942e-01 1.064062510990385346e-01 -4.472684521691983051e-02 1.369271943031205065e-02 4.717672699890562184e-03 -2.613488146891008168e-01 1.355850683595333783e-01 -6.338072915527008522e-02 3.075087956425429647e-01 -1.058380518873959092e-01 -7.507676108039068597e-02 2.843724722067548782e-01 -6.299241302393387976e-02 -7.744109039352253809e-02 4.087617491639102679e-02 9.170357678149279601e-02 -2.977186011607279789e-02 5.852344049362307593e-02 3.906721416826147708e-02 8.535263649167743050e-02 5.886771444130638881e-02 3.589008414724257912e-01 3.995930582463040337e-01 -1.963438937349092639e-01 -1.899707570290314204e-04 5.846852476389248487e-02 3.720321752566393969e-01 -1.149276170555886545e-01 1.764307681962599683e-01 -1.141125168448899330e-01 -1.813858925974113356e-01 -4.004091163868201547e-02 -3.245848847594834941e-01 -8.950788515727119143e-02 1.890803364036774126e-01 -1.845425367033438901e-01 -1.514665637119315400e-01 -1.041263778457369588e-01 5.450377298017757000e-02 5.739993003346088168e-02 -8.587906413046111909e-02 -6.702987938876203700e-02 -2.878129117594216413e-01 8.933873372899163445e-02 -4.008009097242419549e-02 2.020224681998868121e-01 -1.093088656121331409e-01 7.620251393212184796e-03 -2.689681518388164615e-03 -7.523641273599739054e-02 -1.131988179991144788e-01 -2.633164153421591047e-01 -2.633843145942738051e-01 -1.322833444242015599e-01 -1.246523069050144567e-01 2.598318445296429399e-02 -2.678929387679010454e-01 -1.140245888426089510e-01 2.066658966020736010e-01 1.062459615486364278e-01 2.868721612367117757e-01 1.740051962730705115e-01 -8.451699427160745681e-02 3.737198398210798689e-01 1.190091908910820839e-01 -1.362784050707276928e-01 1.514875656655980118e-01 -3.428136310960831074e-02 -1.179410936874926846e-01 1.411814888218820285e-01 2.725408432193908159e-01 3.085457485984770543e-01 1.268245475866840999e-01 2.107058078024026393e-01 -3.440258135005732493e-02
1.296332178577736527e-01 1.903479265406657905e-01 9.025733751254996773e-02 -1.059358152270867826e-01 1.755314212119505057e-01 1.523012601046046799e-01 1.207393853389858718e-01 -1.647016137968423943e-01 7.022134462731935423e-02 1.329075582903981312e-01 2.110768257273203108e-02 -7.959808533704236522e-02 1.619683750641885134e-01 -2.847350663128936712e-02 -2.219180353743406900e-02 2.483885005813449565e-01 1.164159522500245181e-01 -2.110775535480588841e-02 2.594141684042211016e-01 1.918897504388150377e-01 -1.484744076794520529e-01 9.070918108897332854e-02 1.094142903270760477e-02 1.579388221387152957e-01 -3.955865335890357119e-04 1.164824178614546346e-01 -1.146605450135713827e-01 4.217134156968348896e-02 1.246007165911586570e-02 3.430414703321597036e-01 -1.032522979234309912e-01 -6.173205678279782005e-02 1.877236896130888011e-01 -3.465773883279311962e-02 -5.040509029898443405e-02 -7.505903122197353332e-03 -8.438054444460851844e-02 3.339493129059045023e-02 -1.277521795316693964e-01 1.261123927069842353e-02 -3.107245247723137982e-02 9.782192833622033179e-02 -7.134376874262593482e-02 2.106137963947146349e-02 5.997086397749224612e-02 -2.397835827190046912e-02 2.000815261635125950e-02 -7.804870033567232190e-02 1.856120757754701478e-01 8.816522673161504564e-02 -1.181775906398358500e-01 -3.072385405211732617e-02 -4.782378548052243494e-02 1.973910687335132530e-01 7.586819179897685839e-02 9.582690571479701713e-02 5.830294618527996631e-02 3.686594807253087275e-02 -2.997442122443582518e-03 1.552459539999565263e-01 -9.923546696844678938e-02 3.557236892747485668e-01 -1.537891757102892998e-01 -8.898505363269812798e-03 1.380851154909396583e-01 1.290815251362917859e-01 1.185918202005399325e-01 -1.865398255530699434e-01 1.466508987192856051e-01 -5.519436982755675236e-02 5.415659144262315733e-02 1.115649120929556454e-01 3.193549085475268501e-01 -1.608425324951034963e-01 1.601148858076322234e-01 2.109315166066742242e-01 -5.760971176056597226e-02 1.901558615651109674e-02 1.333531671842804467e-01 1.829663069266951603e-01 8.678392813893455460e-02 2.322725767359397897e-01 1.551930725996658600e-01 -1.924921770020719680e-02 -1.051360811757602320e-01 -1.814739420816478543e-01 -1.234458425840220530e-01 1.725342623657971364e-01 -2.689902384568062816e-03 -1.414815437463953773e-01 -1.482813408738652694e-01 -7.781795723535768483e-02 5.531558904051735170e-02 -1.950096190822850906e-01 1.248131835242278498e-01 1.573039181655604829e-02 4.706119968125727082e-02 -8.373879370710070325e-02 1.264087050881405050e-01 -9.319008638883080620e-02 -4.539815881678034570e-02 7.691391993336858801e-02 -2.262192442197795417e-03 -1.155155603539915893e-01 3.412126666981485801e-03 2.393614320508242674e-02 -9.404115009231046873e-02 -1.841261987777995379e-01 7.271171984747706873e-02 3.949531327511059120e-02 -2.285824040787273748e-01 1.794250066270950683e-01 1.261428329104763157e-01 6.788106082579152545e-02 1.107055965132985181e-01 -1.790479464900745360e-02 1.836189148710715979e-01 -1.392112065277914361e-02 -1.132649586887966332e-02 1.699298558727883879e-01 -3.763673532538739600e-03 -1.437792082655690584e-01 9.913322992090312091e-02 1.505883659304226713e-02 1.423206283372423220e-01 1.494668569566479366e-01 9.960920911125061006e-02 -8.941741153283451482e-02
2.625991534905299310e-02 6.039179403254714418e-02 -7.641259674779037059e-02 -1.745889068247228823e-02 1.584393155405614262e-01 -4.975290410243601857e-02 1.558274830285004686e-01 -1.176856583256740973e-01 -1.797185440479635507e-02 2.110768257273203108e-02 1.341162393843233214e-01 -1.209421239039097512e-01 -4.592882676915437112e-02 -1.551577477337933997e-01 -3.926622656842208153e-02 2.116183794758674797e-01 1.161068351221785505e-01 -5.990430338156060852e-02 1.974685339048008192e-01 -4.885576592295559628e-02 1.293542869302038642e-02 2.676906031657205753e-02 -1.208376307613295148e-01 7.046544621436919009e-02 9.325072343942466960e-04 1.754782588317530534e-01 -1.713774144952941864e-02 2.275743936771003062e-01 1.181513087630967629e-01 1.947426393694502988e-01 -1.114635701144689045e-01 -4.662144930069388876e-02 -3.488127102347990394e-02 8.577084691974570796e-02 6.202244943261397275e-02 -5.060020294847387967e-02 -1.030132746871671584e-01 1.590356579243971946e-01 -2.095526733503235151e-01 1.043526753573351118e-01 -1.159291450860644862e-01 3.322876123521872199e-02 5.031237208261617189e-02 1.243176411521832586e-01 3.622696023486339512e-02 -9.684126023500533309e-02 -5.737560512418914127e-02 1.284478177911037994e-02 -3.123952851654629090e-02 3.042261686734809914e-02 6.664625101670026974e-02 -1.110693846529478696e-01 2.276227875675817039e-02 5.654751633291580509e-02 1.320998159502566605e-01 5.868196035362676505e-02 9.110892926985539320e-03 -1.424879235416906531e-01 4.418611030994199634e-02 2.332882597135454705e-01 -1.253408990699161063e-01 1.429579301448332673e-01 -9.260775727487702280e-02 -9.034735812396425814e-02 1.703482455473335350e-02 7.826084834340628349e-02 8.462458765948449591e-02 -2.147823541917388557e-01 3.559077450951984162e-02 -1.902099889358660478e-02 7.738792695070070837e-02 9.330443767309074682e-03 2.338795475206381091e-01 -1.977755577989188107e-01 -5.619131071893439938e-02 -1.300446090173925685e-02 1.180622966392548961e-01 1.024597759772916533e-01 3.395051577162420259e-02 -3.071025499466988051e-02 5.145239684488032983e-02 1.249407664030349752e-01 1.366478848887164865e-01 1.746189111878964639e-01 -3.917903155503033724e-02 2.792038215682102892e-02 -7.778134577379136605e-02 -6.818209094840049431e-03 1.802338823151251879e-01 -4.292338399799648652e-02 -7.452505648881675715e-02 -1.026675667968262179e-01 -1.173810757101987137e-02 -1.275713135593312675e-01 6.936479591793978661e-02 6.314600044900660347e-02 -3.704279009212872731e-02 -4.454900993110295915e-02 1.251100320059659876e-01 -8.045245797874424343e-02 5.712243101318822264e-02 -8.566502622139770401e-03 -4.344203876693438632e-02 -4.045101205675612210e-02 6.232579718372765337e-02 6.191380638325504754e-02 3.908113387176887638e-02 -8.065044772548329854e-02 7.828927201360380561e-02 7.436729755900441108e-02 -1.862348207781321097e-01 1.908640344228225427e-01 6.870355244683148954e-02 4.025819425147408870e-02 1.119692854894683565e-01 -9.331878824100414693e-02 -3.664777371015021101e-02 -5.976897741061263508e-02 1.492352488025263935e-01 3.989469677595509217e-02 -1.197699896813865864e-02 1.636187149751935563e-02 1.313749402428037935e-02 -4.652233710259318783e-02 -6.543431222923358492e-02 2.278974123004925412e-01 5.173272914443287351e-02 -3.458411274997682389e-03
-2.011802683113983192e-01 -2.220980582749303711e-01 6.383032462512722854e-03 3.919914651721981280e-02 -3.268010041624111461e-01 -5.595476522800904573e-02 -2.752972722575139364e-01 2.894048732050392148e-01 -1.583029831601150822e-02 -7.959808533704236522e-02 -1.209421239039097512e-01 1.966188475655609169e-01 -6.659839959677689436e-02 1.192246543657932700e-01 8.497693572475246981e-02 -4.391746620882043262e-01 -1.243707400086356690e-01 1.045550022221939795e-01 -4.007402495750072569e-01 -8.351132203324310166e-02 7.133066540729189609e-02 -8.867815622657637675e-02 7.992015860972648267e-02 -2.016046722921469581e-01 3.406717844757626429e-02 -2.199271383964900295e-01 8.794544039792709378e-02 -2.474753812819996401e-01 -6.296161745952820465e-02 -4.721025977420701958e-01 1.916303816390194092e-01 1.382336858848596250e-01 -9.034165699148401230e-02 -6.263929194593062522e-02 -3.042117966303323207e-02 8.126762864974679257e-02 1.862074516746219932e-01 -1.718830507010583597e-01 2.658910900125130983e-01 -5.168977302853929034e-02 1.463730789940313748e-01 -8.313025794262987600e-02 -7.808004916422527607e-03 -7.576911482625985073e-02 -2.551992712668690183e-02 6.347360500021376195e-02 2.242924536045745598e-02 6.483038767420365445e-02 -9.610102171137772931e-02 -1.568198796607797318e-01 2.522747685886642111e-02 8.337858018009518257e-02 -2.357343389133649894e-02 -1.669171117231457724e-01 -1.553633072567636164e-01 -2.052706377734023202e-01 -7.119571435273640281e-02 5.375080467101837900e-02 -6.693464668800119810e-02 -3.044072635850880726e-01 2.132970123381122962e-01 -4.288559939223220985e-01 2.610866968086769102e-01 4.667839305868814320e-02 -8.430906825664225002e-02 -2.242490345021560250e-01 -2.231925813182218388e-01 3.757692722382899864e-01 -1.618557669951770361e-01 9.537444510133318010e-02 -1.434631500106361701e-01 -5.315504935533509057e-02 -5.028251863566621793e-01 3.397619624461327703e-01 -5.093732144260195577e-02 -1.313981301490385611e-01 -6.717590518233844399e-02 -1.371846627808845087e-01 -1.598279146409797846e-01 -9.324044111264424839e-02 -1.690400827355839075e-01 -3.520853719423277517e-01 -2.908111527737110014e-01 -1.374397196670036070e-01 1.349842662460341569e-01 1.018348741218760428e-01 2.138202326245037255e-01 -1.769756121946834682e-01 -1.588075729013294635e-01 9.803135959743458638e-02 1.762467153190113711e-01 1.700097882159508633e-01 2.052249422288813727e-02 2.760818957787692374e-01 -2.131198725398093796e-01 -1.275937492426413578e-01 -1.849290653899858181e-02 1.527298724765857318e-01 -2.302186219283768875e-01 1.195953428273612562e-01 -2.224162185674004311e-02 -1.099069168411176238e-02 7.076875961670964221e-02 1.736112815161607037e-01 -8.774703393320906764e-02 -1.295168914267707805e-01 -5.395759459380432971e-03 2.137813420703923162e-01 -1.709439399422418293e-01 -1.577105645238904008e-01 3.528094484775700646e-01 -3.329498128214745112e-01 -1.393589236198066739e-01 -4.305430187283242061e-02 -2.134427543555227902e-01 5.137722067461283904e-02 -8.754374216850575874e-02 1.024855281008446861e-01 -1.132084378266388358e-01 -1.249674995768593755e-01 6.538396201943055819e-02 1.037841520100705878e-01 -2.282115096208311988e-02 5.895500709615648927e-02 -3.729350144595212913e-02 -2.942663832636425725e-01 -9.987693980402051475e-02 3.284507659622903919e-02
