3.547321905141698206e-02 1.024044127217530993e-03 1.501173394440597809e-02 8.963157208349787968e-04 5.797013007189750697e-03 8.846432026594581999e-03 3.846893603544200829e-03 -1.233299502798371194e-02 8.579067344505933446e-03 -7.524820087512202119e-03 -2.207249677520061598e-02 3.838563007716097857e-03 8.604050590024416717e-03 1.623239159164999515e-02 -1.805208590106541569e-02 1.846508621440364276e-02 -1.317975612200805724e-02 9.198982749548521203e-04 9.955586056983956392e-03 1.154393484684222010e-02 -7.048546735587716758e-03 -6.977408098379886750e-03 2.113959223252650024e-02 7.970232402191954058e-03 -1.565426370865241959e-02 -6.919793562436881394e-03 3.348016261891862029e-03 -8.868854837270484515e-03 -2.166187129676346371e-02 2.075830466875212832e-02 -1.912995474838949730e-02 -2.139752914628868449e-02 8.763025263993987068e-03 -1.144857787451507639e-02 6.209581908159475180e-03 2.309094777463677022e-03 8.072192016159699833e-05 -5.635716149946277433e-03 6.623701764206372730e-03 -1.896126128425814142e-02 1.231592828999101023e-03 -6.868081924634679425e-03 6.168439091655782310e-03 -2.111437939931906996e-02 -9.128748848431286061e-03 1.363891530268536434e-02 1.587349880668535371e-02 -1.081400786375154473e-02 9.073251429353734049e-03 8.834920910395420088e-03 -2.113627008651257355e-02 1.616893793247862338e-02 9.848706830833511838e-03 6.952121445317852380e-03 -8.353641771898645887e-03 7.109181862330550723e-03 -3.237584480313738383e-03 1.776429383868742204e-02 -5.328265881882733070e-03 -9.806169499437248499e-03 3.608197354655913631e-03 2.091163340703673656e-02 -1.569985665859862170e-02 1.403480567152951865e-02 3.341299527806966909e-04 2.611896880565854617e-02 2.474378651228794149e-02 -7.751733593449742707e-03 2.145963380933191278e-02 -2.186951564531289249e-03 -8.488346085061070079e-03 -9.606139715255973890e-03 2.269582861648197780e-02 -7.041524235564809373e-03 9.532251058194675039e-03 1.022062640805617741e-02 -1.484890827303485261e-02 1.360499139789710793e-02 2.324366924500648190e-02 6.376144952398923871e-03 2.246762585703009074e-02 1.634662609725030802e-02 3.564454020810612668e-03 -1.692827644086836170e-02 -1.649849781758452730e-04 -1.128605756539756075e-02 -1.393195667026179800e-03 3.635950861876488527e-02 -1.206128354178567612e-02 1.961462384523009542e-03 -1.142973378285313917e-03 -3.466410238292350759e-03 -3.573683371986626639e-03 -1.188892002098762384e-02 2.363063295705138123e-02 1.094452920237643477e-02 1.657486917935582088e-02 -2.257856860057394846e-02 -1.909574977850644027e-03 -2.217963971628338050e-04 5.115223181539069706e-03 -1.106492620204736765e-02 -1.545899318461445467e-02 -1.404597376608876166e-02 -6.028251670005948387e-03 1.172974219357124891e-02 1.818492586686641004e-03 -8.562374566600167158e-03 -6.696571054147502141e-04 1.262853342510385050e-02 -5.895155885572054937e-03 -6.794058565283360549e-05 -4.814721412363747420e-03 -4.627778262311080769e-03 8.526886408484201122e-04 1.557775089743546580e-02 9.172931777948192464e-03 -1.497831326021118077e-02 -1.218154878441541841e-02 6.295392519830782067e-03 -2.093576874067337029e-02 -8.617044855840805696e-04 -4.817213167474611638e-04 6.997196821846234961e-03 7.064456942039307880e-03 -1.052928166281442632e-02 -5.592490435418833242e-03 9.695360360326562080e-03
1.024044127217530993e-03 3.934438827133750205e-02 2.956768284675184016e-02 -7.932909336158240274e-03 2.486893808409829446e-02 1.193669912340276917e-02 -3.568551376145221517e-04 -1.768211204042501039e-02 -2.072172065962901710e-02 2.188983626588093812e-02 2.503091538185273947e-03 1.349925965485260617e-03 1.018664115568998323e-02 1.423853417228050471e-02 2.445078510081583056e-02 8.592198840426145887e-03 -2.114043539981296654e-02 -3.285661884121598292e-02 2.160331221405718816e-02 1.884101053153777391e-02 2.079391140943433018e-03 3.514086941250318952e-02 -5.840544383841001115e-03 -2.969169316903783398e-03 1.395970217612951467e-02 -2.712648987879525894e-02 -3.614851299554047021e-02 -1.573061363246640310e-02 -2.560799449172326131e-02 1.136685826724322286e-02 1.295332807550026756e-02 8.769658634965234525e-03 1.569579229133232987e-02 -2.031423664674664523e-02 -7.692288366656486673e-03 -1.151297550782752303e-02 8.570696623871066830e-03 -2.681717034855091164e-02 6.103231289231876057e-03 -2.631717097918015100e-02 4.855285175935093733e-03 3.448532470486696117e-02 -1.199682585832699544e-02 -2.729441593923159076e-02 -3.577805171795251944e-03 2.114356059460930151e-02 1.347586289887475232e-02 -2.412711028514351146e-03 1.341835682503174365e-02 4.565616277246759176e-03 -1.572334235088613738e-02 2.277211116652872250e-02 -2.800831948955205888e-02 5.740211678686925507e-03 -1.161233799439047483e-02 1.763753298411844042e-02 2.430084375070755767e-02 1.657990219693194350e-02 1.350782421118890304e-02 -6.180315424287290658e-03 5.594090328008575943e-04 1.454016657139324716e-02 -2.176495444713833979e-02 2.530542352168739517e-02 1.557191463647696755e-02 -3.314507129590675821e-03 -5.599674511388764465e-03 -1.631616130402964437e-02 4.591848342155426324e-03 -1.736056955593928350e-02 5.770277549586855063e-03 2.211366013496551125e-02 1.236819155488081724e-02 -1.465683797446091195e-02 1.204480996032612772e-02 1.337856190202016925e-02 -3.018417363279434287e-02 -1.720657087856957562e-02 1.375851697103779850e-04 1.383950986535821201e-02 -3.589744492697105084e-03 2.501048132326852066e-02 2.247251152877250552e-02 -2.131757167776010195e-02 -2.440123971138032435e-02 -2.848635933597050114e-04 -1.244825523308996755e-02 4.871447392745027576e-03 -1.623386769919306014e-02 -9.865271877062884234e-03 -1.908864292902100711e-03 2.658040336672529494e-02 2.216110564345899307e-03 -6.177443015666295861e-03 -1.499891077058937731e-03 1.858588132258625139e-02 1.471150014731672367e-02 -1.825049689906815473e-02 -1.923418158964586375e-03 2.017177003778557534e-02 -1.131009455408172465e-02 2.009575849057366678e-02 2.683265604192633727e-02 1.103382289242228233e-02 1.288824017138209127e-02 1.981106513636736802e-02 -6.442668892711789393e-03 3.665419068644413126e-03 -2.958511152881549474e-03 2.148631874699433175e-02 -1.863437847834500949e-02 -3.267687555517092418e-03 2.759289256004000823e-03 -1.679662146591198117e-03 -4.586531177563810471e-03 2.096942141329412312e-02 1.409508591609222490e-02 2.097781244149509589e-02 -3.359523380069961984e-02 5.193901110068752623e-03 1.842886121825917586e-02 -2.311027499660780332e-02 7.745011580646757668e-03 -8.374905516454346499e-03 1.351295075205295564e-02 -5.413220074681058917e-03 -3.258768593900992355e-02 -1.835217920557357524e-02
1.501173394440597809e-02 2.956768284675184016e-02 5.438609920844697521e-02 -9.240002229600439987e-03 1.448456717681038085e-02 1.937759771531532421e-02 -1.258881735404431337e-02 -1.195186421451168921e-02 -6.788613612518858316e-03 2.117759494469297413e-02 -1.856262834580132276e-02 1.341871842060162259e-02 1.774532455700641304e-02 3.150607769972571526e-02 1.249170240167014716e-02 -2.319323824774159105e-04 -2.423735103166344690e-02 -1.724407325963865298e-02 7.859216808581353381e-03 2.967396580099047887e-02 -1.721387195877895505e-03 2.210823868106911658e-02 1.565371874131752175e-02 -2.745967662061183420e-03 1.093386575012647403e-02 -3.440384698366752425e-02 -2.765486485505835867e-02 -3.915971392229909698e-02 -4.394885487248378214e-02 8.820892566104599278e-03 1.174621976219233097e-04 7.120690541231842162e-03 2.502766564538394176e-02 -4.366229568519911647e-02 -4.374764172265012754e-03 -2.635739281413411461e-03 1.838051100477511995e-02 -3.790571463833488502e-02 2.409568873719413959e-02 -4.314464817467350555e-02 1.204887415347763099e-02 2.479426419608213653e-02 -9.612619227036553818e-03 -4.594748091066605533e-02 -1.772730218970302750e-03 3.603145860257657429e-02 2.387875266249559272e-02 -7.558293678821455426e-03 2.197104624018580976e-02 8.218541085794855809e-04 -3.243187600125581327e-02 4.050733189442065618e-02 -2.086487525190913045e-02 9.387162924805524805e-03 -2.660688007231896274e-02 6.686656546628574893e-03 1.386573496177401915e-02 2.358583292558904046e-02 4.211003054214666232e-03 -2.557941460167099251e-02 1.070206695046201084e-02 1.521317163092374136e-02 -1.888992948718750536e-02 4.112019725490610733e-02 2.171067452511105458e-02 -1.808348971841420259e-04 -4.846945018224204337e-03 2.754622103981787780e-04 1.146415702959515011e-02 -1.206819345658389532e-02 -8.821919657380720287e-03 1.975095053563160827e-02 8.636813928310119876e-03 1.579646611040612294e-03 2.217266966891830518e-02 2.238121246382564558e-02 -5.589355334096283989e-02 -9.313085252186381613e-03 6.086142744570966628e-03 2.118365501164383435e-02 -2.881374017356001099e-03 1.900332851467904927e-02 1.089633374847447100e-02 -4.541621196758718892e-02 -1.394688146618873296e-02 -1.190655497511887602e-02 -1.700691549315124472e-03 2.418795746391640480e-02 -3.876651518728382873e-02 -6.886968553737011361e-03 1.213377945961011464e-02 3.490811773501768800e-02 2.007453560450262343e-03 -1.667916158360744630e-03 2.041349428097091767e-04 1.547469248943309644e-02 2.629744748127358853e-02 -2.587197955527960683e-02 -1.411352427762787611e-02 2.198199015530822448e-02 -8.477637184210740084e-03 1.703520668295208443e-02 1.756011375014226994e-02 5.712217028470145848e-03 2.745012375525964724e-03 1.769604666371636312e-02 -3.177103503692129804e-03 4.677737786060074190e-03 -1.343348479082969588e-02 1.894134969449517286e-02 -4.322626990168453726e-03 -1.753206868745071229e-02 -9.390424606478899733e-03 1.292339086900953110e-04 -1.610937285964996607e-02 3.666073837395193019e-02 2.475725936211808920e-02 2.155032009207602170e-02 -4.536949229379948906e-02 9.781473030898713006e-03 8.070336871482990809e-03 -2.198918098363595100e-02 1.239989321620212429e-02 3.100159387236461547e-03 2.015103716157984684e-02 -2.548467757261885930e-02 -3.480874117666037104e-02 -1.605607850281956517e-02
8.963157208349787968e-04 -7.932909336158240274e-03 -9.240002229600439987e-03 1.368833049378097473e-02 -3.455661015930072428e-03 -8.119166963201782800e-03 7.221113656145120366e-03 -2.056843096364086129e-04 8.939532222452281456e-04 -1.417446100089638818e-02 6.013653629292581466e-03 -8.542674982351200486e-03 -8.661539298955881969e-03 -2.974241895645559318e-03 -9.061717928332789496e-03 -3.556910605241531305e-03 -4.793108159332279058e-03 2.751477613320799532e-03 -6.781213099510787108e-03 -1.137584767844578015e-02 1.074347118271786437e-02 -8.493999791464073440e-03 -5.482606713335472400e-03 -4.448888672110917937e-03 1.533856333546115532e-03 2.495512345668410639e-03 1.138937191049970744e-02 8.326508242313065272e-03 6.040361139736398835e-03 -6.619387275517415320e-03 -3.177660208254698762e-03 8.667497493084114256e-04 -1.056019681271871263e-02 5.217064153473654348e-03 5.912356938602144479e-03 1.266372255654150394e-03 -1.072932836042140778e-02 5.640162653025745237e-03 -3.167395540342714949e-03 5.918043239126914885e-03 -8.792428474127896368e-03 -1.069104611830558327e-02 7.832655155643684572e-03 6.119903339332226702e-03 -1.248454421871954007e-03 -5.240923751389310777e-03 -7.920935228086475530e-03 5.043065434198471669e-03 -1.004401547122077062e-02 5.458925796415475991e-03 9.293176360459195692e-03 -5.609655346091765339e-03 1.165885071121413458e-02 -1.402714506079590431e-02 4.963118897527962411e-03 3.321084956913451878e-03 -7.906300619272185184e-04 -5.426774441710888880e-03 -1.502457596916704878e-03 2.530147429834951871e-03 -8.151974892013913454e-03 -1.023679345550959630e-02 4.665513186869665180e-04 -6.429092561528957847e-03 -9.251733423535059286e-03 -2.825796658264686026e-03 -1.549344175215068391e-03 3.539152249149288710e-03 -6.097985378340728749e-03 -2.530232238067943278e-03 8.277980090408310065e-03 -1.350200723747273582e-02 -6.902277807234701891e-03 2.679382565292451855e-03 -9.586508652269655484e-03 -9.922336395514291807e-03 8.959548650700189382e-03 7.769499907801591734e-03 -4.260756423539547276e-03 -9.605723941954785045e-03 -2.051213263051463939e-03 -2.501208250578002348e-03 -2.827638072171241579e-03 6.192901099060573768e-03 2.655028246796896536e-03 7.307435650986697853e-03 -4.844845699083968199e-03 -5.192485888122919981e-03 4.845904402128812724e-03 1.347235575199838033e-02 4.080254291811300123e-03 -3.118426753206853322e-03 -1.166364123650064609e-02 4.859637400020219190e-03 -3.556199640322822882e-03 -2.188479844350547064e-03 -7.267966331597301537e-03 3.113271154619597428e-03 7.938948181824376227e-03 -1.032172995715272641e-03 6.057169678410428797e-03 -1.269425926430524897e-02 -1.046187162585359917e-02 -4.128134371154315932e-03 -1.325181171519413618e-03 -3.042617698029698777e-03 1.182219018095237266e-02 5.134967831660764391e-03 9.060297795438600546e-03 -3.460610170743973028e-03 6.529023286408526354e-03 6.696347902992466454e-03 -4.654184810952840916e-03 -1.631981481870528844e-04 9.100062784824974882e-03 -4.970877129969158981e-03 -1.000364217015351116e-02 -4.074501453873200646e-03 7.061861405351163232e-03 -1.429051410370132079e-02 -9.082703519484383592e-03 8.267849558280204042e-03 -1.399183088893443672e-02 -2.051047134488387781e-04 -8.715150587202779089e-03 2.511025260874291849e-03 3.119272707201489834e-03 1.163159889040361536e-02
5.797013007189750697e-03 2.486893808409829446e-02 1.448456717681038085e-02 -3.455661015930072428e-03 4.818718632091736898e-02 -1.762331049034630490e-02 -8.867894994717970616e-03 -4.126475162636001996e-03 -2.098635042112330373e-02 2.320235446764118414e-02 9.427656613529185325e-03 -1.605261569357849250e-03 -1.598823860757303192e-02 2.161797263046254941e-02 9.164358559349045433e-03 2.933929547649906378e-02 -1.156171613882302045e-02 -3.361473794758072786e-02 1.978133137484351309e-02 -7.779912322438090923e-03 9.283893174460393491e-04 2.732271111689414667e-02 -6.730534479743171226e-03 1.953386826268185047e-03 -1.724547956166263673e-03 -1.566275152299037576e-02 -2.870066495846522805e-02 1.905685930557599571e-03 -2.036557861827261243e-02 1.472786666278560683e-02 4.616333394285110879e-03 -1.156346114318793951e-02 -9.553554657299274597e-03 -5.574909820828534771e-03 -1.196369683174640548e-02 -2.250080518315480949e-02 1.749377186740520840e-02 -8.870146173293472214e-03 4.938362119016609028e-03 -2.088371517477278366e-02 1.483185489251283816e-02 2.866333314036649885e-02 -1.713372568928715409e-02 -2.091808546692473791e-02 -2.547776778690455726e-02 2.203492296231977440e-02 5.758024606218822145e-03 6.255029320659784807e-03 -9.972928514221246141e-03 -9.707943114496237272e-03 -3.933199892564797316e-04 2.255149119376171490e-02 -2.186868764054719985e-02 7.328717280996365283e-03 -3.906040470584955931e-03 1.786135655978894621e-02 2.224687294706527430e-02 1.302683002753924485e-02 2.327952539262499732e-02 -3.508056941931000060e-03 -8.446256618359776220e-04 1.451234660374525580e-02 -6.640212055724150492e-03 2.569164090591049415e-02 -1.166697797107237554e-02 2.474954255543007284e-02 2.226409865632309262e-02 -2.961604740207254838e-02 1.270340925773293800e-02 -1.092401642962258917e-02 5.247344090725373806e-06 2.160809071449705174e-02 3.550066257136336167e-02 -2.628233014805296530e-02 -1.366987816444650838e-02 -8.734125243219528420e-03 -1.310145748164275904e-02 -9.373772938702689198e-03 1.023050025044406827e-02 -1.143353460694923433e-02 2.075738163562001332e-02 1.044582687173693791e-02 4.086462315844839599e-02 -8.468965144889189361e-03 -2.502407861193441801e-02 1.368311215282156518e-02 -6.928034756308024469e-03 9.371410806106782176e-03 -6.239881780396033459e-03 -3.590742682076639158e-03 8.182322388364639612e-03 3.577294715800392877e-03 -3.571965462425346575e-03 -4.367245246035741761e-03 2.284696441987377549e-02 4.028247355648630068e-02 3.650901339319390961e-03 -6.671656329050414287e-03 -1.339846759264267696e-02 1.201074347715420411e-02 -1.768578926325818645e-02 1.745673867250486719e-02 1.189617113672970274e-02 9.778050601626384064e-03 2.348536341524839685e-02 3.968985931274042478e-02 -2.594162085279030049e-03 4.798185854159670786e-04 -1.536501384307771166e-03 4.386593883261473426e-02 -1.391562521022262841e-02 -1.021490997565306300e-02 -4.097858894782594602e-03 -2.250634065080858726e-02 -1.649523007734909896e-02 2.228759704424301130e-02 -7.511030846024053902e-03 -4.247284093162191111e-03 -1.427105105556565265e-02 7.330717299882538555e-03 1.009863208904573408e-02 -1.178703531469645419e-02 5.566115220940872320e-03 -1.932957053725775989e-02 -1.720611868954930249e-02 -3.730555892081592172e-03 -2.943453610059828390e-02 -2.285286575065041334e-02
8.846432026594581999e-03 1.193669912340276917e-02 1.937759771531532421e-02 -8.119166963201782800e-03 -1.762331049034630490e-02 3.234854337530527341e-02 5.214071609783564598e-03 -1.315351101078360112e-02 5.544481511657164095e-03 2.296106142379926440e-03 -1.745127467606591432e-02 4.338451181424633242e-03 2.993275262376059176e-02 -2.257017693804374246e-04 7.302457676012020713e-03 -9.494911779160904175e-03 -6.837574429972673694e-03 4.968374088853188923e-03 4.283170015349633229e-03 3.171200756026927581e-02 -9.084311818196194252e-03 3.034698419342175303e-03 1.244954671290600737e-02 3.278410972852574372e-03 6.236535314370352315e-03 -8.042791334196993519e-03 -5.160932946332228745e-03 -2.241731799108516096e-02 -1.198058058577585079e-02 8.620424561746147657e-03 1.569217095819316215e-04 9.330484681066526093e-03 2.909854049413094709e-02 -1.688166461344782834e-02 5.671651559015659710e-04 8.487343782614863164e-03 -4.746544749463218159e-03 -1.516777270456079289e-02 5.591011880673973748e-03 -1.060725470001468336e-02 -4.259145735351057595e-03 1.613551441130954859e-03 1.112188261582294519e-03 -1.262034347625660448e-02 1.652944016687385095e-02 3.703542614402338673e-03 1.133065580822670282e-02 -1.533967222569629189e-02 2.763721695374254939e-02 1.431334935416179836e-02 -2.103217882978697731e-02 5.846308553251948308e-03 -2.873235202558215885e-03 8.336435526050275935e-03 -1.120595448551086303e-02 4.917484399488350347e-04 -1.334604875667980703e-03 1.111418984785883871e-02 -9.198794869369803298e-03 -7.751903950539216007e-03 2.776000155327065701e-03 1.272638486058773506e-02 -1.580745210341468962e-02 4.020791692390318813e-03 2.591917822975432426e-02 -1.329182853762908047e-02 -1.416576441143970605e-02 1.127117047049804727e-02 2.614995635041843496e-03 -3.245688397562189378e-03 -1.387300490823576826e-03 2.879804336670751738e-03 -8.610715106971384564e-03 1.033058949952050595e-02 2.989005837090455073e-02 2.725761104557629030e-02 -2.097955178644669155e-02 -4.091480740165911838e-03 1.386788411909938793e-03 2.799907731510687184e-02 -1.209855123693416752e-02 1.654676989740886187e-02 -1.391333114605695920e-02 -1.857039128025514754e-02 1.760943544357968481e-03 -2.311368325240059987e-02 -2.987893759254631101e-03 1.185811422235820596e-02 -1.418220227790161631e-02 -9.316099110909933576e-03 -1.178611054691138145e-02 1.419365274342839281e-02 8.459995066628768143e-03 -8.191967917191293053e-03 -1.156892132804683733e-02 -1.714994268911608152e-02 1.386161358008680330e-02 -1.455307849545186064e-02 6.444893838983683891e-03 2.170075473709328750e-03 2.431860197624673234e-03 3.666211321789433590e-03 8.555731080601163344e-03 -7.264811066301473351e-03 -1.032025358443243272e-02 -1.494484684259007705e-02 -7.542331055117226096e-03 -5.745864958446160811e-03 -2.122362610811979154e-03 -1.684280160015623126e-02 -4.982548080282410766e-03 3.710222451392011442e-03 6.541887616707226655e-03 1.610458748961494588e-02 7.818680449560626300e-03 4.095056420995619138e-03 2.618843184318150538e-02 1.684870185663815689e-02 -1.908436580379581360e-02 7.312217801863072665e-03 1.102788592613691354e-03 -1.505204954352618203e-02 6.783516006170525747e-03 1.068964782878912764e-02 3.262869800768523204e-02 -7.077815168376352245e-03 1.200599482253729899e-03 1.953654435613785476e-03
3.846893603544200829e-03 -3.568551376145221517e-04 -1.258881735404431337e-02 7.221113656145120366e-03 -8.867894994717970616e-03 5.214071609783564598e-03 2.658487823011335821e-02 -1.892744524422936350e-02 -4.886550095869948837e-04 -1.856942209759378931e-02 4.776877139447112397e-03 -1.381623342175831645e-02 2.759931823035939071e-03 -2.082005835012756476e-02 -6.460468349322328468e-03 3.229503381758528757e-03 -1.934861808022271881e-03 -4.409616305286286802e-04 8.750369093571651324e-03 -2.018164280600448068e-03 1.071575467677256255e-02 -5.448670024514839887e-03 -9.034195379021583289e-03 1.211781715188739927e-03 6.915926560665879366e-03 1.023288015303427771e-02 9.345043775668608263e-03 2.016838988712762668e-02 9.149051197508216438e-03 5.305222490760792310e-03 -1.050125734371533566e-02 5.402543670147419430e-03 -1.103622912988587142e-03 7.641980740305129305e-03 1.721814748847221715e-02 3.777825316923256582e-03 -2.217874480549617347e-02 1.246452199320765772e-02 -1.853299669764900404e-02 9.047506173257838930e-03 -2.672601443637904334e-02 -1.022570859303781853e-02 2.054723220627831595e-02 9.425066853435718969e-03 1.556182905913301891e-02 -1.210344812596804431e-02 -1.983082691645895231e-03 -6.571217199933113325e-03 -1.067404988868095360e-03 1.497578186197815256e-02 5.812940364144452386e-03 -1.254173345678714566e-02 1.264228163703820691e-02 -9.035879419763241660e-03 7.795994151050421837e-03 5.986847610741399296e-03 -5.687123062187538630e-03 -1.579266555228864624e-02 -5.978116381417566266e-03 1.713199883674595969e-02 -1.189120240952689853e-02 4.166123363326783573e-04 -1.754909824831886456e-02 -1.406759686189973900e-02 7.446106191558040342e-03 -1.056888323410171311e-02 -8.029228521986963435e-03 -6.310150216465707819e-03 -9.933397753487850299e-03 -3.768199279569376618e-04 1.024953670652186538e-02 -1.766731984875632641e-02 -1.774048404427460996e-03 -7.300984682667504069e-03 9.919661460297783532e-05 -6.473213984316963454e-04 1.478937485034083170e-02 1.466588398393604310e-02 -7.030864531151658631e-03 -6.605793616877947373e-04 -9.237477209600624198e-03 1.570002919824910539e-02 -6.567156688424401027e-03 1.667466164835620240e-02 6.228168259323119474e-03 1.411831052290753868e-03 -6.630877819625484969e-03 -5.112645648769825919e-03 1.857156323700625417e-02 4.599338636471148913e-03 -6.661841039371917128e-03 -7.228919831481598083e-04 -4.874465977013541819e-03 -7.241830386995630302e-03 -1.106417261431184851e-02 -1.131765642637405991e-02 4.368800825811697719e-04 -9.993562950350759130e-03 1.975457846068054760e-02 -1.326959390608803717e-03 1.888243512658601894e-02 -1.573134129563975511e-02 -8.471966552877420106e-03 -8.041139208544979128e-03 -4.942530909829286230e-03 -1.129326024209076004e-02 1.213592091513421116e-02 3.903305904090627592e-03 9.664631163623371712e-03 -1.248805378203474842e-02 -9.427824714210742210e-03 2.280261089897568302e-02 2.265772818012648006e-04 1.767054584013102309e-02 2.202589283274834428e-02 -1.160708106792043837e-02 -3.547974611475430366e-03 1.293446108869247780e-03 1.131535878566562216e-02 -1.028968461704908577e-02 -9.424716330793624780e-03 7.080109704828906406e-03 -9.610912872873626778e-03 3.625487921417619875e-03 2.978150379082661250e-03 1.684346576576549806e-02 6.551264150650130610e-03 1.807823469501898886e-02
-1.233299502798371194e-02 -1.768211204042501039e-02 -1.195186421451168921e-02 -2.056843096364086129e-04 -4.126475162636001996e-03 -1.315351101078360112e-02 -1.892744524422936350e-02 2.700777533408558334e-02 1.176921571824776115e-02 3.780691329886330145e-03 6.652489195717791945e-03 5.746088084894743903e-03 -9.716485228002743821e-03 5.320049718646888831e-03 -5.961573558027363426e-03 -9.176658261740378367e-03 1.646269337380467518e-02 1.652152649306232873e-02 -1.715055486583709835e-02 -1.105116738981540975e-02 -8.396224687189342631e-03 -1.021572626762362775e-02 9.358892188645414776e-04 -1.998867416128870169e-03 -6.801028899694548657e-03 8.764324949486866287e-03 8.555849150817335103e-03 -9.050794368325443522e-04 1.636115629294015994e-02 -1.220523355445745153e-02 5.849768463133738806e-03 -4.216992048839798661e-03 -9.231279308343883633e-03 9.668819689058553643e-03 -1.292563151177513608e-02 5.200908266797228154e-03 7.972553524328854918e-03 5.035894559166509063e-03 4.858278935061131551e-03 1.630139231931735169e-02 1.750250254427056576e-02 -6.276493500625717273e-03 -1.324315388269732378e-02 1.733550033932025614e-02 -8.728515702603700105e-03 -8.887332555406746160e-03 -1.242438504532968405e-02 1.303154638729222929e-02 -8.045770621864980349e-03 -1.600367491735485773e-02 8.220675676181210187e-03 -1.060768477232097717e-02 1.267169736790279026e-03 1.257264170399011649e-03 8.920919005789385708e-03 -1.356530069264522999e-02 -2.652252601265285298e-03 5.087547411419871251e-04 -4.084669849660138227e-03 -2.315481857551162335e-03 4.533496255912686582e-03 -9.955736842776678058e-03 2.939653511895388635e-02 -9.831808232088828231e-03 -1.705425746165868325e-02 6.298191809225844179e-03 6.267707864250649311e-03 1.224726551728698085e-02 2.187512239861221994e-03 6.481299024659887241e-03 -3.931694581310167871e-03 2.917015678794905933e-03 -7.325391045232256849e-03 1.247503951524426072e-02 -9.070061742771312260e-03 -8.030284209774194923e-03 1.079754777284232768e-02 -7.316684265303842645e-03 1.912411268502243588e-03 -7.886316333424769551e-03 5.451074925115214666e-03 -2.779006350347712137e-02 -5.131089537379416275e-03 3.040669858971253685e-03 2.565878486175857988e-03 2.314349698377555272e-03 7.173710240395402178e-03 -6.715949638030118893e-03 -3.563295728670349931e-03 1.840370015804918815e-03 4.303358970353642239e-03 -1.478501744898675675e-02 7.673814353038287128e-04 1.168861290624189850e-02 6.026508233598318505e-03 -4.573125385030125771e-03 -1.490444767765423256e-02 2.598437754650853582e-02 -8.821283730060075837e-03 -1.138052310480093185e-02 -1.176070407706630329e-02 2.077095200462374287e-03 -6.475958786152336347e-03 4.078586262247680533e-03 -4.299632870257661353e-03 -5.737056517446659232e-03 -8.170363224448409442e-03 -3.885996853993068170e-03 -1.919424755356702187e-03 -5.620152793123165021e-03 1.583407837691976072e-02 -1.100034454069783070e-02 1.597996988197833423e-03 -1.115265101569147717e-02 -1.036124887132950333e-02 -9.608333883197584663e-03 -6.280670168325421659e-03 -1.069546336720806484e-02 1.100160586157730713e-02 2.539034568170225187e-03 1.934995004364762142e-03 7.571459001403485836e-03 1.760656232959498246e-03 2.391849511561668605e-03 -1.228302494583244538e-02 -2.401615971578971095e-03 1.593716571137045873e-02 -6.453118114437255554e-03
8.579067344505933446e-03 -2.072172065962901710e-02 -6.788613612518858316e-03 8.939532222452281456e-04 -2.098635042112330373e-02 5.544481511657164095e-03 -4.886550095869948837e-04 1.176921571824776115e-02 3.724980721759926783e-02 -1.630234962939594578e-02 -5.080256280834716601e-03 7.046808715796616315e-03 9.080391088770472033e-03 6.608215068479239389e-03 -2.919363879311109508e-02 -7.723222728545820100e-03 1.760398683984614604e-02 3.545035433494213989e-02 -1.173030413583492533e-02 6.017549477707182480e-03 -1.190698380359293471e-02 -2.444163584771205308e-02 1.577799728145242580e-02 5.622178844808768325e-03 -5.580358262781681504e-03 1.344711139144111507e-02 2.034388332952496645e-02 2.680555528189914813e-03 1.374027951215549964e-02 1.681051274234512027e-04 -1.681970191399726963e-02 -7.953521771010867852e-03 7.967970192481382830e-03 1.539065034802968718e-03 2.076974922883167551e-03 2.937741224213807553e-02 -1.028985687071797862e-02 3.919594042987962351e-03 -2.305576612639535176e-03 1.551216087117825507e-02 1.654728011050599730e-03 -2.133969813651430056e-02 4.070182691319982476e-03 1.628403264686680008e-02 8.235374004532676484e-03 -1.094585368961110972e-02 -3.758120490626670686e-04 2.575343695011618039e-03 9.138308662658098033e-03 -4.081295071765874034e-03 -1.269563308786674297e-02 -1.275272256964340642e-02 1.721087853191782119e-02 1.848208550498734327e-03 1.277706442311011409e-02 -1.563752310779828111e-02 -1.362445699881408880e-02 1.939560530501218153e-04 -3.107531087382852178e-02 4.586687800492776114e-03 5.617035372239980416e-03 6.788843121586559531e-03 1.467227070365261302e-02 -1.341773456908952611e-02 -5.414516295362862934e-03 1.048997875562752459e-02 1.133072294309071283e-02 1.381257240785470700e-02 7.327649157726197002e-03 9.676215178307752407e-03 -4.178923571813867276e-03 -1.992326234092178447e-02 -3.302200883539046106e-03 1.392604353414594355e-02 8.845399612262829295e-03 1.077299450150494796e-02 7.248636807852276535e-03 9.262059228775820774e-03 9.659801019905846914e-03 8.293430776422290249e-03 6.854260863626327610e-03 -1.181539236147058879e-02 -2.241342543658741970e-02 -3.245988483379948913e-03 1.121761517382037845e-02 -1.398974809719712685e-02 5.590862254692485246e-03 1.692744152188044651e-02 -1.019165768242005603e-02 2.604151394765623264e-03 4.312262528918352558e-03 -1.583982208680255466e-02 -1.891889653258025479e-03 7.721271035802498156e-03 9.488656464500078852e-03 -2.467236077044304005e-02 3.993997681793390840e-04 1.199230097724351442e-02 5.640601413256790195e-03 -1.381652111181063541e-02 5.945985886631699469e-03 -2.055690295417361702e-02 -2.891052338812446013e-02 -1.029347826610830206e-02 -3.119099056565403233e-02 -2.520440199497830241e-02 -5.851154089207039229e-03 -3.736595992023607465e-03 -1.339971328641866239e-03 -2.593884954918194638e-02 1.227529514839065597e-02 6.056378109232279754e-03 -3.980693846858048522e-03 1.030592288443965034e-02 5.919159245656491035e-03 -1.048174981550849261e-02 1.008951244758707344e-02 -1.809745337267689574e-02 7.925608357429350659e-03 2.694327641950983523e-03 -1.918733275443325684e-02 1.638461259451157517e-02 -5.853850978121833814e-04 2.862014350866279658e-02 3.412926594461322769e-03 2.663050110391744930e-03 3.218638199608026690e-02 1.403502739142574625e-02
-7.524820087512202119e-03 2.188983626588093812e-02 2.117759494469297413e-02 -1.417446100089638818e-02 2.320235446764118414e-02 2.296106142379926440e-03 -1.856942209759378931e-02 3.780691329886330145e-03 -1.630234962939594578e-02 3.241011006062362310e-02 -5.334542182891991542e-04 6.821071972680430723e-03 2.874716470303421891e-03 1.397572075500977742e-02 2.362519540211579713e-02 6.295302761517854867e-03 -2.570602147222488931e-03 -1.942208002670414019e-02 7.702895368967734371e-03 1.038326591266451084e-02 -9.509160791057203257e-03 2.471662169202053227e-02 -1.816038619886629999e-04 1.449416529161903994e-03 3.483214351316120394e-03 -1.413123725020154139e-02 -2.735388624776848715e-02 -1.949815542416602140e-02 -1.666432967971918228e-02 5.703195530987348154e-03 1.578463688378569860e-02 3.660598524666390779e-03 8.116247939545597617e-03 -1.230494799338831269e-02 -1.892603036635688574e-02 -1.671239021408086473e-02 2.255575967452023989e-02 -1.527007403364221381e-02 1.319969084845190772e-02 -1.724943839280005872e-02 2.031152016362340260e-02 2.716756577047756832e-02 -2.370118395520067964e-02 -1.799793927553738557e-02 -1.012996136447439841e-02 1.692949404981216113e-02 4.937907290822523242e-03 -7.158560810157117834e-04 6.788415705806281376e-03 -9.536605898346402557e-03 -5.000166818908799611e-03 1.817778654300759161e-02 -2.658317697600323312e-02 1.561012781796166857e-02 -1.225708671650255210e-02 4.811435550861744431e-03 1.503448134174972112e-02 1.394824389556307241e-02 1.882508364669865583e-02 -1.199546684810662983e-02 5.773360133424732150e-03 9.281769723479651665e-03 1.068300936573294288e-03 2.038142846202681616e-02 6.532595294375297124e-03 2.185390509189100768e-03 -8.737072840427579984e-04 -6.429415391740011046e-03 6.212889362023057450e-03 -5.487715479736998171e-03 -5.762417106309505183e-03 3.254780336527356155e-02 1.141842652056051025e-02 -4.722204059478807107e-03 5.296444163470624168e-03 6.578546846639378616e-03 -2.216952234232320157e-02 -2.062379274445765714e-02 1.532510791978150110e-03 6.819094528451271828e-03 1.393623363197721982e-03 1.795636416692030900e-03 2.105318399336970903e-02 -1.598525997019139069e-02 -1.567034792080849309e-02 -2.710693416795957253e-03 3.161188398256428917e-04 3.594687336010875863e-05 -1.353183951121890785e-02 -1.399264324644576042e-02 -1.641286876554429619e-04 1.115797919515118704e-02 1.030138345976560309e-02 -2.847794818033615519e-03 3.024634737898938570e-03 1.853951951133706380e-02 3.272607096341243003e-03 1.066905447677905534e-04 -1.660401002314342359e-02 7.839804075102185452e-03 -2.192891690573554528e-02 3.008368410811997073e-02 2.619390289048187034e-02 1.083741440752237703e-02 1.816887655282339864e-02 1.945219046893487472e-02 -1.351677018549097414e-02 -4.550805490197259301e-03 -8.181778948488982461e-03 2.117001724108681995e-02 -6.165258973707127797e-03 -1.752373052837480696e-02 4.767060413214587594e-03 -1.248452902466030794e-02 -1.971222644661526843e-02 1.631263582430600087e-02 8.377191682257196029e-03 1.390443344075026864e-02 -1.825137740621578242e-02 1.566536466671501066e-02 2.219410136332751124e-02 -2.229931785863410384e-02 1.600484377820347859e-02 -1.478292805960450262e-02 4.631954811896116068e-03 -1.105507721413761732e-02 -1.945531552922876578e-02 -2.934076620305641273e-02
-2.207249677520061598e-02 2.503091538185273947e-03 -1.856262834580132276e-02 6.013653629292581466e-03 9.427656613529185325e-03 -1.745127467606591432e-02 4.776877139447112397e-03 6.652489195717791945e-03 -5.080256280834716601e-03 -5.334542182891991542e-04 3.115507038839849738e-02 -1.202859630508685933e-02 -1.650187997582554592e-02 -1.235880635790921264e-02 3.893410139665217685e-03 -1.523705380103866115e-03 7.797959124175638662e-03 -7.740727117822534045e-03 2.948399450540966499e-03 -1.842033762028202903e-02 9.788197615743701036e-03 8.575192164535226300e-03 -2.713666169612543450e-02 -9.107965894032930138e-03 1.188226511696239933e-02 7.554096957333877697e-03 -5.111328462279054498e-03 2.337101874480828137e-02 2.471587767494939913e-02 -7.846557894241438375e-03 8.360693399135301837e-03 8.576127942564444259e-03 -1.561356819581103013e-02 1.479590354506729426e-02 -2.766781860412821127e-03 -4.924124889710517058e-04 -9.570382512991719090e-03 7.190394287831434160e-03 -1.830454378638721527e-02 2.268368975818477185e-02 -4.782056308578017112e-03 8.494069822539548550e-03 -2.866229770372259993e-03 2.517093533694669122e-02 -1.698012208598686384e-04 -1.691074554592337381e-02 -1.791193650469864382e-02 1.906429754513132638e-02 -1.532383413290191662e-02 -7.833472966714601776e-03 1.782422803904988584e-02 -1.978609173811530023e-02 -6.248140027306581593e-03 -1.054324700604111244e-02 2.176757807014014293e-02 7.432922915681253271e-04 1.167431676109050714e-02 -1.434157531811927622e-02 1.791225148798073277e-03 2.118626593681683171e-02 -1.157255687296755362e-02 -1.146552816991468389e-02 1.015785740746575488e-02 -1.727495860156108565e-02 -1.232895386520476734e-02 -7.323890966899680548e-03 -5.221275089507461387e-03 -8.366179119189383687e-03 -9.256683344647506639e-03 -6.117523811534957001e-03 1.581375151857064565e-02 -1.256545674590782077e-04 -3.123658788319803176e-03 -7.664353998186729938e-03 -1.741517562733655225e-02 -1.483058280687849298e-02 2.003426860566340575e-02 -6.028154465902681863e-03 -9.829445974649967527e-03 -1.376803258407823492e-02 -6.778030332546078340e-03 -8.049455090193474716e-03 7.687469204833182260e-03 1.865337047025458078e-02 -1.080942351082633639e-02 1.773107625065063406e-02 -8.648068947997791453e-03 -2.460050555097506239e-02 1.351339178653412042e-02 4.264293451154921311e-03 -5.876447480225636087e-04 -3.541043545700870571e-03 -7.174531832444766381e-03 6.120331524741863365e-03 -7.077455094917551107e-03 8.990457429895751942e-06 -1.791714930008905457e-02 1.815829394577749001e-02 1.087122280731843936e-02 -2.677063192732934572e-03 -2.483333088165029859e-03 -7.019268501110088919e-04 1.414208579818635727e-03 1.168501156005950434e-02 3.033255962721451062e-03 -1.645414575608240100e-03 2.243576024096033492e-03 5.618974715845834536e-03 8.988641657691304535e-03 -1.033154710015326584e-03 -4.335267713887906542e-03 1.102788882151311059e-02 4.702221305198531730e-03 2.766386052952334810e-04 8.242142960959802228e-03 -1.794475547151562489e-02 -1.488146602416215089e-02 -7.586383768722111827e-05 1.138802447206484041e-02 -1.022648968748509149e-02 9.347688794956976813e-03 8.088069369358527952e-03 -6.485308384706190907e-03 -3.864870725009103818e-03 -1.773881425284608987e-02 2.137862803893867888e-02 2.640320646895589433e-03 -2.795872621927905036e-03
3.838563007716097857e-03 1.349925965485260617e-03 1.341871842060162259e-02 -8.542674982351200486e-03 -1.605261569357849250e-03 4.338451181424633242e-03 -1.381623342175831645e-02 5.746088084894743903e-03 7.046808715796616315e-03 6.821071972680430723e-03 -1.202859630508685933e-02 1.829590296763432961e-02 6.266072165615104231e-03 1.783976917917145036e-02 5.634607141341269445e-04 -3.291188620027174581e-03 -4.842995534644960144e-04 4.611854427510372889e-03 -3.272028829079150995e-03 9.280108300227600179e-03 -7.562769837106083672e-03 1.357794041336144201e-03 1.570911167598721889e-02 2.246377738943323554e-03 -5.684139500422093899e-03 -1.088424297149353202e-02 -5.632925442297157664e-03 -1.483266734726405509e-02 -1.368599538391736259e-02 -2.858457088929198218e-03 1.619166828296875324e-03 -5.305254864195163046e-03 8.861858028815111990e-03 -9.713019165974433669e-03 -3.655645626112536718e-03 7.361900529382557970e-03 1.490653312837117613e-02 -1.287873013456098704e-02 1.439176208684484100e-02 -1.343194592695951678e-02 1.471018892227353089e-02 5.124561132626788591e-03 -5.797634962906575082e-03 -1.342429157271375108e-02 -4.314403582574319156e-03 1.404737536991227873e-02 1.429445874120203498e-02 -1.806088482674525746e-03 8.740791131462448058e-03 -7.754579474443582671e-03 -1.577279924768205943e-02 1.399263426869017807e-02 -6.673657507143438729e-03 7.423407159604337481e-03 -9.906988205005313325e-03 -6.027132843738203585e-03 -2.296836719400774645e-03 1.140256079824531095e-02 -5.902574988574548452e-03 -1.311473528424749770e-02 1.711414430810334619e-02 4.748873785527506566e-03 4.872840372469616592e-03 1.539778997845386507e-02 2.589685078199194506e-03 8.553162857605814060e-03 6.745990042310446265e-03 2.700389568901914381e-03 7.261381656660893975e-03 4.103576130981861046e-03 -1.202133535527197261e-02 4.927015902578876956e-03 7.913262164284699460e-04 3.401414312219626628e-03 8.019390730022077016e-03 8.171752984609134685e-03 -1.431033089558012873e-02 -5.982203573637088524e-03 5.845331419214309585e-03 8.029385983530791526e-03 7.228844683166267375e-03 -3.678846048452902220e-03 -3.488535559728722646e-03 -1.469779265349890375e-02 8.248883779439736101e-04 -4.680922819706988605e-03 8.561970796829826424e-03 1.258181966576808405e-02 -1.593593622230982110e-02 -6.471082277455726325e-03 8.010255687310478476e-03 5.201024238572119797e-03 6.375177933096568862e-03 6.314022359744938563e-03 9.948829883065234830e-03 2.711594706391649064e-03 1.344326462273850130e-02 -3.418653909108556026e-03 -1.398378459563070532e-02 7.085763680711860274e-03 -4.456944638175230552e-03 4.349789740228570886e-03 2.597336589045240104e-03 4.816142306231195602e-03 -6.577713759010443695e-03 3.079664696776138275e-03 -9.625809940144726753e-03 2.070372778037118250e-03 -1.409399567050208420e-02 3.743217203860210902e-03 4.531197969617140747e-03 -1.451528840949896544e-02 -4.725267090427548271e-03 -4.585090737023444010e-03 -1.543264977334168203e-02 1.382145906923544498e-02 9.894623784404660977e-03 -2.081813286289466592e-03 -1.270494071948156077e-02 8.827816866741096044e-03 2.471642417943091617e-03 -6.218299061597896320e-04 9.337244777037598947e-03 8.289680751685950255e-03 5.606317116889311149e-03 -1.396948184773480831e-02 -4.231404782098822578e-03 -5.867336608996361058e-03
