1.617772174717223288e-01 2.851319196906025241e-02 4.806602100913792393e-04 7.327051797073159956e-02 5.418145350716270514e-02 7.304410311602247373e-03 9.008066755779922663e-02 -9.108916772102912396e-02 6.915443577236093931e-02 -1.128324919516421054e-01 -2.831836847942375418e-02 -4.492260193208898189e-02 5.129520241711156558e-03 9.266000913998276300e-02 -1.322445298147210402e-01 9.785008473363826509e-02 -8.413290012103462334e-02 -1.048084956272156247e-02 5.848354975567904290e-02 9.092799555112135446e-03 8.937776958065942259e-03 -1.653807330570964892e-02 4.355126387679923022e-02 3.655918849443560992e-02 -4.502930912104643330e-02 -4.041347862172552097e-02 2.094320629151875252e-02 4.409431772204990690e-02 -5.483847457250496521e-02 8.887741758396899838e-02 -8.536810922541754332e-02 -1.059107995554395970e-01 2.396098410707944801e-03 -2.436585760976446146e-03 3.642873030794665373e-02 4.600077106770315838e-02 -9.571168453891190642e-02 -1.744533113870267577e-02 -1.311229942346452994e-02 -4.500490187057061553e-02 -5.066045233246167789e-02 -3.640775427756747645e-02 4.547915383298046371e-02 -5.011868201214993851e-02 -5.455607592563310043e-02 3.377686350904035573e-02 4.514146718967391309e-02 -1.627871988648967733e-02 7.247945770213485434e-03 9.142829841793974344e-02 -7.616382361758221309e-02 3.518094238220430964e-02 7.816884380438425539e-02 -4.425183831718384336e-02 3.499821738376898000e-02 9.914039617956317552e-02 3.526481624329817766e-02 8.490000858281936125e-02 -5.683740931677519481e-02 6.941406689009240079e-03 -4.140174283235219937e-02 9.680176331523439315e-02 -9.675203729149613185e-02 3.306316414974260626e-02 -5.583522083159165456e-02 1.343021218530612571e-01 1.348347913201532466e-01 -7.344483101467869091e-02 7.273469316341113489e-02 -4.085399981041402950e-02 4.801134667006785178e-02 -1.188097742337879403e-01 1.007907518828849991e-01 -7.165953346249902267e-02 7.425143751264393945e-03 1.889202287438511083e-02 -3.842311524809173279e-03 7.628410827933021499e-02 9.461680977073927412e-02 2.655168222928332546e-04 1.168107960504296966e-01 1.098723829900554727e-01 4.599494675989200532e-02 -5.236426155570080704e-02 -3.977842471108223449e-02 -1.602674347365292545e-02 -7.411064531292289870e-02 1.521807315869472543e-01 -4.440616573982283238e-02 7.000799837855864460e-02 1.263260217690929943e-02 -4.305883260932681644e-02 -8.450807498676470020e-02 -3.223374969338478613e-02 1.243382266087639937e-01 3.122416702987360418e-02 4.943062525345628955e-02 -7.350011176284323988e-02 7.789151079579782755e-02 1.004141938089410900e-02 3.492310202281492110e-02 -1.261709849444792864e-01 -1.309193674883503133e-01 -7.719546252778662632e-02 -6.538784186116182451e-02 2.598445152614801967e-02 3.476722714714972073e-02 -3.902478136447677399e-03 7.005076401834796351e-02 3.507175173185399231e-02 -3.248267474157095352e-02 7.818772723929333368e-02 -3.546068187941369548e-02 -7.413655822989128133e-03 9.189877480603259041e-02 4.073999464745654830e-02 9.835187695167548969e-03 -1.067146369908192477e-01 -3.795821308667399890e-02 -5.147860843652318080e-02 -1.427756192255549006e-01 2.965545920630324392e-02 -8.417047285086862174e-02 5.236586808572961382e-02 -1.258460656177119892e-03 -7.690102686982923331e-04 6.310475548542421841e-03 9.739984019316900998e-02
2.851319196906025241e-02 5.513778892553014011e-01 8.863119581194921215e-02 -2.338780440114817533e-02 2.020232783660917408e-01 2.071062275105131356e-01 4.491399389575266299e-01 -4.603835287731397052e-01 6.086117003581018731e-02 -1.136797113939794490e-01 2.949971919608881388e-01 -1.284986195990887314e-01 1.866433490074223545e-01 2.905497885053087009e-02 2.750890621870851968e-02 1.681951329663614048e-01 -1.678774985131861464e-01 -3.084061508226550452e-01 4.857269354642681503e-01 2.379438230426378642e-01 1.078596221291102664e-01 4.297955467937863427e-01 -2.443589445516628489e-01 5.438357819583923732e-03 3.513822829004136228e-01 -2.079397661033838829e-01 -4.120097752072189312e-01 3.087826014123198903e-01 -3.565248325626938636e-02 2.343736309095899584e-01 -3.896519439421964465e-02 1.216605698194384161e-01 2.374898538668074599e-01 -8.346393189295669979e-02 1.262213130643641823e-01 2.567419435914845560e-01 -3.550106527982191396e-01 -2.449578030440594800e-01 -3.463711050564616811e-01 -4.824403262259163022e-02 -3.205649431183741904e-01 3.847970112899994910e-01 1.184606246287974174e-01 -2.966248630131821176e-02 2.119957644922021989e-01 1.335731335677220119e-02 1.996771801641148425e-01 1.987783344917630479e-02 2.122832306747035880e-01 1.767234947678151535e-01 -2.952353935903037074e-01 -1.701870511101515743e-02 -2.178179769233706820e-01 -8.040736713657246904e-02 2.496388527100775190e-01 2.759073032717426210e-01 3.294561718363524516e-01 2.558927930073748302e-02 -2.517438066983860301e-01 3.867015249553299450e-01 -1.066913927904940551e-01 3.375363006600985427e-01 -4.509599160179007526e-01 3.697504380629084569e-02 1.928687624982621251e-01 -4.173207984347254706e-02 -1.794352712441712669e-02 -4.171258956138967910e-01 -2.451013904931041015e-02 -2.171448584140661109e-01 3.062362307905190928e-01 -1.402030054460038089e-01 1.968646224753304308e-01 -3.973065952881073559e-01 1.803598248282727301e-01 2.506541714401289700e-01 -6.665412511484962443e-02 -4.934529697401902892e-02 -2.579842096041863250e-02 2.244609159401736165e-01 -7.544690991357905219e-02 5.476861410322481083e-01 1.581608987514147857e-01 -4.271848012776906928e-02 -3.451765384091288746e-01 3.517940722084671873e-02 -2.965910583913806686e-01 9.244645238629120576e-02 -4.886197934002823456e-02 -7.895377458822537553e-02 -3.625336887450772427e-02 2.442809360939034724e-01 -8.832315501593251961e-02 -6.694802315905053203e-02 -1.167578410390024933e-02 -8.937446905259978369e-02 2.438967707023495246e-01 -2.353740892279283237e-01 3.955887894434513274e-01 2.466345805062133134e-01 1.362975188465263832e-01 -1.569432565910075794e-01 1.287120812373635480e-02 1.213797697914836410e-01 -2.535566621394770292e-01 -9.139378417605178995e-02 -6.217424152891815048e-02 1.948922862963804459e-01 8.937125391274128305e-02 -6.983751319662488688e-02 -4.304480757309362415e-01 4.340276989877042135e-01 9.170959168341444529e-04 3.594286535711341823e-01 3.625384677163400182e-01 9.333994549325964896e-03 2.057210213199357485e-01 9.672588634590030543e-02 -2.997997797840297740e-01 -8.841489583854747480e-02 2.805655845640770557e-02 -7.402236202611520849e-03 -3.568709332212736951e-02 2.721920711698240791e-01 1.794929947896637401e-01 3.638995451203487774e-01 -1.337182025584744971e-01 9.449517980790624050e-02
4.806602100913792393e-04 8.863119581194921215e-02 2.871534694394005105e-01 -5.495622540703000436e-02 -5.044632826313631691e-02 1.396026055839001134e-01 -1.398392047818653172e-01 7.541713691966831293e-03 2.039425324770771653e-02 9.923195343184289252e-02 -2.127791364351766523e-01 1.596059337258467214e-01 1.374876017826062446e-01 2.903855990063001768e-01 8.361039010714454989e-02 -1.526537583529371522e-01 -1.077566997076675193e-01 1.839158527119119993e-02 -1.522720956978630968e-01 1.843105173026776400e-01 -3.608317254040327438e-02 6.758735813453467522e-02 2.181243686757149969e-01 4.032772976210883403e-02 9.399131010369810024e-02 -2.415485714615728252e-01 -9.587286360319205447e-02 -3.162579346959051296e-01 -3.355061673885552653e-01 -1.293963356699424638e-01 7.671653949862844435e-02 1.162111297581161773e-01 1.581897062278393717e-01 -2.541358489989274383e-01 -7.180500278957831217e-02 3.216649541010955377e-02 1.671763688038533924e-01 -2.246062084949810023e-01 3.142950536674189443e-01 -3.250169918050963003e-01 9.764752590532498056e-02 5.585976269440277864e-02 -8.473435770083707907e-02 -3.494261779680699620e-01 3.537921584665736086e-02 3.070506831101177947e-01 1.947575173810613680e-01 -1.510927752457190409e-01 1.415854572372426956e-01 -3.799737182205543268e-03 -1.536181449163967760e-01 3.270336152332441459e-01 -9.577676409946245251e-02 2.397406439164524380e-02 -2.829394161537434060e-01 1.311458554937141967e-03 -1.018182398541168585e-02 1.553583179426415717e-01 -1.709611927179013544e-02 -3.125145345399447105e-01 1.664875069558086618e-01 -1.758098642511362730e-03 -3.020956624012405625e-02 3.217103167009565112e-01 1.302718130915380690e-01 -1.027628580107061984e-01 -1.329996776442939066e-01 1.694950478979984909e-01 -9.234842658155792416e-02 6.344138720563459455e-02 -1.261520520964369008e-01 9.727921858099207453e-02 -1.414810224919864079e-01 1.607426057602638347e-01 1.595248046494956717e-01 1.364135665189414037e-01 -3.206851528881239366e-01 -1.068122634460535597e-01 -1.010924764488293492e-01 1.387966532644858697e-01 -1.009825825641607888e-01 5.413461774583806438e-03 -4.014445065203162133e-02 -3.026172363195992476e-01 4.148278565438704574e-02 -1.191157917544191230e-01 1.135952612460912059e-01 9.973636663680029990e-02 -2.944832983027330098e-01 -2.460801845552262543e-02 2.165921719382820354e-01 2.027955597735578708e-01 5.860366505180956975e-02 1.413398775301376586e-01 -8.968020915566965456e-02 -4.838995158425728887e-02 1.799489545184895511e-01 -4.412916228373651301e-02 -1.900234944234581447e-01 1.948074700393905290e-01 -8.485475042637927179e-02 1.055324819795679381e-01 1.121331009362419029e-01 1.700178844654003096e-02 -4.113119412524942481e-02 -3.705998204668588952e-02 -4.822144419317443004e-02 1.469668375502734825e-01 -1.480792850401291272e-01 -3.927602186743629070e-02 1.778674019331611400e-01 -2.290090026212265317e-01 -1.839696019201589872e-01 3.831942370637822504e-02 -1.931426229154770968e-01 3.031127822519776860e-01 1.603915579466860530e-01 1.691443335613976862e-01 -2.402712985609931629e-01 3.692732381494943233e-02 5.954195758160248791e-02 -1.341380554961583149e-01 7.138147300527339367e-02 4.859175292151118875e-02 1.564271481867194891e-01 -3.209315532559194328e-01 -1.002476017215515464e-01 -1.048504007157788770e-01
7.327051797073159956e-02 -2.338780440114817533e-02 -5.495622540703000436e-02 2.960714760248575050e-01 -1.521973458315398035e-02 -8.728023687474101289e-02 9.229210341241216031e-02 6.736332401691218739e-03 3.092024681526815352e-02 -2.519615913869935331e-01 1.608396257748799796e-01 -1.478212525950003131e-01 -9.635631580335340951e-02 8.861685071610253539e-02 -1.539944552755936058e-01 -8.465539049834072682e-02 -2.305400490155819215e-01 -1.445291658972442349e-02 -8.264082304183752170e-02 -1.199729122147948496e-01 1.968664700454849925e-01 -5.664228544781122615e-02 -1.231413553914376818e-01 -1.633902585358620596e-01 4.651738822714496235e-02 -1.080216294241619635e-01 9.545129118127042289e-02 3.974718735610137388e-02 9.357398917402255656e-02 -9.132780474483112587e-02 2.232353805118168430e-02 -1.947670026574865008e-03 -1.104697001247612054e-01 1.162715386167748749e-02 3.337865827253232859e-02 8.491061190491822064e-02 -2.318155651455814370e-01 -9.079508859732830783e-02 -2.444110022171035179e-02 9.646563550762919659e-02 -7.140783669876119011e-02 -9.038478717249279204e-02 6.102574583171268413e-02 9.692948371066194280e-02 -1.019984999785285285e-01 -8.288859119693280098e-02 -1.456050567183791722e-01 2.100209236066925000e-01 -1.038563460856058440e-01 1.370834646062046580e-01 3.822526251749705506e-02 -8.742387756547087552e-02 1.325100305827461578e-01 -3.090862335692966534e-01 1.399618446311510778e-01 1.180431633704490807e-01 1.555787131719094385e-01 8.260160483441582324e-02 -7.390384035191895074e-02 1.164481917699997267e-02 -1.678977224585667394e-01 -1.463584072729469943e-01 7.905425109200467024e-03 -9.616154651745470461e-02 -1.995043952840896695e-01 1.114565434383823009e-02 2.776633447019932754e-02 6.689065216371380129e-02 3.110896883652351959e-03 -2.096638042378580757e-01 2.480097147654272971e-01 -2.468083166676018070e-01 -1.178136932842500512e-01 6.238903972250278013e-02 -1.050659796355212228e-01 -1.035737724758106909e-01 3.972770505676929270e-02 3.393102783266847833e-02 2.410666486073815076e-02 -9.220537188147587271e-02 1.992275943561522961e-02 2.772471317452614419e-03 -1.436693297697439267e-02 -5.816110777972645363e-02 -1.249513989495060484e-01 1.307518866707779448e-01 -2.331401443427046083e-01 -1.738781736591783061e-02 -8.919850913136999349e-02 2.824156039764301185e-01 2.332368246624660912e-02 3.013284082640360628e-02 -2.843697460603822336e-01 1.097800790394311277e-01 4.872533547822618938e-03 -1.146927879487066567e-03 -1.193082979231551988e-01 5.326250383780383596e-02 2.111800297254798620e-01 2.574517576297765883e-02 3.458952277951378440e-02 -2.464624675419810895e-01 -1.701634973030683728e-01 -3.913556015631681345e-02 -7.949906777784276901e-02 -2.487468348170900762e-02 1.588795818901432844e-01 7.403361106018779836e-02 2.210437051523889418e-01 -2.836225273569000990e-02 9.207820441709653470e-02 1.325976291352618519e-01 -2.755419169086653630e-02 -6.213663541113394889e-02 2.219703001062302006e-01 -7.795326848540894138e-02 -9.072654115610087611e-02 -6.898178146046625436e-02 -8.118511731215370675e-02 -3.126906351685869723e-01 -1.560690729934355037e-01 1.146107937407429000e-01 -3.074074365978553547e-01 5.480128005926431650e-02 -8.922520707082828850e-02 1.781753232237865900e-02 -2.645228927873131963e-02 2.129574465056977284e-01
5.418145350716270514e-02 2.020232783660917408e-01 -5.044632826313631691e-02 -1.521973458315398035e-02 3.369799768310346444e-01 -3.014515354257046170e-02 1.980315656066060914e-01 -2.091340367118238452e-01 -6.842613468060576576e-02 1.264397850502571863e-01 1.255556599784919958e-01 -2.588653613513578478e-01 -4.027865277614025435e-02 -9.696185737009536953e-02 9.346989214780455565e-03 3.160549329259144669e-01 9.507944105281046498e-02 -1.557820453364601176e-01 2.477564847027543538e-01 -3.368784474041904356e-03 -5.423981368937305647e-02 1.455859027055365074e-01 -1.275812714130812597e-01 1.764080470014247060e-01 6.220073034755545238e-02 1.497541982615032963e-01 -1.070957701357240083e-01 1.921853981729870209e-01 -7.653188044324564857e-03 3.070099931279451910e-01 -9.306484015732477411e-02 -2.922132883875742937e-02 -1.930127759993505859e-02 6.860762816158716415e-02 -6.908372833290397919e-02 -1.960427369102929751e-01 -1.133225166528939593e-01 1.680274290778893675e-01 -1.724572547179571980e-01 -1.618874291912942437e-02 -1.379260328974215022e-01 1.104384886378497188e-01 -8.028478731326148254e-02 -1.486754723072797497e-02 -1.065694892304430881e-02 -4.573049143138703185e-03 -8.531181346161811896e-02 -1.062935613762421849e-01 -2.561137002462211820e-02 9.813028730608643058e-02 1.214180445083547499e-01 -7.054242877515681277e-03 -1.888473356292283065e-02 1.296697230460467087e-01 7.911128203685402482e-02 2.260543099055042360e-01 1.029425099340557787e-01 -4.986251767338006208e-02 1.796653793116587683e-01 1.902892609545742131e-01 -2.357974197596069688e-01 2.816098178931694673e-01 -2.085380342673097409e-01 1.280215343944758090e-02 1.677150674605745392e-02 6.496239729136651930e-02 6.852940313545247131e-02 -2.500134986802373671e-01 1.083037265571386992e-02 -3.782806333712340069e-02 1.180837958756480732e-01 1.345253330529502245e-01 3.354186981237848308e-01 -2.417059537613159836e-01 -4.346891490861127388e-02 1.685792429442999757e-02 5.460654803676960600e-02 7.050882463163327118e-02 7.210510498266945768e-03 -2.210654491653937445e-02 3.403573837066438401e-02 2.358797431359579144e-01 3.217096859078288906e-01 1.151066634012683498e-01 -1.114141941614023718e-01 -6.561709036964009922e-02 -1.297942398893254246e-01 3.103559396080740260e-02 1.457085727612878190e-01 -4.683091727890141553e-02 -8.123895196274669162e-02 -1.419098070934994849e-01 -2.776349387300696206e-02 -2.111437112179078701e-01 4.726255114629894505e-02 1.184413706573685249e-01 -8.701817764693682566e-02 -3.549067518325178111e-02 1.308871825898786367e-01 -8.803015023249713411e-02 -7.704086861388226293e-02 1.041608322565213268e-01 5.619259324966859991e-04 -1.235640771142081373e-01 1.825739445973573460e-01 1.268241269855246156e-01 3.656106257324551190e-02 -1.198083033084886284e-01 1.756720185952843905e-01 1.513275729205542930e-01 -2.199821361245882512e-01 2.069960960820156071e-01 5.810305857741814711e-02 2.190658906141637260e-02 1.299931339858458601e-01 1.959932995231823769e-03 -2.809423187307737158e-02 1.097844842920360194e-03 1.262480093175394891e-01 9.097297376964523508e-02 -1.064461220044597006e-02 -1.809205268121091559e-01 7.349157271094610561e-03 -1.747809066598602357e-01 -4.324849379523279524e-02 1.906797814284211523e-01 4.185285656103169410e-02 -1.257996455313552531e-01
7.304410311602247373e-03 2.071062275105131356e-01 1.396026055839001134e-01 -8.728023687474101289e-02 -3.014515354257046170e-02 2.042098969057484503e-01 8.109385631231107172e-02 -1.354676793727286610e-01 8.422748229687850030e-02 4.191618857203771760e-03 -4.125724586255042486e-02 7.316529512916764011e-02 2.004174058676719827e-01 1.292567280796531604e-01 4.339598828550730869e-02 -3.828905621647427787e-02 -5.811678220580962506e-02 -3.509960721859255867e-02 9.061752436606845817e-02 2.300758719977119282e-01 -4.406685005486373624e-02 1.538344814498711632e-01 6.431250537332923456e-02 4.917989758519784177e-02 1.424287793898492416e-01 -1.578523149232233524e-01 -1.741460077223363767e-01 -5.498601593718811104e-02 -1.326228160948922929e-01 2.750819806992297126e-02 2.451680398710149797e-02 8.829083563604671336e-02 2.191875990874151969e-01 -1.236697545011428145e-01 1.383716934796308399e-03 1.587279934340988519e-01 -4.475730172988409000e-02 -1.857493321548123744e-01 2.379088103327499371e-02 -1.259846330086456800e-01 -4.936059302459559067e-02 1.364789946498062290e-01 -1.736551052563255204e-03 -1.320502469081175911e-01 1.328134733843615300e-01 1.102868925634775815e-01 1.873647263877403768e-01 -9.542635273658577055e-02 2.042503974958443380e-01 5.942418842608986063e-02 -2.195732966770002625e-01 1.071003632123637278e-01 -1.218942779123091680e-01 2.830724277464617342e-02 -3.542639889361517969e-02 5.169833070530521074e-02 7.058250861961042066e-02 9.002419250766524605e-02 -1.557146586596962756e-01 -7.572934973431171522e-03 8.271374472944820200e-02 1.459958960080840473e-01 -1.453192425560865808e-01 1.172847032158291086e-01 1.663243157281733275e-01 -5.789369523252917843e-02 -6.392707279972863199e-02 -3.680873291812949977e-02 -3.830511264732718718e-02 -3.177016028717065572e-03 1.322604324768300935e-02 -9.665047991432527616e-03 -1.838335866765437865e-02 -3.401905935135091097e-02 2.056874064874482377e-01 2.131808857069839580e-01 -1.456798295036183799e-01 -8.757667568703229877e-02 -3.773442491207869981e-02 2.049421988048729659e-01 -6.946206715822569877e-02 1.788694825701428182e-01 -3.248768581089507557e-02 -1.520296429369529800e-01 -6.838782599566389786e-02 -1.006303607300093467e-01 -1.738881997328042481e-02 1.029700614405070769e-01 -1.530094302222231029e-01 -9.336609197763111323e-02 4.585985561459830079e-02 1.521178213257964318e-01 5.615530643009637030e-02 3.944599128145551137e-02 -3.994424650906062968e-02 -1.321280100589351802e-01 1.914399471964245980e-01 -8.496984156126506649e-02 4.877351328611593401e-02 1.473752904735969316e-01 1.176699039719162655e-02 -8.999307173127269258e-03 5.177515586610374060e-02 4.066867359316940489e-02 -1.703246353020852200e-01 -1.254117263730671894e-01 -1.126167131129101190e-01 1.116568058070238900e-01 -6.944327103759330433e-02 -1.243439056168527679e-01 -6.222269456337581328e-02 4.357212887877951607e-02 -5.344460979212372481e-02 1.810907069830856031e-01 3.794411320506204527e-02 1.049797478097200948e-01 2.056873496995275108e-01 1.017150827209302583e-01 -2.073127557148780054e-01 3.385335473821279861e-02 3.949428031260036193e-02 -5.956520897476710874e-02 6.875403161080385905e-02 1.715352041835895014e-01 2.009016870623182849e-01 -2.106056091111102938e-02 -2.102481211595805255e-02 -1.019693235275772117e-02
9.008066755779922663e-02 4.491399389575266299e-01 -1.398392047818653172e-01 9.229210341241216031e-02 1.980315656066060914e-01 8.109385631231107172e-02 7.260947341135686184e-01 -5.627994153506451491e-01 1.806749440444645471e-01 -3.585304508152554193e-01 5.450457763490458296e-01 -3.512346499965026125e-01 5.489400990134400693e-02 -2.958840095026988859e-01 -2.284042996185741137e-01 2.906437456362753191e-01 -5.373997077556891960e-02 -2.545100283964613075e-01 6.626538979648501915e-01 7.181261963189923547e-02 2.283131975275664582e-01 2.901137437030015254e-01 -4.928630087348351285e-01 -6.291060524666736153e-02 3.599201022779119907e-01 6.440472283653904395e-02 -2.432968582129702850e-01 7.176470805887305016e-01 3.245396953521381134e-01 3.907253312223963326e-01 -3.161974063647959299e-01 5.112951453241265654e-02 9.894788534770319888e-02 8.068757633915225880e-02 3.538202044349515463e-01 3.688292524269054518e-01 -6.780007024381996539e-01 -2.747572308943862021e-02 -7.744591442524918490e-01 3.008007433882658455e-01 -5.894622390764820974e-01 2.629755298277954290e-01 3.584189826621659858e-01 3.470933674883587283e-01 3.034441048573044974e-01 -3.327954507678650975e-01 1.493688152931761659e-02 1.937838580651040921e-01 8.340167553081032081e-02 2.233572398704725959e-01 -2.271250184981776221e-01 -3.779657290363902522e-01 -1.221590797614855242e-02 -1.785699059992105486e-01 6.213009136578332425e-01 2.558379272443818131e-01 3.057461941565721708e-01 -2.475932794758934352e-01 -3.947139663453553271e-01 8.125763085154862342e-01 -3.458709545359817117e-01 3.527037261157305315e-01 -5.164377679161977763e-01 -3.187616679015413124e-01 1.127955355113293701e-01 2.183338278286823739e-02 8.000522239997485963e-02 -6.023027958498732293e-01 5.279217510201607982e-02 -2.876490149786349315e-01 4.877212144276939498e-01 -3.944716371482772654e-01 3.356784131164011753e-01 -5.740572731559402397e-01 3.916257705474521927e-02 1.470197777563559682e-01 2.089927006165279710e-01 2.205093283020975459e-01 5.948133039361609697e-02 9.921206795319524596e-02 -4.076633929490259406e-02 6.173643199232041745e-01 1.181742377594105775e-01 2.311432737665752024e-01 -3.486175721419001450e-01 1.446609060695182858e-01 -4.380386519117045463e-01 5.155899023257429215e-02 2.218558271788211300e-01 1.678350162179806718e-02 -1.717927714907534209e-01 9.444740898037225219e-02 -2.447079714080915014e-01 -2.107302778626245765e-01 2.360160395776333270e-02 -1.410835393672863480e-01 1.087560050447645282e-01 -2.745684199724885421e-01 7.208533570529699341e-01 3.948374198825100462e-02 3.770537446826181527e-01 -4.322765301483814659e-01 -2.746814525106726634e-01 6.839630022728825087e-02 -3.693880049858395132e-01 -1.484398792839553005e-01 1.047879880295785743e-01 1.043891769862564101e-01 2.701758325436223740e-01 -1.242027025034132259e-01 -6.339003639846902960e-01 8.095063017990964394e-01 1.131611779381518357e-01 4.896202787895349018e-01 6.880626941724321544e-01 -3.272405472349207978e-01 6.464283358184322315e-02 -7.552482463500960475e-02 -6.043862211713949689e-02 -2.020262339032140031e-01 -1.718604066608573344e-01 2.301461489566964669e-01 -1.578234818041182597e-01 3.804030248592581986e-01 7.226482573655362146e-03 7.861976487017550141e-01 -8.883996976462511450e-03 3.321410162207454331e-01
-9.108916772102912396e-02 -4.603835287731397052e-01 7.541713691966831293e-03 6.736332401691218739e-03 -2.091340367118238452e-01 -1.354676793727286610e-01 -5.627994153506451491e-01 5.300435180304713390e-01 -9.353791869568851836e-02 1.901871931334606913e-01 -3.178768407717360578e-01 1.966164456451521825e-01 -1.133679235569205607e-01 1.464986430023950958e-01 8.858418703711395947e-02 -2.636110739083223908e-01 6.684803591861689098e-02 2.585928781734537218e-01 -5.595889741933894879e-01 -1.560321386644711872e-01 -1.495275338134113008e-01 -3.078067204628242015e-01 2.830038024538209518e-01 -4.144218688194094280e-02 -2.868280996966271479e-01 2.932920903493483819e-02 2.785846033114994236e-01 -4.809684422684306071e-01 -6.786305613578748341e-02 -3.316250397148518547e-01 2.194769847986061118e-01 -5.126569545820150453e-02 -1.641506132826179853e-01 -3.812620602281270609e-04 -2.661161045155228666e-01 -2.433953675065948508e-01 4.361499877610204301e-01 7.329441762991706355e-02 5.006905733418247628e-01 -4.379844002851787654e-02 4.433704114557254772e-01 -2.832793445360097806e-01 -2.539440897666071506e-01 -7.702593475190845640e-02 -2.486996821777138489e-01 9.132704630466623175e-02 -1.561334821412231066e-01 -1.930446152999906392e-02 -1.437480661419955619e-01 -2.074324004284797129e-01 2.390446010105701236e-01 1.247829206549978254e-01 7.786684881551919624e-02 6.364599247819072159e-02 -3.331099690707393091e-01 -2.610507382463125858e-01 -2.229258972861479227e-01 1.469421824566718160e-01 2.511333415082211418e-01 -5.413290286145304719e-01 1.849424275092901304e-01 -3.659986094799341227e-01 5.076125719189814589e-01 6.554039169566552858e-02 -1.908224776107924625e-01 -1.026138074735957924e-02 -4.184684142932969253e-02 5.172591513453999035e-01 -6.113332833086037622e-03 1.766270340730603516e-01 -3.140967185069118428e-01 2.200513243826601462e-01 -3.054711807536273360e-01 4.944693194275897041e-01 -1.066878212176507329e-01 -1.946052069948766283e-01 -5.172236014833372225e-02 -1.418560105189016485e-01 -3.042707990714074977e-03 -1.563707467857132494e-01 3.980230104114042960e-02 -5.840277855944888685e-01 -1.481847002046603190e-01 -1.201910461152741472e-01 2.533910127438982474e-01 -6.266674849410436288e-02 2.908285252086706962e-01 -1.011920309906071125e-01 -1.322310904164506751e-01 6.413034097541424339e-02 7.688687426201672170e-02 -1.349709512607713824e-01 1.217810817961650499e-01 1.623779539217190537e-01 -2.836760113573371170e-02 6.806750086926996457e-02 -2.192886466617393337e-01 3.168122930359640876e-01 -4.793995182818713841e-01 -1.371162130786560129e-01 -2.709039185426866392e-01 2.480493867923535822e-01 1.149011164081417263e-01 -5.293672978873017326e-02 2.382568259177858805e-01 6.313489051282290820e-02 -4.306738564010040987e-02 -1.253927418717356856e-01 -1.289012365601447940e-01 3.717286856024157315e-02 5.181793133894256886e-01 -5.694978902604935778e-01 -3.794260626755601579e-02 -3.902409557754678016e-01 -4.465509048586178698e-01 8.972793617682132961e-02 -1.285718396418139009e-01 -1.010932544615886566e-02 1.181281577534683130e-01 8.413259894126812188e-02 7.656475601320184010e-02 -8.204774287047210402e-02 4.961806661305052935e-02 -2.672319469530178293e-01 -9.105577370519588043e-02 -5.156469913218719725e-01 7.687667974259178305e-02 -1.821837580169816673e-01
6.915443577236093931e-02 6.086117003581018731e-02 2.039425324770771653e-02 3.092024681526815352e-02 -6.842613468060576576e-02 8.422748229687850030e-02 1.806749440444645471e-01 -9.353791869568851836e-02 2.642225369087837228e-01 -2.056417668139034483e-01 1.115853654011997875e-01 -6.966362129925415814e-02 8.339597017337696538e-02 2.832698786447224865e-02 -2.319564526244375924e-01 -1.520676749801513732e-02 6.647947916986039372e-04 6.890210602150238783e-02 1.050874687753751424e-01 9.154949690026777109e-02 2.168436599057932315e-03 1.670189600818929379e-02 -7.075681924274793144e-02 -4.773644949495030321e-02 1.596577768454652546e-01 -2.317764683253041580e-02 -3.307721304242064453e-02 1.627067655266989377e-01 1.017564402289674041e-01 6.916491116485046220e-02 -1.891412095113668701e-01 2.498721296049871698e-02 9.306080263640635619e-02 -7.385237824789597783e-02 1.093048015155605873e-01 3.046853803008418571e-01 -2.542700444708453911e-01 -9.634063171887148613e-02 -2.095711952000032241e-01 1.206639227898202299e-01 -1.727353898198218662e-01 7.706744147151240593e-03 1.225147322958067275e-01 1.186533804166004374e-01 1.568248022976119205e-01 -1.158803796049823198e-01 3.527900414521603634e-02 6.973488452424998763e-02 8.852694227201426957e-02 1.473613757517811852e-02 -2.185119040080931163e-01 -1.186885027671551185e-01 3.729670206623887652e-02 -7.400821087355326233e-02 2.463270210021493156e-01 -2.290607852377938777e-02 7.254569137892451225e-02 -2.148022104762869339e-02 -3.412542131107582088e-01 2.103670215078026484e-01 -6.351834587678351074e-02 1.034743937118097340e-01 -8.701534063866389612e-02 -1.224500472419671609e-01 2.368731949294067968e-02 2.653463956271265300e-02 4.031334713870373537e-02 -6.422887208062885711e-02 4.971463216069971908e-02 -4.388961829494229805e-02 1.048245828389557793e-01 -2.288101457901325353e-01 2.228180074992907808e-02 -5.958495823318456230e-02 9.476133540170772473e-02 1.160140266688920729e-01 -3.439099820710885685e-03 8.075406249630985578e-02 6.849164821311126694e-02 7.996176711267896642e-02 -1.548206170921926153e-02 1.148646543101772138e-01 -1.026520696003230537e-01 -8.573108670750693994e-02 -8.417376547322416580e-02 -4.504932561215718029e-02 -8.098500074775247248e-02 1.299843191009250609e-01 -1.053770810330619673e-01 3.404460111428601193e-02 3.230014259077326755e-02 4.745704678875575788e-02 -8.684098447363619577e-02 -6.405630787592055640e-03 3.750146550831099691e-03 -2.066180940706890123e-01 6.368453939999045577e-02 -1.783837825756226514e-02 2.227793071513961554e-01 -1.762571751261477609e-02 1.334306090385514731e-01 -2.454464633217557923e-01 -2.355920345745721733e-01 1.145397159913258758e-02 -3.471214081651952110e-01 -2.093723533480560950e-01 -8.759510355844643548e-03 6.866627477429040893e-02 4.847717890183792649e-02 -2.083590283344937955e-01 -9.102657405776852506e-02 2.181885871862531689e-01 -4.835678055031289446e-02 2.617163872693420990e-01 2.234322402391671902e-01 -1.112204261585624659e-01 9.431403187403715471e-02 -6.651706872021094508e-02 -9.836788462917039899e-02 -6.693497480946850042e-02 -1.654651826039974793e-01 1.453624068544473735e-01 -3.538325126875888071e-02 3.152588887388405592e-01 3.782375630821298990e-02 1.899147481582863506e-01 9.032518238033562796e-02 1.645742294694550745e-01
-1.128324919516421054e-01 -1.136797113939794490e-01 9.923195343184289252e-02 -2.519615913869935331e-01 1.264397850502571863e-01 4.191618857203771760e-03 -3.585304508152554193e-01 1.901871931334606913e-01 -2.056417668139034483e-01 5.324813795968276198e-01 -3.314471494779541727e-01 7.354666015690192182e-02 1.382074400220483987e-02 -1.269060287971475118e-02 2.918047897509901678e-01 6.740152110638476801e-02 3.010460076496212500e-01 8.477332662046636880e-02 -2.073932220472523014e-01 5.153738738534312941e-02 -2.981550949457608124e-01 -5.913059863864342930e-02 2.682599275572020714e-01 2.914150832313289752e-01 -1.711062468531325820e-01 2.018232340353063869e-01 4.567521220715682617e-02 -3.681135641902846256e-01 -2.365479606118941758e-01 4.771800636987508226e-02 1.254059911167248742e-01 1.916470116019098474e-02 1.687193653124038212e-02 -1.602556639631035063e-02 -3.139121397380918443e-01 -4.801802626793199025e-01 4.727097509672963938e-01 2.363792334007046025e-01 3.741176713451561664e-01 -2.407204919027944312e-01 2.913138724771836552e-01 -4.208808164620673337e-02 -3.477545010120113300e-01 -2.651345177582483670e-01 -8.918009649579017317e-02 2.313299510930112712e-01 -4.748128740528574643e-02 -3.462029675931800332e-01 1.172476661659594202e-02 -1.142562041688770513e-01 2.742187753798264738e-01 2.614530736019753943e-01 -7.322065490959354939e-02 4.199501315813066737e-01 -4.416518219519181554e-01 -6.057248633995091641e-02 -2.306966331609075771e-01 8.791492098035974881e-03 4.885264436525775245e-01 -3.687897124592913189e-01 8.510361370200171527e-02 7.235797837530699717e-02 1.620289737847653844e-01 2.483972392554830433e-01 1.203533222228064109e-01 -6.795096089243495008e-02 -1.140855776851269210e-01 2.031247099825555236e-01 -7.544699131417165194e-02 2.791772350673825676e-01 -3.408509412735277189e-01 5.652840603636460903e-01 7.986273125541488993e-02 1.920508916439390978e-01 2.554836807594667442e-02 8.173683694825037080e-03 -1.353434018637769409e-01 -1.008717939485688220e-01 -1.128160070240238899e-01 9.836426546812769220e-03 -5.194093474728165433e-02 -2.177481898390505044e-01 1.739674167931225535e-01 1.188558603107767652e-03 2.449407948805920332e-01 -2.601374605595316303e-01 3.046998454955871516e-01 -6.549096149094996155e-02 5.296453626976273255e-02 -2.257782378941382007e-01 7.149602982122706639e-03 -1.848425075001927098e-01 3.085441037504829120e-01 -1.032960100552783034e-01 -7.238443901960375793e-02 1.466362080464045370e-01 -1.141430116994363031e-01 1.328081920496307633e-01 -4.578739851288406437e-01 -1.459683514290633921e-01 -3.343106786906525074e-01 5.617009747664676311e-01 3.194222344793933299e-01 -1.489664588044962434e-01 4.810331092491154092e-01 1.796751914202685818e-01 -1.074161842106921977e-01 -2.367196053842881842e-01 -1.377302096457320435e-01 1.812145699353330808e-01 1.912141364118775944e-01 -4.076527840610024711e-01 2.897261659983635038e-02 -2.392767509563604456e-01 -4.527246768997450488e-01 2.275378131974782614e-01 1.460250012037300933e-02 1.733841335357229063e-01 2.294781010858296943e-01 3.965984226893772835e-01 2.354348864371140215e-01 -4.161401402753348577e-01 2.982330545190861604e-01 -4.555777829026096959e-01 4.840124017022846836e-02 -3.482181815177530226e-01 8.981400997314339940e-02 -4.762355840810718055e-01
-2.831836847942375418e-02 2.949971919608881388e-01 -2.127791364351766523e-01 1.608396257748799796e-01 1.255556599784919958e-01 -4.125724586255042486e-02 5.450457763490458296e-01 -3.178768407717360578e-01 1.115853654011997875e-01 -3.314471494779541727e-01 6.658493791054306277e-01 -3.611177500777753568e-01 -6.319396831532797520e-02 -3.739127145450320544e-01 -1.683134854170952321e-01 1.747258302239995398e-01 -5.879767683968321890e-02 -2.270142764798847856e-01 5.324052187974138706e-01 -8.822176696474015589e-02 2.505697929448740258e-01 2.375185961651581357e-01 -6.250276503219505120e-01 -2.512487765303177412e-01 3.017242921257202171e-01 9.823096758927252203e-02 -1.877987716323270828e-01 6.554870619364404627e-01 5.329131511910969454e-01 2.613075373511068444e-01 -1.692420029866504583e-01 5.746801977842838638e-02 -4.023667312170418897e-02 1.317614100866133786e-01 2.592108486359974151e-01 3.202914245357048051e-01 -6.238098584960093396e-01 -2.511744319198270028e-02 -7.816347661413117764e-01 5.089408211389697678e-01 -4.348003873538655029e-01 2.323496065215932826e-01 2.746415821418127234e-01 5.594532427927842999e-01 1.948147462011962927e-01 -5.032577817514884977e-01 -2.019795568213625103e-01 4.193947612150911164e-01 -4.366298185618848471e-02 8.757953349629966910e-02 -9.359007214655086504e-02 -5.490616574442672704e-01 -3.367345905416409962e-02 -2.491116753526712857e-01 7.163836247400643398e-01 1.184756996815749669e-01 3.553692786765255129e-01 -2.259930073450772958e-01 -3.352318497417841048e-01 8.001481542332035124e-01 -3.744593314339138002e-01 1.256893988835664222e-01 -2.552083921222157992e-01 -5.021246912108169314e-01 -3.820170628435195365e-02 -1.296943807900166092e-02 5.572990490627740406e-02 -4.539343936033584659e-01 1.138439688775732817e-01 -3.857307032668988445e-01 5.131102529143712898e-01 -3.529260358073895709e-01 1.954336277725612914e-01 -4.276561743903480872e-01 -8.736784920870582782e-02 -8.498743312335629158e-03 2.855915272602937427e-01 1.179985081599799757e-01 1.112143341652144651e-01 -2.387176503792140525e-02 -4.054438569155242866e-02 3.569348558043377029e-01 6.362485738380319056e-02 2.649511639660167561e-01 -4.002449248225987133e-01 2.500083676950781153e-01 -4.703265053248919525e-01 -1.277347968871545281e-01 2.234842735563631888e-01 8.672920205006580396e-02 -2.749723671769803701e-01 7.820825663657766935e-02 -2.725162274952412367e-01 -1.836803242984188789e-01 -1.240297942405906365e-02 -9.381441926941941345e-02 -1.058587173290775757e-01 -8.068144953947481435e-02 6.786701529087704188e-01 -6.202361712244895686e-02 2.940723240856416010e-01 -3.796217274341897041e-01 -2.169355751523533438e-01 1.557859321724981982e-01 -2.977828439567816177e-01 -1.200620572119020513e-01 1.010170896396139217e-01 1.703555560466534988e-02 3.126186579460967230e-01 -1.096160608911772860e-01 -5.493678206892715910e-01 7.071089515163788697e-01 2.266771394916823057e-01 3.303419583240468915e-01 6.492830433683380864e-01 -4.995739215300720182e-01 -6.030374480143471660e-02 -9.945368205046260790e-02 -2.890629808815991034e-02 -2.602202602184233160e-01 -9.135369864309868249e-02 2.884813534642747257e-01 -2.117035688492526491e-01 2.976190670532482541e-01 -1.021302179265153737e-01 7.953185955440179589e-01 -1.899219434885297819e-02 3.151547163794886086e-01
-4.492260193208898189e-02 -1.284986195990887314e-01 1.596059337258467214e-01 -1.478212525950003131e-01 -2.588653613513578478e-01 7.316529512916764011e-02 -3.512346499965026125e-01 1.966164456451521825e-01 -6.966362129925415814e-02 7.354666015690192182e-02 -3.611177500777753568e-01 4.706120863655637865e-01 9.177109583422804473e-02 2.612452561935319495e-01 1.835604708967571996e-01 -2.552849967560891220e-01 -1.197139428491608149e-01 6.404813794458935616e-02 -2.560394962825323084e-01 8.363934078771370628e-02 -4.312752233130031504e-02 -4.751757689595976358e-02 3.454972678080917015e-01 -4.093386486590073342e-02 -1.736499098711084543e-01 -2.776570732228450522e-01 -1.506974784042673481e-02 -3.718086328618053771e-01 -2.984489408119809783e-01 -3.324000976110664807e-01 2.168715321907916660e-01 -2.707918741928736286e-02 8.129674848884613225e-02 -1.086221339105614414e-01 -9.941940873524936217e-03 5.047710623570245830e-02 4.124801120801944165e-01 -2.163468057871676675e-01 4.299308665966327658e-01 -2.924379711172023222e-01 3.038019725602230658e-01 -7.582221315684135182e-03 -2.174559864622230623e-02 -3.024514866766295218e-01 -7.676099787575801914e-02 2.958516212259021394e-01 3.157822999726320190e-01 -9.811178106137578847e-02 8.467285032931418098e-02 -1.462290556974571165e-01 -1.615498345075666031e-01 3.024953509501583371e-01 -1.175902723795742566e-01 3.179813881818153304e-02 -3.831868287395687744e-01 -1.958621720503287422e-01 -1.722870961705649517e-01 1.718339856744771910e-01 -1.399188931520366566e-02 -4.394539949699822756e-01 4.693958853232523820e-01 -2.117421766707264508e-01 1.747841085981860498e-01 2.941086248775761636e-01 6.452847757910948334e-02 -5.533413878826515947e-03 -3.475099912701058724e-02 2.147974242177665694e-01 -3.525313276835123633e-02 1.691989455694334898e-01 -3.334323669265173429e-01 6.539926400333320733e-02 -2.813350578926153700e-01 2.063797519477088283e-01 1.005594472814247409e-01 2.543359830588847945e-02 -1.814695926685776228e-01 -1.782744370823340363e-01 -3.731922236424919936e-02 7.141296850614582692e-02 3.717620731732951961e-02 -2.140038528204261659e-01 -2.324041942933510185e-01 -1.838652547114280611e-01 1.762172066138311677e-01 2.528622150015318384e-02 3.054975993740387530e-01 4.391265927885811687e-02 -1.895571689140776173e-01 -1.020242106377764746e-01 1.680437158552893773e-01 1.812518501967256002e-01 2.075619764042583304e-01 2.369799718778985431e-01 3.702586144444262872e-02 2.807110719465936641e-02 2.737008899670876905e-01 -6.227482244047560095e-02 -4.202325897519452735e-01 2.446049213438656333e-01 -2.621242621756920618e-02 1.100576188692591884e-01 2.140341416082555126e-01 1.628363657511734119e-01 -2.677919014241044934e-02 3.036975146757985716e-02 -1.534617742994294765e-01 1.622440570015504513e-01 -3.803214122185361035e-01 1.533918369360267112e-02 2.530743386640231241e-01 -4.669608285855426089e-01 -1.349824003178994869e-01 -1.430579884337183916e-01 -4.226164943858290446e-01 2.840399272670914854e-01 8.414330683564627544e-02 4.796933865496742083e-02 -1.991943634478184344e-01 7.922313302717957917e-02 1.510273568330548766e-01 3.918468241724250983e-02 1.535605865531531333e-01 4.688731735999802919e-02 1.193948824142100212e-01 -4.440995960815617982e-01 -1.695696889098386728e-01 -5.175207660190288272e-02
