1.896987021379882288e-01 2.072408749157138991e-02 -9.535319565390413740e-03 6.994378634824371943e-02 5.155370941602419738e-02 1.097557401578149426e-02 9.400721435552542027e-02 -1.041776386214758321e-01 6.256953830942184325e-02 -1.205779497496399094e-01 -5.669153858029705312e-02 -3.062721409955711238e-02 8.384981203827529192e-03 9.120040623525649259e-02 -1.342936419311185903e-01 1.161482942328436047e-01 -9.086655001205122539e-02 -1.013763971061115016e-02 6.812747077656906847e-02 1.062183929799645314e-02 5.276505804694058693e-03 -3.054095062075244324e-02 6.798712780088811414e-02 5.251427880660943653e-02 -8.419860250686896086e-02 -3.718129555305382805e-02 3.495552803706162420e-02 4.238638150380123759e-02 -6.730819439617409528e-02 1.026814914164254217e-01 -9.011746550170472714e-02 -1.379818074362130498e-01 3.543156298233369854e-03 1.381567536693913655e-02 4.818089553980036549e-02 3.636122689989070011e-02 -8.741505795991044714e-02 -5.924362643823771063e-03 -3.998898360400735159e-03 -5.828975073525084760e-02 -4.607612519180322164e-02 -4.870507363882803364e-02 5.718323776491161109e-02 -6.252784828848036158e-02 -7.112407290890133960e-02 4.210349480202975336e-02 6.424776669336426660e-02 -3.184473132389183114e-02 1.033929559108286676e-02 1.097329799586958532e-01 -8.133437635305426627e-02 4.318642215616748381e-02 9.383646629085012902e-02 -3.634149432845817929e-02 1.881673470744463228e-02 1.090709158221889186e-01 1.824429284402959497e-02 9.484876027846415869e-02 -4.505934292893457732e-02 -2.997638535183077060e-03 -2.909506148589791064e-02 1.093999261013306606e-01 -1.102755090601601901e-01 4.180500351999519304e-02 -5.605540742764814066e-02 1.618735103057658276e-01 1.615383741556084829e-01 -8.762765333061207917e-02 8.859157421819326139e-02 -3.408247112139316942e-02 3.676195907423960435e-02 -1.265146132362452713e-01 1.165839935490248502e-01 -8.571212279420771518e-02 9.773010030113073870e-03 2.037593505669969135e-02 5.226683463091309420e-03 9.049270091920816328e-02 1.123613082017070608e-01 2.828741458493998478e-03 1.454661655824613931e-01 1.234066357283347404e-01 4.610602772640502028e-02 -4.150004563398479451e-02 -2.514540917430588968e-02 -1.700699012465897025e-02 -7.084924139211082328e-02 1.731800540546163947e-01 -2.777735180888721983e-02 6.571326966807951309e-02 -1.124108271083036192e-03 -5.988525814919830326e-02 -7.851232131255005131e-02 -4.401308382539276948e-02 1.548897797638162377e-01 4.943601488927643756e-02 6.751194948587335709e-02 -1.007838760859400135e-01 7.268446558278814085e-02 9.925036719993946335e-03 4.513318623233336657e-02 -1.326986982259011627e-01 -1.335683641001432775e-01 -9.028968647582806539e-02 -5.426140215682256213e-02 4.468481531955868780e-02 3.417216782086669735e-02 -1.719071041356928786e-02 6.566308968218192987e-02 5.454158430168974669e-02 -4.116274803107462105e-02 7.742101501426669474e-02 -2.611369237539413676e-02 -2.781027171190582695e-02 8.903667258206031387e-02 4.956253945841505859e-02 1.041366860898665370e-02 -1.269927411478189438e-01 -2.812543274583694311e-02 -4.513938579707037213e-02 -1.548360603313189421e-01 3.160060806128781735e-02 -8.532333827169755192e-02 4.333843185398390113e-02 5.764589149335289445e-03 -1.054877324584580986e-02 3.655886020588188824e-03 1.100051080472645576e-01
2.072408749157138991e-02 7.445723692646413205e-01 1.414595290923421622e-01 -6.207987144675090885e-02 2.860545017895246844e-01 2.882646900187402772e-01 6.371935500017460452e-01 -6.598457970220198421e-01 7.399466102420027003e-02 -1.094188006396452501e-01 3.926942434211125321e-01 -2.119793171276791177e-01 2.562368950939029055e-01 -4.009233151725605931e-02 4.516801056303137302e-02 2.471320518599728622e-01 -1.549929062818329872e-01 -4.032066817938659287e-01 6.764153755307455995e-01 3.330709651177566344e-01 1.403505535101664814e-01 5.640846656866245201e-01 -3.432036180711346973e-01 4.327326335898169091e-02 5.054623312862033258e-01 -2.038518523459534604e-01 -5.361365160029527566e-01 4.349610890864119561e-01 -4.412874407282077471e-02 3.612710908834380619e-01 -1.125033946394539963e-01 2.050686622808403359e-01 3.302888389167503158e-01 -1.315980408983778438e-01 1.975130769338004078e-01 3.052037715563529763e-01 -4.834316091438740082e-01 -2.677233504064171488e-01 -5.033585080583827809e-01 -6.688944267966938362e-02 -4.864060368249784605e-01 5.065786810662731288e-01 1.791172029028564872e-01 -3.974518310499468299e-02 3.494852550690934478e-01 8.324471999632883368e-03 2.494284160312188470e-01 -2.175077252201903719e-02 2.924986691711038422e-01 2.455732143377179488e-01 -3.651535503898156731e-01 -2.859367468121367870e-02 -2.755636919134888951e-01 -5.884114835119141906e-02 3.223033501179577986e-01 3.615399696303939203e-01 3.969167588777365308e-01 -5.352319875621996959e-02 -3.038506244325714367e-01 5.603008449821826886e-01 -1.848063783569066365e-01 4.817770218145463468e-01 -6.469109486132000875e-01 4.609544692232214053e-02 3.282452456419637787e-01 -1.090253107761648688e-01 -7.978051322873679074e-02 -5.737655638907624978e-01 -6.294557991924691620e-02 -2.590495392722511059e-01 3.994125898380630479e-01 -1.419623648544852679e-01 2.949781423524783230e-01 -5.465233831690050614e-01 2.511152151540160249e-01 3.507298868660818081e-01 -1.035765121581849468e-01 -1.411202461296175159e-02 -7.505761305435745823e-02 3.115422467560048370e-01 -1.599086285001791174e-01 7.626612349997506923e-01 2.254189114372792124e-01 -2.250856598897866059e-02 -4.182254793224897682e-01 9.464321406464422382e-03 -3.772976735867695219e-01 9.961287960118236917e-02 -1.502774763769456831e-02 -1.378503058559893968e-01 -4.964993873080900122e-02 3.243679949777275584e-01 -9.557926362371506335e-02 -1.406380094457656826e-01 -7.270620091539591046e-02 -1.336699972601414488e-01 3.181475768708881824e-01 -3.423496491508409290e-01 5.418681339506880024e-01 2.937395864154888070e-01 2.072635406017035720e-01 -1.705102808744330400e-01 2.687265538407901735e-02 1.312950314459946921e-01 -3.016779670186644502e-01 -1.269420453376537139e-01 -4.817644959296167595e-02 2.329871414393056561e-01 1.219427504925311989e-01 -9.800830736705681834e-02 -6.097629207771009252e-01 6.174123344008796144e-01 7.848028202646743084e-03 5.351992797596450968e-01 4.938143475192877663e-01 3.533804112128759167e-03 2.804792279903739471e-01 1.794560493385615185e-01 -3.424034509693752448e-01 -7.792845368073161860e-02 4.631294596002968889e-02 -4.595352928195844955e-02 -8.907458640936772448e-03 3.343896993402632467e-01 2.457229680838941277e-01 5.294414331845493926e-01 -1.601769755978152132e-01 9.382115804474183696e-02
-9.535319565390413740e-03 1.414595290923421622e-01 4.051190698204327756e-01 -9.540387760524687843e-02 -2.514827700828436291e-02 1.924848446644759903e-01 -1.810133940793730856e-01 -1.505308698530523868e-02 3.489616454927438240e-03 1.834992380150536340e-01 -3.028478362138005697e-01 1.866153771208339529e-01 1.888934582677023466e-01 3.780920883638750341e-01 1.299808208900153639e-01 -1.746446326108975489e-01 -1.117235343453278906e-01 6.545888259684525326e-03 -1.941740593766152212e-01 2.617683749082052591e-01 -6.878216094468392328e-02 1.055456994342920535e-01 2.974125966731405724e-01 9.398437557669149511e-02 1.512345126039109366e-01 -2.987965898895421080e-01 -1.413075964931911066e-01 -4.286239857061042158e-01 -4.854168306135293043e-01 -1.434722735739009380e-01 8.337587235551055520e-02 1.807675449341809848e-01 2.188585028216638306e-01 -3.533481591320333237e-01 -1.098066601854356256e-01 -9.830514418448786304e-03 2.398119215110995073e-01 -2.700591515115949304e-01 4.305611991490700396e-01 -4.712001673539783497e-01 1.120706421476141135e-01 8.132077809787896516e-02 -1.336773575413821302e-01 -5.077524003309435985e-01 6.794175188558625178e-02 4.401144083108216032e-01 2.589228771871908696e-01 -2.594585658690932717e-01 1.947698642956866844e-01 2.465901675231737655e-03 -1.819993308427501344e-01 4.714720458251552282e-01 -1.363716676675324202e-01 7.225128481662296265e-02 -4.124378113533493373e-01 2.199626832981428984e-02 -2.677063379007354679e-02 1.822288238705374874e-01 2.170450451884594484e-02 -4.284336915668082169e-01 2.009164076314708114e-01 2.717705979694467339e-02 -7.081066087344817239e-02 4.635855195571482179e-01 2.087764840361212848e-01 -1.592931792915860956e-01 -2.051215067148318971e-01 2.146158182105367962e-01 -1.516427628333822386e-01 1.136556110446083623e-01 -1.843180811461180013e-01 1.851894855695757902e-01 -1.569838498066863097e-01 2.033958119658333952e-01 2.212770468405795277e-01 1.916953443583641614e-01 -4.484284043592294267e-01 -1.353688764693607716e-01 -1.667362595008355375e-01 1.894824060544303690e-01 -1.612617420594458228e-01 2.917875162622313862e-02 -1.253089562564087614e-02 -4.042076252890881571e-01 7.069483836465677296e-02 -1.948498243890278980e-01 1.720751353609861756e-01 1.293561401906743458e-01 -3.808319903047127086e-01 -5.608374533323947503e-02 3.061744379439222952e-01 2.647855533602254119e-01 9.956933119406945198e-02 1.625857150888514735e-01 -1.475632342230293326e-01 -5.875207527973246718e-02 2.359938894581788682e-01 -6.412390491075868615e-02 -2.729255582086839715e-01 2.495090005815995271e-01 -1.347317296480447790e-01 1.912083006365675741e-01 1.728528911812267921e-01 -4.636392155005076947e-03 -1.115390373930187813e-02 -3.664455918853981586e-02 -5.615078325595924263e-02 1.845579581758393928e-01 -1.964924770210073057e-01 -3.795876045195847870e-02 2.328683074896614191e-01 -3.129460386215461298e-01 -2.599337974541796048e-01 6.913142682959751151e-02 -2.781738364967657473e-01 4.354311190523107444e-01 2.180405264888394534e-01 2.642827204278033748e-01 -2.994848240901871184e-01 8.385504417191617932e-02 9.307417261178707601e-02 -2.348765593006869323e-01 1.257487700681354237e-01 2.025427997598034865e-02 2.124325060087420836e-01 -4.404490313839710680e-01 -1.305057789497008902e-01 -1.915990781140582133e-01
6.994378634824371943e-02 -6.207987144675090885e-02 -9.540387760524687843e-02 3.815156290380706250e-01 -6.073565393141681923e-02 -1.225757678981122534e-01 8.696597367190177230e-02 5.703850675281867122e-02 4.754462965040424927e-02 -3.421216246923846072e-01 2.143303443522338037e-01 -1.626659622041706499e-01 -1.300942341467850871e-01 1.166585503222467846e-01 -1.986408336802410468e-01 -1.483063378864603321e-01 -2.996630442953984175e-01 -5.572522844676142291e-03 -1.343719934328986010e-01 -1.670354602734635818e-01 2.501142769048144698e-01 -8.536601526099940607e-02 -1.624186998800885851e-01 -2.442279568860509786e-01 5.244484117796850003e-02 -1.508706042694533123e-01 1.288350955150440735e-01 4.859180235184372421e-02 1.480031870132196836e-01 -1.630411400326819416e-01 5.086273301433152233e-02 -3.264020929215738064e-03 -1.539560277798999732e-01 3.193418911488826728e-02 3.903500658310740667e-02 1.367710329956999815e-01 -2.866335727945696354e-01 -1.315687432834450055e-01 -2.842883695559348528e-02 1.549975002075860142e-01 -6.592349503021956159e-02 -1.241536561438904146e-01 7.652852378261348898e-02 1.547655297386193174e-01 -1.385115491477565408e-01 -1.306703942044813438e-01 -1.939065854546048462e-01 2.998669196083215138e-01 -1.431505069284495779e-01 1.446268289634582704e-01 4.480179634656902138e-02 -1.375458864046094354e-01 1.624952104318657664e-01 -4.155548967972613750e-01 1.971526888455574777e-01 1.155850402367134405e-01 2.000495748987529965e-01 1.132363507857232221e-01 -1.252365758379930527e-01 8.663520127912546082e-03 -1.881750956507971806e-01 -2.340045742349936841e-01 5.941372562100411675e-02 -1.528893419712059054e-01 -2.827924040949965634e-01 1.474408538035574916e-02 3.839721998531164804e-02 1.117069828958033445e-01 6.608675389694631218e-03 -2.652846834354852801e-01 3.100675990022279671e-01 -3.369074432742463210e-01 -1.959414195123122815e-01 1.046858458319620544e-01 -1.430091102144810944e-01 -1.484972531016357511e-01 7.490830801120493265e-02 1.791953126174014935e-02 3.563452778359173234e-02 -1.304670434734040985e-01 2.918465638707690851e-02 -4.556943034863313730e-02 -5.997389396706040432e-02 -7.243238764735053514e-02 -1.616895798796579575e-01 1.884050172173951654e-01 -2.822878388798950589e-01 -3.942602269331271780e-02 -1.211843588136274907e-01 3.671395089268756351e-01 2.754741798774802686e-02 3.829023697687806288e-02 -3.604139883508119535e-01 1.708712993116239531e-01 6.494558354535717726e-03 -2.254450753066902791e-02 -1.642597134525277669e-01 9.993765258708925403e-02 2.564998105929458538e-01 2.882170707437043192e-02 4.229742244973034443e-02 -3.328693685306201022e-01 -2.205526028188200538e-01 -1.977690226703765139e-02 -1.319357269691131818e-01 -5.447021198513709445e-02 1.839042527074964961e-01 1.063468805978334264e-01 2.657759500491296278e-01 -6.289846242372219842e-02 1.432535941064191909e-01 1.448682722976005754e-01 -3.350437007513330789e-02 -8.713395199151223458e-02 2.701969095459667569e-01 -1.248258025326651754e-01 -1.271265883668237229e-01 -1.014367824203139812e-01 -1.128170821608150826e-01 -4.132466605120407310e-01 -1.922611202504599381e-01 1.804150930128032571e-01 -3.948417894766542702e-01 9.481251029904963490e-02 -1.257578246216165263e-01 1.690543915407510464e-02 -3.007580476217320761e-02 2.871139842759903305e-01
5.155370941602419738e-02 2.860545017895246844e-01 -2.514827700828436291e-02 -6.073565393141681923e-02 4.526422302483775195e-01 -9.464478488267629580e-03 2.525695388514677675e-01 -2.981300588035411536e-01 -1.073323325879415174e-01 2.214392240331415629e-01 1.047569740402839317e-01 -3.257352296700967154e-01 -2.494346441398127140e-02 -1.091814799488449172e-01 4.916349251580014873e-02 4.082249224517634500e-01 1.534584206767371228e-01 -2.010206218178076376e-01 3.016471889954884800e-01 3.596429141231897303e-02 -9.102020790111980952e-02 2.013261397618444914e-01 -1.151982628069741083e-01 2.915201944261972544e-01 1.085306789913618591e-01 1.958070925630428505e-01 -1.508247588168850073e-01 2.096871609606631437e-01 -8.879584072865670530e-02 3.977558022679277827e-01 -1.243774061599564884e-01 3.237730348739148965e-03 7.544881452957845520e-03 5.874238009666379184e-02 -1.023951610598245326e-01 -2.964626996131685677e-01 -1.024315644666730779e-01 2.328034634219155186e-01 -1.665526326578873340e-01 -1.011166058882871227e-01 -1.902667740775847161e-01 1.485574893270165120e-01 -1.221488782140295326e-01 -1.040026375792998115e-01 2.167088611800479722e-02 6.684774545045857330e-02 -6.997353802469989670e-02 -2.286759706953087889e-01 -5.917511401349553717e-03 1.412544679940930248e-01 1.706030429232085754e-01 6.821653866661919752e-02 -3.852360571670391393e-02 2.137706594458562426e-01 1.730171006340274625e-02 3.090151052175774127e-01 9.571059445345488081e-02 -8.543568096435007198e-02 2.759269615072472703e-01 1.953354677834875652e-01 -2.886497057133812216e-01 3.934754715899662636e-01 -3.052836328933747900e-01 9.355057308022761420e-02 8.325194654909101599e-02 3.934537655809120654e-02 3.608048226011813936e-02 -3.093744277247901242e-01 -4.550913439988384102e-02 9.696717894969566001e-03 1.109125933028508593e-01 2.343537059406881617e-01 4.348331866689127412e-01 -3.007771371282472739e-01 -2.522787653583066433e-02 5.348380322204361603e-02 2.488092418470149933e-02 9.157688078757517114e-02 -5.331811092106904237e-02 -6.240140923161093933e-04 -3.293682721189908607e-03 3.279773960751269923e-01 4.371374782821035865e-01 1.343139145914290788e-01 -9.773804727948430526e-02 -1.312368397992405011e-01 -1.178986141421194261e-01 4.116931738967128523e-02 1.859614099004567311e-01 -9.748909442579185847e-02 -5.692469561008720036e-02 -1.702439422245241307e-01 5.664271341462330869e-03 -2.672485838253177426e-01 1.700518544325360648e-02 1.410960417549052826e-01 -7.990757023802444459e-02 -6.201495838091374002e-02 1.216302595290267852e-01 -8.850722796439809692e-02 -1.177088806885567968e-01 1.949017119136468856e-01 4.112884185231326789e-02 -1.834602520919738633e-01 2.750241126050339546e-01 1.599736134768083018e-01 4.582211972895351010e-02 -1.325178142518372848e-01 1.950562280489630818e-01 1.924527887763096412e-01 -2.591868572277117866e-01 2.342027498093740001e-01 3.479229991844610959e-02 5.625313703921228092e-02 1.190786942745544613e-01 7.345635827351870706e-02 -8.464697736888644047e-03 6.077395364563649427e-02 1.752716874740522790e-01 1.601517823788702333e-01 1.282686916904263869e-02 -2.978694519260912665e-01 5.453443686777931232e-02 -2.604959163880432582e-01 -2.399816130114913390e-02 1.933572747684053628e-01 5.739645080725175319e-02 -2.206488540612656646e-01
1.097557401578149426e-02 2.882646900187402772e-01 1.924848446644759903e-01 -1.225757678981122534e-01 -9.464478488267629580e-03 2.713896778253800934e-01 1.380021816383124600e-01 -2.142539934679255353e-01 9.967081260173034363e-02 2.897318586667532725e-02 -4.859964399750079517e-02 5.669668848982007542e-02 2.635213138593932025e-01 1.292478565673366164e-01 5.728530922814344811e-02 -1.919485241441095530e-02 -4.568615025719370559e-02 -5.417452715612916525e-02 1.458078096273211777e-01 3.081134093128078399e-01 -5.918052626353022261e-02 2.034560389701707550e-01 6.886975911586698529e-02 8.990528571193011353e-02 2.070039056609418171e-01 -1.660418492289696679e-01 -2.251082423826496759e-01 -5.245311721710470276e-02 -1.745213070465655991e-01 7.887996593602376871e-02 -3.696752456497748220e-03 1.331620499268216795e-01 2.912968547306347689e-01 -1.684239798797640408e-01 1.255852988508503534e-02 1.755228613675222926e-01 -7.453432230909297351e-02 -2.069603041874791272e-01 3.917016547200334251e-03 -1.683833056584679022e-01 -1.025655632766082764e-01 1.776253858429913679e-01 4.219405464545413278e-03 -1.758047006181022998e-01 2.016060749851858458e-01 1.400477655856622594e-01 2.298565644140502240e-01 -1.537815115072531658e-01 2.699909655144306364e-01 9.571831473466076157e-02 -2.671033782880533614e-01 1.381234423683116164e-01 -1.493701148806097501e-01 6.199221581284902055e-02 -4.741028104955941763e-02 8.394869665379807444e-02 8.085733097809351400e-02 7.693302922213374195e-02 -1.763330502344371276e-01 1.829128083587968148e-02 6.873517677155448202e-02 2.213817570931970458e-01 -2.278267094198462295e-01 1.528948548631782478e-01 2.501743488148933658e-01 -9.506463202194842532e-02 -1.042919991254154244e-01 -7.051649827878882226e-02 -6.230006121227017746e-02 2.922311257224040597e-03 2.466529675120681178e-02 1.319942439380674890e-02 1.190086122988311124e-02 -6.550560532649424283e-02 2.717136228323299152e-01 2.868668631743137576e-01 -1.956445364874525583e-01 -8.431139768271099511e-02 -6.608200812397001245e-02 2.720572187641117079e-01 -1.146585389379735226e-01 2.668194732888771736e-01 -1.465519948351427792e-02 -1.796746575086321795e-01 -7.851133425840155222e-02 -1.540571383530537908e-01 -2.807814845298998649e-02 1.285765759656407325e-01 -1.703972136898715406e-01 -1.343172458989028706e-01 5.376654113026516080e-02 1.911143291179363268e-01 7.635104653583649204e-02 1.400644736508522940e-02 -7.541110269557137202e-02 -1.699814867066848090e-01 2.404974452187568779e-01 -1.293573318341696698e-01 8.238029162245026626e-02 1.706897190006592124e-01 2.257301639131159207e-02 8.768226173867620446e-03 6.918763907839103888e-02 2.548160858997093950e-02 -1.932912979802739462e-01 -1.563481628261279011e-01 -1.236404356161665136e-01 1.247193071414775117e-01 -7.265136281558004505e-02 -1.535157015724097074e-01 -1.093172102424398162e-01 8.956268589150388759e-02 -6.351706046006799777e-02 2.618557682084424743e-01 6.692934783354302641e-02 1.342035305076983431e-01 2.697606473082312939e-01 1.569498468262339463e-01 -2.400870748871936355e-01 6.234432089418471407e-02 4.965772687300976096e-02 -1.078099157366982502e-01 1.020611222434403692e-01 1.978532292831823303e-01 2.633037371125993564e-01 7.052304277303524885e-04 -1.882390517849753808e-02 -3.264055028608858072e-02
9.400721435552542027e-02 6.371935500017460452e-01 -1.810133940793730856e-01 8.696597367190177230e-02 2.525695388514677675e-01 1.380021816383124600e-01 1.050704281459074130e+00 -8.256648262055551468e-01 2.428414151486425476e-01 -4.788459735021013408e-01 7.625360643320967524e-01 -4.903849221753598941e-01 9.541074731722719304e-02 -4.962133219029419839e-01 -2.894963229175248065e-01 3.949648831087619882e-01 -2.645059958472514849e-02 -3.460310655472526031e-01 9.530709997081840967e-01 1.226103570175670482e-01 3.336091288858729076e-01 4.024001880839932488e-01 -7.030719260336545373e-01 -7.231700576658078861e-02 5.330742548527724889e-01 1.366164751715104042e-01 -3.353079175575378601e-01 1.026060718864461707e+00 4.662910134495725223e-01 5.603398326221387116e-01 -4.744164980562978751e-01 1.168508296805815111e-01 1.638936814660000851e-01 9.967642046420446822e-02 5.421941815313516821e-01 5.129847307914080501e-01 -9.489788988571329353e-01 -6.659547389416265763e-03 -1.124080732838030228e+00 4.248365181343551344e-01 -8.741936897411950458e-01 3.748839179045060921e-01 5.435615936690384453e-01 4.951879533365191044e-01 4.974127256653098628e-01 -4.797253222220088653e-01 3.270062999953941146e-02 2.428540446172541556e-01 1.364866582075960899e-01 3.147650570344801002e-01 -3.083317522217062234e-01 -5.427913176677549023e-01 -1.862767033741415112e-02 -2.187995653412514729e-01 8.568303733333192396e-01 3.321608906894623070e-01 3.829856358050107157e-01 -4.310698442738004621e-01 -5.448540146323223032e-01 1.183601149617571568e+00 -4.861855456588552449e-01 5.018413959713231565e-01 -7.583319769634674357e-01 -4.555284631021424002e-01 2.357637309812527227e-01 -3.369450260277217363e-02 4.850882055381094959e-02 -8.546757401213207483e-01 3.920634785282774148e-02 -3.747111224719521516e-01 6.683700377677527227e-01 -5.299711751007318838e-01 4.643242606244447068e-01 -8.151711747103546069e-01 7.379017049681214913e-02 2.285453963494790963e-01 2.847385139214670957e-01 3.431837274553182215e-01 3.785724998032728716e-02 1.636513756174781120e-01 -1.215048577493302306e-01 8.896480856389331615e-01 1.411148494742667514e-01 3.677016689027556295e-01 -4.430971044302384199e-01 1.934823289214118447e-01 -5.882758757236525859e-01 3.577402027747011992e-02 3.648207129318203346e-01 -1.883099772225571913e-02 -2.484693156654178836e-01 1.574115983920545414e-01 -3.091120017648480989e-01 -3.172992117235655662e-01 -2.619432267403919157e-02 -2.232828094173255062e-01 1.736890618995929891e-01 -4.250767733687644268e-01 1.020093706933321132e+00 5.253769614365620677e-02 5.758279692042979070e-01 -5.823288848753400693e-01 -3.578702405004520748e-01 1.030856444589741544e-01 -5.041680778397331641e-01 -2.268450368373671200e-01 1.640572963030026421e-01 1.490005479858720339e-01 3.506206578334855606e-01 -1.950346858153623741e-01 -9.236472893851762622e-01 1.165737267862586135e+00 1.707489942447489306e-01 7.438188118196952248e-01 9.684822061857308872e-01 -4.735905330052730400e-01 1.069702294136640752e-01 -5.495095327928525841e-02 -4.747091346722647626e-02 -2.541630365785729762e-01 -2.118004439023116192e-01 3.174460548889074807e-01 -1.796726659843085050e-01 5.341842261930463964e-01 3.267547771392981942e-02 1.146426608340879616e+00 -1.188404609616099811e-02 4.561523189268595346e-01
-1.041776386214758321e-01 -6.598457970220198421e-01 -1.505308698530523868e-02 5.703850675281867122e-02 -2.981300588035411536e-01 -2.142539934679255353e-01 -8.256648262055551468e-01 7.925705097004649424e-01 -1.179137878902998815e-01 2.182684602748674596e-01 -4.311844452970696739e-01 2.959912465785106694e-01 -1.768189536396378991e-01 2.843937585192079509e-01 9.649568730062199617e-02 -3.836084616852506457e-01 2.593024942564260693e-02 3.526501301925373810e-01 -8.113989438186655079e-01 -2.449239792229122303e-01 -2.067269880296930817e-01 -4.281798548327121479e-01 3.997415103491039901e-01 -1.033931476283658779e-01 -4.346465912484958061e-01 -2.409816680979874962e-02 3.833959909892047935e-01 -6.893892945348134571e-01 -8.666403633172359289e-02 -5.044129168724480472e-01 3.552028692873305804e-01 -1.182750072603738628e-01 -2.558253222913322578e-01 2.029091269269571798e-02 -4.051187630060210099e-01 -3.067049046353112485e-01 6.057060556728459666e-01 4.863567600786386502e-02 7.319560207232480575e-01 -4.553898747770459415e-02 6.763098118985817475e-01 -3.989280909391438312e-01 -3.812672339437593871e-01 -9.513130637214850527e-02 -4.219420586263275541e-01 1.247036375118700663e-01 -2.240702090469470220e-01 3.262355762876652937e-02 -2.212226371273928460e-01 -3.006442152112751565e-01 3.102424214702023120e-01 1.687045569786000121e-01 1.045484203978435805e-01 3.372427102047737685e-02 -4.370015025759556027e-01 -3.558462887879009218e-01 -2.601735538384045698e-01 2.938979240178431485e-01 3.170988644117506139e-01 -7.951550407424642364e-01 2.801821080220882054e-01 -5.472285094559086183e-01 7.609685290483041431e-01 8.210404508689760072e-02 -3.539901056438540805e-01 4.827100078226707197e-02 6.224025200957948416e-03 7.397472065823809118e-01 3.167199580554047600e-02 2.060163550133459476e-01 -4.181328025986748576e-01 2.585412496316135122e-01 -4.510150868651148781e-01 7.078452549579163922e-01 -1.698115561774492244e-01 -2.993258908482766545e-01 -5.316504440550494370e-02 -2.444850172294962543e-01 4.667469586067320153e-02 -2.430313559099110121e-01 1.220745340125336115e-01 -8.547983217634773645e-01 -2.136596096229090580e-01 -2.079296625771618889e-01 3.018528326443631893e-01 -5.283120135974181397e-02 3.771914526083348651e-01 -1.154501519198385395e-01 -2.408436664542634165e-01 1.375487670912337868e-01 1.075155748479484780e-01 -1.979069101183903168e-01 1.319322132680287862e-01 2.698759406952057072e-01 2.208554626221777978e-02 1.124285350787641580e-01 -3.201406247206141642e-01 4.831085127880259678e-01 -6.742410554460340766e-01 -1.758639719789391598e-01 -4.106662392218032864e-01 3.005415495281131832e-01 1.344009845793169844e-01 -5.416220475269032525e-02 2.951669049062011774e-01 9.643204130030391674e-02 -8.487716105095881314e-02 -1.624767701577915779e-01 -1.637985119537849754e-01 6.024239877875995491e-02 7.611408323629214046e-01 -8.285162778967642971e-01 -5.793790428499068224e-02 -6.055582478472550934e-01 -6.241146087332215542e-01 1.232302512062428967e-01 -1.971050139910530685e-01 -7.266989931488360144e-02 1.107484855680642283e-01 6.940310863416061793e-02 8.385945695612483097e-02 -7.806080984910503118e-02 1.894095172683872563e-02 -3.486701577451244982e-01 -1.491187794708903613e-01 -7.586165202940837737e-01 9.529376394981133036e-02 -2.205844174832875537e-01
6.256953830942184325e-02 7.399466102420027003e-02 3.489616454927438240e-03 4.754462965040424927e-02 -1.073323325879415174e-01 9.967081260173034363e-02 2.428414151486425476e-01 -1.179137878902998815e-01 3.206600386004188064e-01 -2.771108333776030053e-01 1.748578573332544295e-01 -9.426736438268012996e-02 9.760008215797477682e-02 -7.924717232197843811e-03 -2.844359730148317555e-01 -4.154991942677113692e-02 -1.536524716999958370e-03 7.859805246243024845e-02 1.418578086391799609e-01 1.036444760279323918e-01 2.909665798756368854e-02 1.918526809965075824e-02 -1.279310947073316329e-01 -9.168125476761550263e-02 2.131152206980321540e-01 -2.063781290357584799e-02 -3.681776030821734547e-02 2.312232286749229815e-01 1.733715684298912374e-01 7.194780575108644660e-02 -2.339241609131047228e-01 4.827635164970563164e-02 1.090827039763680173e-01 -7.443331551195947471e-02 1.615495079760266295e-01 3.957670165024295139e-01 -3.436980528546026425e-01 -1.206600078748342464e-01 -3.010999689768384946e-01 1.937347887369475496e-01 -2.357876690788903162e-01 1.155519609756911273e-02 1.773228090589685779e-01 1.954273742741575171e-01 2.127663447364954441e-01 -1.879465644226180343e-01 2.495124117942331549e-02 1.200650837707674529e-01 1.036824047503265428e-01 2.189609744191220453e-02 -2.670360533968954564e-01 -1.940137437655949926e-01 4.708572536361908117e-02 -1.173418249118485246e-01 3.421189933584888321e-01 -3.939699705305618749e-02 9.665483642237256146e-02 -5.793526944601385537e-02 -4.407348337718801079e-01 3.012403887108937028e-01 -9.217613674794997158e-02 9.897619976543045595e-02 -1.064831764640734590e-01 -1.971146101262878925e-01 3.253092485537925627e-02 9.494325666752661402e-03 3.050018064397150286e-02 -8.712277743064232582e-02 5.616293433117342665e-02 -7.243730822966543137e-02 1.569674793906992993e-01 -3.053983704801065957e-01 2.970718628396814415e-03 -8.012883098450034047e-02 1.099625849981288872e-01 1.351999074674516688e-01 2.202557198793473475e-02 1.023359004156694091e-01 7.578462227155703668e-02 9.580754885315759251e-02 -3.960603249481197546e-02 1.413922403269903538e-01 -1.522333556303986368e-01 -7.834743248984978037e-02 -1.114588336193431395e-01 -3.031882766204780505e-02 -1.179457201263701821e-01 1.267827437080614739e-01 -1.040919264904366370e-01 4.702493450276509779e-02 1.785029340890981198e-02 7.247392944602674969e-02 -1.194161427262813713e-01 -5.037382984257589465e-03 -1.679114077128321739e-02 -2.715722638370627329e-01 6.685923238683434688e-02 -2.422255963472588064e-02 3.111357783598038829e-01 -2.835588685384850260e-02 1.914037078776395229e-01 -3.262242365376608055e-01 -2.929492530618939550e-01 3.308142352406209102e-02 -4.447322614071690383e-01 -2.745984234562739990e-01 -8.162387969993710685e-04 8.925485689687240320e-02 6.893204933967471415e-02 -2.758604079559972555e-01 -1.313982591233232022e-01 3.024098781321362672e-01 -3.658987373492141731e-02 3.407699821849399791e-01 3.081586972649227318e-01 -1.831248190893884353e-01 1.075512410278231384e-01 -7.406726613520295266e-02 -1.180121910897468651e-01 -1.076772172917256909e-01 -1.986917232531363042e-01 2.056286017849508208e-01 -5.476550501045074348e-02 4.060793281810185507e-01 4.028037159980073917e-02 2.775492719712958634e-01 1.055512372759116607e-01 2.269289950536536593e-01
-1.205779497496399094e-01 -1.094188006396452501e-01 1.834992380150536340e-01 -3.421216246923846072e-01 2.214392240331415629e-01 2.897318586667532725e-02 -4.788459735021013408e-01 2.182684602748674596e-01 -2.771108333776030053e-01 7.426913493329984073e-01 -5.042039478897968330e-01 9.453274156050310573e-02 4.095449788274191372e-02 7.325316913650459227e-02 3.901120385242971000e-01 1.187651652870960195e-01 3.832472847856502329e-01 9.882204310132614022e-02 -2.950068256518700860e-01 1.046370602824819446e-01 -4.208205625413446449e-01 -5.243929760930159806e-02 4.234598255356606389e-01 4.550434065550025275e-01 -2.089300231459280122e-01 2.279425134720214075e-01 3.619166725579658905e-02 -5.391728651455895971e-01 -4.270294064354855923e-01 7.775395889317522624e-02 1.661588410412110917e-01 3.326170978765695396e-02 4.838010682619277303e-02 -6.267734933559146460e-02 -4.538666169099169756e-01 -6.747536871681396597e-01 6.578758208669253094e-01 3.010452828484720955e-01 5.807701407774601421e-01 -4.274850016256016572e-01 3.892363236368929780e-01 -4.961395502596868679e-02 -4.990692993429960977e-01 -4.691983810453552173e-01 -1.267750302622399905e-01 4.114339233933083650e-01 -1.333397882410384226e-02 -5.467236301117068820e-01 3.865759808449736185e-02 -1.214201764263636574e-01 3.557333659976783524e-01 4.568337940669401909e-01 -1.060668766660985696e-01 5.823030931747972261e-01 -6.693379152295818590e-01 -2.411403224515022703e-02 -3.071441707797003540e-01 5.574189449250633449e-02 6.833630853669750982e-01 -5.711570312637378466e-01 1.219382915360445185e-01 1.493829137292094211e-01 1.700649562658465286e-01 4.368745541540045019e-01 1.796448537175072135e-01 -8.362373600009244401e-02 -1.539555548274309515e-01 2.759571203957492114e-01 -1.349078336863394900e-01 4.045608082348726708e-01 -4.794505042633588898e-01 7.878394231167047401e-01 1.355335632904292043e-01 2.598698226805484235e-01 6.118468728247930533e-02 4.003997895943561119e-02 -2.407005315985744354e-01 -1.412634134102536687e-01 -1.777026701866465386e-01 3.305533421358076290e-02 -6.828152232982337422e-02 -2.486497981614070596e-01 2.872670513927004232e-01 -5.913059093725641507e-02 3.350269583404992257e-01 -3.951433345609034475e-01 4.254102776676892406e-01 -3.534947668456094039e-02 1.794440620499071493e-02 -3.035559391215030822e-01 7.642989930517347930e-02 -2.389524859112576172e-01 4.193682458108051736e-01 -1.250714803760235028e-01 -9.372713470940677305e-02 2.069269249933924637e-01 -1.136634770840556641e-01 1.653213584741825282e-01 -6.518602517555271980e-01 -1.506654526867556021e-01 -4.863078466075612671e-01 7.815573396978970910e-01 4.341592170373959059e-01 -2.404831689068286926e-01 6.639789500827567581e-01 2.531830162606473200e-01 -1.449467321894274963e-01 -2.848311030520308540e-01 -1.891839506396677528e-01 2.599530695744824982e-01 2.927769462805120404e-01 -5.813614687520376467e-01 -2.649088953961849582e-02 -3.159259153852735369e-01 -6.405767067775731682e-01 4.065075514225218178e-01 4.708549923716625479e-02 2.544073092039024209e-01 2.790512596198585493e-01 5.474854988855806237e-01 3.029216904672541455e-01 -6.203988316574684525e-01 4.064179661222590001e-01 -6.344254171190352176e-01 8.955369839464770443e-02 -5.482646751259420137e-01 1.160200820219764312e-01 -6.784109744444594137e-01
-5.669153858029705312e-02 3.926942434211125321e-01 -3.028478362138005697e-01 2.143303443522338037e-01 1.047569740402839317e-01 -4.859964399750079517e-02 7.625360643320967524e-01 -4.311844452970696739e-01 1.748578573332544295e-01 -5.042039478897968330e-01 9.546581181680415806e-01 -4.563160593125670794e-01 -7.907218593869991263e-02 -5.603219829439799460e-01 -2.321854490640073709e-01 1.994781029034680964e-01 -9.053746556746697371e-02 -3.017701075478345096e-01 7.580402187080985676e-01 -1.251803458828545101e-01 3.773704334104297509e-01 3.229363709437350072e-01 -8.965866777861414283e-01 -4.076448229327629402e-01 4.162335794771579445e-01 1.272771349358093884e-01 -2.612700631480566194e-01 9.363332486751613226e-01 7.971493398261944030e-01 3.324629255134725625e-01 -2.314191378943730171e-01 8.207679939497784793e-02 -4.738943424725612641e-02 1.835834631787029991e-01 4.125306946231708793e-01 5.181619086135390573e-01 -8.808895461747179301e-01 -6.559755706247666351e-02 -1.136065357119448560e+00 7.597185596887356951e-01 -6.085275957368629918e-01 3.333013937236307678e-01 4.353182367222688254e-01 8.383584473615335320e-01 2.993750268695310468e-01 -7.495617421269309411e-01 -2.658942082520823758e-01 6.439043500217594973e-01 -5.192818769406126050e-02 9.272269730032019208e-02 -1.718489354138527381e-01 -8.189350662975868334e-01 -5.607034365893610178e-02 -3.725489718801939243e-01 1.040949329496249742e+00 1.069482156771149328e-01 4.883795553183233884e-01 -3.383742827445576640e-01 -5.321487036049652453e-01 1.162512142280323735e+00 -4.824964431192187431e-01 1.352407711364090881e-01 -3.350123166988439039e-01 -7.494922219891952953e-01 -4.025995555163255912e-02 -3.042592042282599510e-02 7.130412176948051906e-02 -6.356727433721444109e-01 1.794118381878787583e-01 -5.567769596997378390e-01 7.160132745751796035e-01 -5.400673304519736373e-01 2.293292749607179493e-01 -5.980104154427898777e-01 -1.153038316479924885e-01 -1.044004128173560593e-02 4.135974782993813714e-01 1.639931298913784308e-01 1.720970044173024127e-01 -2.245705384089373424e-02 -6.323968486226830277e-02 4.813500553928218295e-01 1.652047278885140219e-02 3.881358243322121648e-01 -5.590814258222441824e-01 3.890905533615319212e-01 -6.551913271291860408e-01 -1.990653736288179043e-01 3.214247927757447054e-01 1.116037723417113298e-01 -4.083246618573777020e-01 1.483307455368665095e-01 -3.732580560510055379e-01 -2.424171218847535336e-01 -2.076967009284701182e-02 -1.550606544071135851e-01 -1.205805859827486087e-01 -1.325920260761335456e-01 9.662057304668096869e-01 -7.304270567985134133e-02 4.679131989389344048e-01 -5.710480636556997114e-01 -3.027477230883731107e-01 2.733506606933890914e-01 -4.735924170217115647e-01 -1.949687569953258426e-01 1.304117947440347758e-01 3.999879198863699747e-02 4.001078266591261423e-01 -1.844501707224823484e-01 -7.943749268041597755e-01 1.001871689496170115e+00 3.405762129182645648e-01 4.853306991311569507e-01 9.206741315216718791e-01 -7.459917878960027338e-01 -7.758112368525520164e-02 -1.494767130484589701e-01 -6.088609614558077726e-02 -3.796408068304400474e-01 -1.143043750213238452e-01 4.742234773858713393e-01 -2.908091406546701729e-01 4.806138015012456632e-01 -1.338334923014822264e-01 1.155302897240263027e+00 -4.422294231342071419e-02 4.909481021627675745e-01
-3.062721409955711238e-02 -2.119793171276791177e-01 1.866153771208339529e-01 -1.626659622041706499e-01 -3.257352296700967154e-01 5.669668848982007542e-02 -4.903849221753598941e-01 2.959912465785106694e-01 -9.426736438268012996e-02 9.453274156050310573e-02 -4.563160593125670794e-01 5.967112136138943423e-01 8.320230771311980245e-02 3.259035280945537516e-01 2.198926317910002981e-01 -3.085611581134340420e-01 -1.566133775163229547e-01 9.559663681308530614e-02 -3.391585302828056814e-01 6.358306198788035712e-02 -6.387782417315360228e-02 -9.491765818513746289e-02 4.337131016047603982e-01 -7.840084069191577409e-02 -2.867430348415727637e-01 -3.322507755574652943e-01 1.496128348264203975e-02 -4.921839298382473249e-01 -3.422003792072574324e-01 -4.122557857864265762e-01 2.864574883030143182e-01 -8.773906566754409442e-02 6.453285485731410920e-02 -1.187449278248217388e-01 -3.286649747423639467e-02 3.933661600843546546e-02 5.390927037086606921e-01 -2.598424897587005566e-01 5.504838545962753571e-01 -3.346871396380399211e-01 4.368012617658070806e-01 -3.534063742518406964e-02 -4.714445822473657677e-02 -3.454336285734785905e-01 -1.590595318272506609e-01 3.432636533670938572e-01 3.544557861811012400e-01 -7.660778402834857170e-02 7.504552677334513922e-02 -2.027390220060545090e-01 -1.856098470972941117e-01 3.517307200033072401e-01 -1.256010688807955300e-01 3.994761721534510757e-02 -4.677047829226132492e-01 -2.659691129002375587e-01 -2.161238616441102378e-01 2.497622595677927992e-01 9.138679804163010734e-03 -5.695742936261554146e-01 5.860979595575251944e-01 -2.910098597637655882e-01 2.726137431476134965e-01 3.405579659828374961e-01 2.864552224577087552e-02 4.193736670123336674e-02 5.232701712826009349e-03 2.875693072880756707e-01 1.611599012571343290e-02 1.847486792726080462e-01 -4.250972939983962973e-01 8.744701446185280946e-02 -3.428777385089858409e-01 2.777662481296269692e-01 9.365222066809392176e-02 -6.315712988628521297e-03 -2.133665163904392703e-01 -2.237264874031025530e-01 1.250319458387319504e-02 5.743869051647630675e-02 1.018832490121680395e-01 -3.197633743386726901e-01 -2.888522701727014863e-01 -2.306220941707423366e-01 2.144905833182818855e-01 4.457118644892104492e-02 3.701438536937644019e-01 5.958104011273199913e-02 -2.409844777103996305e-01 -1.048338339510052064e-01 1.721912400041842595e-01 1.922316700748949447e-01 2.476021889813480037e-01 2.763519523424054491e-01 9.538916054902589481e-02 8.367294551339410358e-02 3.029543010995890406e-01 -5.842770453932043945e-02 -5.451204741565942591e-01 2.667015300441326620e-01 -5.331964884579622199e-02 1.435074086437127250e-01 2.609564548736804102e-01 1.963849172928015252e-01 -4.059971166693358662e-03 8.187249913607534679e-02 -1.897280500764914335e-01 1.454599441509518698e-01 -4.600877198958497893e-01 6.315951804802244496e-02 3.263394088505505719e-01 -6.152737044483419515e-01 -1.311800763182263130e-01 -2.565523233444675366e-01 -5.443799818146380920e-01 3.302477382223209523e-01 7.432387772401313764e-02 1.327252269783791086e-02 -2.362311350313773539e-01 9.918859081523498378e-02 1.774150113484923574e-01 6.170062560921222433e-02 1.729836126054954959e-01 2.791007324642669554e-02 1.208108795961208431e-01 -5.700608757428298201e-01 -2.136888624053245034e-01 -5.848117013240693857e-02
