1.343133680486454373e-01 2.644878434135184905e-02 -7.405370822480145110e-02 5.631615072844790154e-02 -2.641641881573814424e-02 -1.246932247410997424e-01 9.737262172256962167e-02 1.798634356331662784e-02 2.263208968262772972e-02 6.491610988087943845e-02 -1.023875369315336153e-01 -1.107687844957284534e-01 3.212806387182899626e-02 -9.473924717440210252e-02 3.222561399731081744e-02 1.805366242979083991e-02 1.312643925590044058e-01 4.441054372747735984e-02 -1.238204195477280237e-02 4.730984986020149788e-03 -5.545719742461340668e-02 -2.021514920662811562e-02 2.229149723085331603e-02 7.447708988470755354e-02 6.709120092137801916e-02 -1.381601775376201796e-02 -8.723196061798413337e-02 1.047534586128283235e-01 7.381743002061587518e-03 -7.390936338627397684e-02 7.519170108823181042e-02 -3.031481595254118325e-02 -4.641635623846821629e-02 -8.730833484159968017e-02 1.497961679876603364e-02 -7.354710156281989500e-03 -5.761256336721609639e-02 1.850561633780906795e-03 5.721577678100681769e-02 9.400168384293165411e-03 1.076878476757241743e-01 -1.017251527857527954e-01 1.700641292543576518e-03 6.191959782603125018e-03 1.804878806491928194e-04 8.502130178101837202e-03 1.211237107284503650e-01 -9.347855784023891001e-02 8.548875876246023273e-04 4.454309922639440589e-02 9.789037714631111664e-02 1.044536690512067462e-01 -1.151062903662110476e-01 -5.866722826738909186e-02 2.379736539860224237e-02 -7.044824026658730309e-02 -6.616823319552406213e-02 -6.691555890168011944e-02 3.340279562740915836e-02 -7.504973593034004742e-02 6.450854258883260972e-02 -4.914985256551977766e-02 -1.427130333136451476e-02 1.365647264174702225e-01 -4.610586820974727287e-03 -8.505753369686943829e-03 -6.209392312196372610e-02 4.298200714831643815e-02 -2.734313391628517484e-02 7.242364117480129537e-02 3.690799074183076511e-02 -3.262294503853417627e-02 3.720945259079725537e-02 -2.215431485887104854e-02 3.800887828402507024e-02 2.681568056303661532e-02 1.055339951621969870e-02 -8.981467065727730126e-02 3.629898769800578989e-02 5.383890639011054691e-03 -5.889827970146488401e-02 1.080161452772658570e-01 -1.655012510950187171e-02 1.500787521728859722e-03 4.845159055679747889e-02 3.046287571749767623e-02 -6.750262852619946796e-02 -1.496276457403812252e-02 1.070072472521729767e-01 -2.481761126426117875e-02 1.063983233105186832e-01 -2.257392604829805416e-02 1.094771806117766366e-01 -2.110025470974270789e-02 1.161523788793044666e-02 -7.108615301445358678e-03 3.845124799174390318e-02 2.767722127701501000e-02 -6.827522106827405360e-03 -8.506770088489922291e-03 -5.662231187037830571e-02 7.517265227535013805e-02 -8.246713098093060024e-02 6.998687212840398741e-02 5.471171916519947109e-02 -9.543072521937628200e-03 -5.581281772379523970e-02 -4.816105279959385227e-02 7.224538778638717185e-02 1.117139409327725930e-01 3.750966203677937733e-02 -3.145852181915013979e-02 2.626792427326428078e-02 7.338686303709562875e-02 -8.153955790647050839e-02 8.698048879213363116e-02 3.145542054364337120e-02 8.742242085001870888e-03 3.717481077386874944e-02 2.477238756744921597e-02 1.037771047922703138e-01 -9.675600393964962562e-03 5.881868107424061826e-02 1.630158920145611048e-02 4.572134290804405476e-02 -4.758494972010800239e-02 3.936905298604819609e-02 -4.765388605383452658e-02
2.644878434135184905e-02 4.387120399364623918e-02 -3.538278066630995422e-02 4.088835843482870047e-02 -6.396520903466379124e-03 -2.788285822128027183e-02 2.846843699812225126e-02 -1.871677611945876674e-02 -1.764734060883943467e-02 2.858505606478732586e-02 6.137943964679757171e-04 -2.023770664556742011e-02 -3.836608297145148363e-03 -1.184983098718791171e-02 1.838205935571407892e-02 1.590898829587907362e-02 3.160991511239553270e-02 -1.077749317148951266e-02 1.749918166607015643e-02 -1.751619960287564490e-02 6.333487032228306453e-03 -2.978725287881933345e-03 6.166021966991387833e-03 4.633732372886314489e-03 5.122589232000320306e-03 -4.182753856941068445e-03 -2.482380085648877230e-02 2.259398773434573293e-02 -2.838847099071356919e-02 -2.516695935295723465e-03 6.147420915782201602e-03 8.114439254641808708e-03 -2.255631038271556713e-02 -3.292628349490085878e-03 -3.485704976302744784e-02 9.939701170964302182e-03 1.282212587625798997e-02 -1.752724468347206799e-02 1.395211397954411632e-02 -2.033707655791896010e-02 1.659369788406405560e-02 -2.129512863382299406e-02 5.875642647249530596e-04 9.473661862020928137e-03 -1.441807045381274764e-02 2.092485648859981201e-02 2.134181578014189909e-02 -2.668887399715586667e-02 -1.586323135356957140e-02 7.408799535780634903e-03 1.602316574936439933e-02 2.837799250846343921e-02 -3.030264905440639006e-02 -1.966817704881347259e-02 -2.917902962352684690e-02 -4.427472146694427660e-04 -1.091572581949817183e-02 -3.072669879226846631e-02 2.205886829515445180e-02 -1.585682652531660367e-02 2.563067844869243786e-02 -1.924687471700504970e-02 1.677280007290297623e-02 4.761123245748170862e-02 -1.624751469667883724e-02 -4.640018576663253701e-03 -1.060487832570984265e-02 -2.082694735863753564e-03 -9.747030017940652713e-03 6.616509711644034085e-03 -4.922284789880567064e-03 2.123847207700889014e-02 1.764154940010066383e-02 -1.167541181734518992e-02 -4.996427534957495302e-03 -9.037833622470370712e-03 1.182014255921239824e-03 -3.777145409296817340e-03 -7.699985789797850720e-03 -1.626850530667064629e-02 -4.618364416491512608e-02 2.162452952856342564e-02 -7.963022432876479609e-03 -1.161626143038425353e-02 -2.072276018517571136e-02 3.263747669509928229e-02 -4.971610369156815798e-03 -5.829617121741047410e-03 1.812518303986300483e-02 6.419379695541212530e-03 4.013487159142316990e-02 3.334789157360468909e-02 2.501628761721464908e-02 4.462341747510764102e-03 -1.662140945496836308e-03 1.561887333142182067e-02 2.844118325694709737e-02 -2.937774742471657013e-02 -1.953064609430738702e-02 -6.267719508729823613e-03 -3.084383280639825184e-02 1.918044624059548828e-02 -1.011619575797067030e-02 1.096925710652202693e-02 2.141912097741160634e-02 1.825089220335376211e-02 -3.093503162573008926e-03 7.134929711074001688e-03 -9.143327797960210633e-04 2.448647967414244869e-02 5.468433949870969181e-03 -1.817482121842190282e-02 -1.670426426660673183e-03 1.033188963984162101e-02 -2.039219955174359847e-02 4.052001838891845786e-02 -1.076845373154107846e-02 4.103529949926200404e-02 1.089877465502605940e-02 -1.396212389516851386e-02 3.713468504068277720e-02 2.063652674323509378e-02 2.780316339620021032e-02 -1.495187231146151950e-02 4.326325612823837471e-03 1.352530510445408736e-02 -2.335791159569736847e-02 -1.547592571910588050e-02
-7.405370822480145110e-02 -3.538278066630995422e-02 1.005136951612519980e-01 -5.913200358431112275e-02 -3.771638595012150996e-03 9.614055194311366126e-02 -4.837464027385623283e-02 5.923670318303287177e-03 -1.908714863333048350e-02 -6.104199783651197836e-02 3.445234412846058525e-02 5.543240388758288728e-02 -1.108274877742616675e-03 5.839599615643538411e-02 -3.635166361727373147e-02 1.044868929927551815e-02 -1.057248884510124248e-01 -4.241263999453123712e-02 1.145298121026894558e-02 1.015997864388181078e-02 2.025113730431783721e-02 1.197119783385761430e-02 -1.700597431239560427e-03 -1.452957917860774745e-02 -3.555847681106814873e-02 6.559416872292965495e-03 8.135825473053739931e-02 -4.671588490654936254e-02 2.297857113971287293e-02 1.579348902387846254e-02 -3.730592449185765602e-02 -2.329195542084468509e-02 7.170530791732115938e-02 1.738825764200520665e-02 8.531752499560648142e-03 1.075615589191400261e-02 5.398064972302000358e-03 2.451621786144315626e-03 -3.954357071977501747e-02 7.953326081207617165e-03 -7.455982528098592521e-02 9.425546460358724676e-02 -3.403923401259698750e-03 -3.905881156945680693e-02 5.257960357540983690e-03 1.264140580960843203e-03 -7.094733523046067858e-02 5.204368503930440620e-02 9.758124605145364339e-03 -6.358973023409694942e-04 -4.455372198938254563e-02 -7.515553671698532723e-02 9.694787231301857378e-02 4.579758755219939803e-02 3.034338805209935153e-02 1.031979104221482715e-02 1.959306822755711372e-02 7.538469253459349761e-02 -3.202245770669947394e-02 6.476936715142857237e-02 -6.773094138546148502e-02 3.698502599950886233e-02 7.591546864631663156e-04 -1.134910455102994542e-01 1.162099380015572253e-02 1.824313603081898633e-02 4.007571910321762465e-02 1.595401322575020972e-02 3.440221702691315109e-02 -5.489838490381696023e-02 2.997239737268729207e-03 -1.138072132413880597e-02 9.721132947306043021e-03 1.933795062614629759e-02 -1.399318111499954498e-02 4.325936015211264384e-03 -1.938631550507747409e-02 2.534880155369178406e-02 2.135257265307051108e-02 9.016176063484154443e-03 8.020229456285001002e-02 -4.835168592825310474e-02 4.672826468210862505e-02 -2.013037425347708603e-02 -3.789119298863122699e-03 -3.443140943066189119e-02 1.528009369998849752e-02 5.525598200559929396e-02 -9.728292572235336388e-02 -1.983970249508472741e-03 -9.368787572783363049e-02 -6.808091451912968474e-03 -6.399419421578404765e-02 -2.593879680947419955e-02 2.110115577731360229e-02 -1.302909129469671974e-02 -2.808309578123933600e-02 2.895035374455394092e-02 1.545775209338026354e-02 4.079334505334173550e-02 7.339856882827895668e-02 -4.608587438340457088e-02 5.970126869639837131e-02 -4.164744154288111538e-02 -4.664527116628792297e-02 -9.351840484254197658e-03 4.182997799782941367e-02 -4.382517203052784492e-03 -3.376274916514535734e-02 -5.007642662500239733e-02 -2.996259801084942553e-02 5.673431500477551376e-02 -2.685389580427796630e-02 -1.484946633108635665e-02 7.194152728229320781e-02 -8.284520949217168140e-02 1.299389822925062915e-02 -3.023805639724656824e-02 -4.983413452993033094e-02 -1.940486023774336613e-02 -8.761580520962143626e-02 -1.041100748823456205e-02 -7.407734667786718130e-02 -4.404717265673023345e-03 -7.651314203108381664e-04 3.905870270467778904e-02 1.780606210775314419e-02 4.556080441653703739e-02
5.631615072844790154e-02 4.088835843482870047e-02 -5.913200358431112275e-02 6.550173616375150332e-02 1.070921872566972088e-03 -8.362319388521595454e-02 4.123054959522639423e-02 -2.379441042657474623e-02 1.424520477189237209e-02 5.794983427423962968e-02 -3.359797146678968061e-02 -3.034196928039932864e-02 -5.379089909628582619e-03 -2.417831707657184734e-02 2.677871455136889359e-02 -1.544588069586213912e-03 9.172083112731645171e-02 2.170266140197409793e-02 -1.013335153705126161e-02 -2.830247165333345249e-02 7.531687459209335071e-03 -8.352117457864592642e-03 1.588542474621296857e-02 2.900532583284574917e-02 3.986948660482765583e-02 -9.194668666556467598e-03 -4.909744228287686585e-02 2.885918602712445394e-02 -4.123305906309459451e-02 -4.708280169974361426e-03 1.383409887725159035e-02 1.308329291679325747e-02 -3.582744249842439305e-02 -3.513922628034100472e-03 -1.674540879828796680e-02 5.026602640919779295e-04 -1.180811917702206601e-02 -1.878842108222477866e-02 5.304809697907183347e-02 -2.902675040717026325e-02 6.501683441182637413e-02 -7.275771150343217364e-02 5.165668839719366953e-03 1.140417677941729484e-02 -2.328519693673321289e-02 1.372435499140752489e-02 4.105609891038090181e-02 -2.902246881014976937e-02 -2.697001051037073785e-02 3.861717926675296581e-03 2.270694032984275565e-02 7.452858874224625729e-02 -8.275097905991465885e-02 -5.982611323331483294e-02 -1.306144479613883212e-02 -2.818429573408804192e-02 -1.493950001348260011e-02 -4.753257557072736866e-02 2.210073511145451211e-02 -6.139923318880450426e-02 6.054702509232651880e-02 -5.675669354163793978e-02 2.265062821405879750e-02 8.953119438758705417e-02 -4.233540229708793873e-02 -4.407442797851148127e-03 -1.888033695568868200e-02 -6.561849943415908569e-03 -1.747949606337699871e-02 3.494886141060057211e-02 -1.230071924199744454e-02 4.872171159475993836e-03 2.654282202988048674e-04 -3.623612862551739682e-03 2.390775694303507240e-02 -1.910220865422415995e-02 1.260256350361813570e-02 -1.168370003177552144e-02 8.242291231784596188e-04 -2.502264911610325993e-02 -5.960505611490991146e-02 3.221512709276257158e-02 -3.497337196823056132e-02 6.107545491578963114e-03 4.077031869715494450e-04 5.078524510019632315e-02 -8.918398542501784071e-03 -1.671854663223022036e-02 6.666789516369998891e-02 1.591127166288757236e-02 7.319652965620127016e-02 1.833358251406148540e-02 4.159607251063686395e-02 1.893314900519216248e-02 2.933026908403131290e-04 2.911712763366655285e-02 5.265741940265879217e-02 -1.411439493307507440e-02 -3.203793304091812066e-02 -1.172696976749572351e-02 -4.589124107375587569e-02 1.997735132580070322e-02 -4.435750445980310430e-02 3.792320316144089792e-02 3.133793689852311382e-02 2.890253114413364119e-02 -3.743338662064026046e-02 1.281843785956864566e-02 2.535431830058102604e-02 3.325487274807177596e-02 4.019804401788945603e-02 -2.909625098510152524e-02 -5.005665188168010975e-03 1.446541968479226822e-02 -7.015076143632610617e-02 8.117448551496377063e-02 -1.530763428288168040e-02 3.230084966609951536e-02 2.036771818582859203e-02 3.100927797935118871e-03 6.229618465198815541e-02 2.832763967453894027e-02 4.337681436942882052e-02 1.945503473186731020e-03 4.791792797746428391e-03 -2.364568694078849134e-02 -1.343814019145787332e-02 -2.851022797238438392e-02
-2.641641881573814424e-02 -6.396520903466379124e-03 -3.771638595012150996e-03 1.070921872566972088e-03 3.765427890976266040e-02 -3.830457095245003076e-03 -3.241150896990885322e-02 -4.676139192980210101e-03 -7.537792158699267459e-04 1.080473399226430410e-02 1.755626996126639222e-02 1.889494263029944249e-02 -3.400894031373181969e-02 2.347650363852005553e-02 -6.837941690482563645e-03 -6.406612560936975585e-03 4.681490551471736289e-03 9.392072641679696798e-03 1.239903344817938353e-04 -3.004931845823975364e-02 2.301156888140552109e-02 2.011577051893113574e-02 -7.378735367310573431e-03 -1.984850543520731356e-02 -1.431071402322727990e-02 -1.409825560260386012e-03 9.539613617118008343e-03 -1.931408295822713284e-02 -1.192966757361272820e-02 2.965261030045609689e-02 -2.316415038634293821e-02 2.591583250960252313e-02 -1.390834903206726418e-02 3.048466737233783072e-02 1.150926019751050133e-02 -1.097242130487709015e-02 1.540739596293187394e-02 1.073579512835356846e-02 -3.575482878131212763e-03 -6.988022884971109615e-04 -2.736641537726100352e-03 -1.132567668723839446e-02 1.368994066809289985e-03 3.479803318441972507e-03 -2.584192913846894077e-02 -1.999262606618858532e-02 -2.812292598600297719e-02 1.647842422341650945e-02 -2.766092103358095203e-02 -3.904304778950409144e-02 -1.348252889697506077e-02 -8.629598453316310314e-03 -6.011079854413076649e-03 1.640764113760908314e-03 -1.593033801358683874e-02 2.087691346361623609e-02 2.217897625275334905e-02 -4.885216115665039563e-03 -2.248625352841663629e-03 -8.666081482899205823e-03 1.038736249900139817e-02 1.524902212130590509e-03 5.156447208584534828e-03 -1.057279329335678378e-02 -7.666242343764307146e-03 1.641241132954337698e-02 1.891151992513015120e-02 -4.022923641284447543e-02 1.312530984731390300e-02 -7.610946371829410955e-04 -1.182650522975917280e-02 1.137399235188203857e-02 -3.373583536892584001e-02 1.081865869781829456e-03 -1.194266023157851062e-02 -3.410384017435524190e-02 -1.944109019390342918e-03 3.427450582456952055e-02 -2.305402363094949392e-02 -2.982153156174095418e-02 6.097733957219864283e-03 -2.377380289844287925e-02 -1.340844859961868099e-02 2.762651945921366231e-02 -1.204557840188862083e-02 1.779680035361418501e-03 1.609815426705067665e-02 -6.291109150449150124e-03 7.557826928667622096e-03 1.581502100739312980e-02 -8.408444971897516620e-03 -6.542720978868634719e-03 -2.824392345925798298e-02 1.704957967744055031e-02 9.253435032014055428e-03 3.435568296602374561e-02 -2.367774839475955337e-03 -2.076019181997868987e-02 -2.742122311288501188e-02 -1.491999701273503259e-02 -8.887008051009115395e-03 -9.367973782166590102e-03 6.543169864328124419e-03 -6.657972986229374057e-03 -5.296959042633405876e-03 3.308192299781248513e-02 -2.584522503953157538e-03 2.229863416848788110e-02 -1.267877097886979491e-02 -1.994080485568637540e-02 1.377876730533489488e-03 1.601837449138271982e-03 -9.625650321292433115e-03 -4.042145958745479994e-02 -9.780716421723815654e-03 1.064378358571273393e-02 -1.979643420730963638e-02 -9.085677744776581022e-03 1.154492777249192803e-02 5.001764059803860338e-03 -1.502667226979295147e-02 3.256630688681896174e-02 -4.047015113233725508e-03 -3.755693827072727631e-03 -3.881545491721152125e-02 -9.098035963765856160e-03 -3.013601407939399054e-02 9.238024912579891057e-03
-1.246932247410997424e-01 -2.788285822128027183e-02 9.614055194311366126e-02 -8.362319388521595454e-02 -3.830457095245003076e-03 1.669612402576302335e-01 -7.721266709075758072e-02 5.618450541918864098e-05 -5.525288641045431048e-02 -9.680040990327028194e-02 1.019352579018354549e-01 8.771909132216634819e-02 -3.291806083709350635e-03 7.295745721273101669e-02 -4.346969932551401905e-02 1.010426534460736464e-02 -1.808965974451681447e-01 -7.643839733832166750e-02 4.314732871992463248e-02 2.978285198995369795e-02 2.823724576933189789e-02 2.195446120832918874e-02 -1.630644303007147689e-02 -6.940651140298741140e-02 -8.986710822422498690e-02 1.008128597636072897e-02 1.040145261636701429e-01 -7.983736120644571721e-02 2.066598958337513559e-02 4.540059535973988564e-02 -5.430094188944371847e-02 1.335814596356927004e-03 7.043006730091974643e-02 5.073740475565830660e-02 -2.448710193383906580e-02 1.071911362655236788e-02 5.591935438357117927e-02 1.550071160945330718e-03 -9.557514736723621285e-02 8.397412730358199198e-03 -1.425552443141031855e-01 1.482293611373535214e-01 2.476106639731679143e-03 -1.653440094754476605e-02 2.677123137594936489e-02 2.330532201645458754e-03 -1.003960684995113262e-01 6.644756099812071382e-02 3.073038505432052273e-02 -1.119526613615601587e-02 -7.524985251061760971e-02 -1.367652360750393759e-01 1.592124406589001395e-01 9.816668291953310754e-02 -1.838884346443462811e-02 7.115146252334016153e-02 4.483687084703542186e-02 8.885038190274431591e-02 -3.931472169451499798e-02 1.203457729298218898e-01 -1.035012557262207783e-01 8.957714155558665903e-02 -7.101313184838515744e-03 -1.633002972942571573e-01 4.492158126830799597e-02 9.311487638918787904e-03 5.042963997756089861e-02 -8.307998450270248636e-03 2.939761877724825917e-02 -7.983939930855843414e-02 -1.231352995886215995e-02 2.726206913777474636e-02 6.730396436056130909e-03 8.891976441398366862e-03 -6.180784883222226189e-02 1.298787746426216874e-02 -2.775743359563250315e-02 6.148530368109503957e-02 -1.818037712345555584e-02 2.581545163823976627e-02 7.202200497565902637e-02 -8.563013490016603557e-02 5.287732132738594965e-02 -3.588577696944564993e-02 -4.357775416284020986e-02 -5.320180921065262997e-02 4.912809151203272745e-02 3.377789291000841271e-02 -1.461343262134072729e-01 7.671951329021429609e-05 -1.309123738850856145e-01 2.380056166390603911e-02 -9.020216072584508193e-02 -1.196420933240571402e-02 -7.518355086708576086e-03 -3.388992256734557618e-02 -6.416117613391063290e-02 -1.894816948014751978e-02 3.942551779965960262e-02 3.131082452823370083e-02 8.140502679033427558e-02 -5.203859837817864653e-02 1.007519470930477723e-01 -7.680627503205689210e-02 -6.602072358027856469e-02 -2.599526594877009378e-02 8.982761003216697959e-02 1.871988277291453118e-02 -7.096287387217865839e-02 -8.797738474266676711e-02 -7.549231098872430379e-02 4.747536660690900717e-02 -8.455840911309669278e-03 -4.513493851623650438e-02 1.330927786617164821e-01 -1.287071493738836669e-01 -9.375177786905698751e-03 -6.045050890966099238e-03 -5.375565326785487763e-02 -3.253868791140637762e-02 -1.175010683749650731e-01 -2.317790936595093623e-02 -7.101459781468824617e-02 -1.861353782524796316e-02 -1.767431050688959490e-02 8.192547464055296991e-02 -1.928708220243003160e-02 6.065585723048524946e-02
9.737262172256962167e-02 2.846843699812225126e-02 -4.837464027385623283e-02 4.123054959522639423e-02 -3.241150896990885322e-02 -7.721266709075758072e-02 8.209695628702759485e-02 7.503846361218228719e-03 9.515907214896340838e-03 3.276288171867679927e-02 -7.154897715757375931e-02 -8.181857231045916445e-02 3.275919493443456287e-02 -6.376857524312268266e-02 1.762697611055328087e-02 1.866708051279470509e-02 8.078434903896855590e-02 1.283954246313696347e-02 -3.008528721032968471e-03 1.331188150761441515e-02 -3.639736865625357171e-02 -2.172849058057206226e-02 2.035804229030202181e-02 5.676428091454288616e-02 4.975597201102605754e-02 -1.788065410631194336e-03 -5.622306295228919615e-02 7.845037968510022719e-02 1.146346161412526918e-03 -5.224926275019151078e-02 4.878019650159749754e-02 -3.452775379161932695e-02 -2.804733780048574918e-02 -6.477265572145275707e-02 -5.822676083004771829e-04 6.437117825477835405e-03 -4.313888031119356842e-02 -8.566036877968205912e-03 4.065626244280152318e-02 4.124866742029396731e-04 6.286028102379469240e-02 -5.731672128392206744e-02 4.288564356401782136e-03 -3.921373966041368994e-03 9.429559432514321785e-03 2.068800428195376878e-02 8.419595754964245837e-02 -6.927873000308545914e-02 8.664453452521590424e-03 4.536085941706331087e-02 7.065203200812958384e-02 7.541661911137650942e-02 -6.855459639491928714e-02 -4.175436363476248136e-02 1.341504850648893819e-02 -5.440259263353205976e-02 -6.121803983226006829e-02 -4.469936927944312410e-02 2.326739558417052767e-02 -3.993525971887319781e-02 3.395539430672306347e-02 -3.623736706165801152e-02 -9.352789430766759310e-03 9.365432273271102892e-02 -4.295303773731182738e-03 -1.290907065641253189e-02 -3.777798210028945197e-02 4.286548910362961151e-02 -2.791397991539434215e-02 4.559481789088114245e-02 2.497488400030537306e-02 -2.525175348538025166e-02 4.132430242943153226e-02 -1.268560597599498012e-02 2.607321366215175490e-02 3.199242705996101221e-02 1.229747014589254069e-02 -6.186787194755590663e-02 3.076420424112541463e-02 1.282122559634358769e-02 -4.915765412613912200e-02 7.991598597523268122e-02 -7.433406343096364728e-03 -1.600776655457728306e-02 3.276869072650615000e-02 2.627288585662293161e-02 -4.690736741707036972e-02 7.216806270274810867e-04 6.182380941010109932e-02 -1.379344426519938695e-02 7.384491641056041555e-02 -6.993378470976496265e-03 7.679588826636807308e-02 -1.781208973552279168e-02 5.358955152950642918e-03 -1.668961182164296203e-02 3.418726810943756994e-02 1.820805368356838427e-02 4.044654706273807625e-03 2.058739345013222387e-03 -3.707578885059021473e-02 5.364515752973034179e-02 -6.114013933385113730e-02 4.166488659008964895e-02 3.671537625415893097e-02 -1.667763357217534950e-02 -2.408229856232833171e-02 -3.307857833835212147e-02 5.274797389013412274e-02 8.283666247957051365e-02 2.660819464849389221e-02 -1.514927205447923371e-02 1.127038337783885930e-02 6.719113983592794881e-02 -4.438416404980528862e-02 5.205989401019488205e-02 1.899503168425762181e-02 1.511964971730347419e-02 2.121506080397528998e-02 1.202563145615291986e-03 7.053326692051527236e-02 -1.587440988361012509e-02 3.698912639523345425e-02 9.196698024499365756e-03 4.495764833472924021e-02 -1.578035896381948383e-02 3.301205124148916953e-02 -2.852749831327949445e-02
1.798634356331662784e-02 -1.871677611945876674e-02 5.923670318303287177e-03 -2.379441042657474623e-02 -4.676139192980210101e-03 5.618450541918864098e-05 7.503846361218228719e-03 4.905170484666791092e-02 9.742374115436193416e-03 -1.288377892615218297e-02 -1.212597907139810471e-02 -3.373189190557120826e-02 8.091841927522824829e-03 -1.799024354738324241e-02 1.193448106220212392e-02 1.080857669299348754e-02 -2.572803858152454288e-03 2.371292862113600491e-02 -5.472905499454509999e-03 1.816745020454418186e-02 -4.964526716093548703e-02 -9.668393710311286304e-03 -2.122876604495065392e-02 5.963502076518910865e-03 -6.927633045198362295e-03 1.263193256842057299e-02 -1.426314435781331040e-02 3.123521308245580039e-02 5.497477232634719740e-02 -4.701568067550235264e-02 3.898145753113176071e-02 -8.280012526082876703e-03 -1.094601501943257872e-02 -3.856296233379349903e-02 2.677966745068933313e-02 4.502859691206481489e-03 -2.062193612208794088e-02 3.564768492084720297e-02 -1.094644569704779705e-02 5.103889749013507116e-02 5.141452301138408829e-03 -4.959234447375927834e-03 -2.273398021501102720e-02 1.310724897523961145e-02 1.064944536340384912e-02 -1.983374199803673160e-02 2.173369143152503388e-02 -1.624528062706132731e-02 1.590670084636218798e-02 4.000038145186113163e-03 3.578672704219600098e-02 -1.287533023150518909e-02 -1.785032517553480089e-03 1.252477354581879587e-02 2.089750941872442480e-02 -9.675478913230886255e-03 -1.002554837657549693e-02 -1.274609154890364755e-02 7.616138509443062983e-03 -6.846776489425110412e-03 3.239976631102758908e-03 1.296604028494538312e-02 -1.110512380650526681e-02 2.868269514535882764e-03 2.584012555093017846e-02 -8.812503765305363529e-03 -2.627817101233071231e-02 2.595979564196512421e-02 1.248276246477854172e-02 -1.739883967670755819e-03 4.930048703179201047e-02 -2.254265140370664486e-02 1.268270071416788963e-02 -2.227465486238216705e-02 2.484662703494241055e-03 1.568926438673060378e-02 9.369159548854814196e-03 -4.680995721674316434e-02 1.707952077693510040e-03 1.610764206714002458e-02 2.133552904458766233e-02 2.945704766015921905e-02 1.912878391700772659e-02 2.044578948082576703e-02 2.701621206594865057e-02 -3.002234488710311261e-02 -4.336770635255418616e-02 -7.714689966680209239e-03 1.480301262527035193e-02 -3.516073034948882792e-02 2.754301583805944032e-04 -3.165802464582698206e-02 1.270410560361806551e-02 -1.899413475033391585e-02 1.227968365526815485e-03 -1.509330276664786440e-02 -3.068471760052144184e-02 2.719736590319491235e-02 1.576031369069596719e-02 -2.616506995343001463e-02 -7.698349442484173598e-03 1.409976469059607239e-02 -1.014413622894625886e-03 -5.726678944170025820e-03 1.326198480337657110e-02 -2.363288533301118044e-02 -1.501757242754652583e-02 -4.906418318034199560e-02 4.379603229064057794e-03 2.992780195179312736e-02 -7.026279198909118201e-03 -6.766801507440574175e-03 2.975944463230174863e-02 1.635900188537015715e-02 2.320194583127371021e-04 -1.414186120159475861e-02 4.340317836110255123e-02 -3.187798849396447642e-02 1.529325189845591286e-02 1.561256151534514899e-02 9.805964245367587706e-03 -2.432358342825921213e-02 -4.280699299023307640e-03 1.494021659473240230e-03 1.000816929451633398e-02 -1.739399898168364142e-02 2.837921318726634515e-02 -2.185883301633293613e-02
2.263208968262772972e-02 -1.764734060883943467e-02 -1.908714863333048350e-02 1.424520477189237209e-02 -7.537792158699267459e-04 -5.525288641045431048e-02 9.515907214896340838e-03 9.742374115436193416e-03 7.372067102587380460e-02 9.161945338244882955e-03 -3.337559248207416784e-02 2.599937090137034636e-04 7.758805839981581381e-03 3.791433835460481048e-03 1.776405592200759262e-02 -4.497821190021177723e-02 6.179440576269909502e-02 5.424277846511507684e-02 -6.699071910737834645e-02 1.003473951053184682e-02 -1.362017391082878150e-02 -3.643890982160619824e-02 -9.133951348144897855e-03 2.424195897373428513e-02 5.334718219937904099e-02 2.561403222378084640e-02 -3.268016691073160479e-02 -8.303193782158912670e-03 6.169101263623630489e-03 -1.075912631521873039e-02 1.046350068016222573e-02 3.701135021859578312e-03 -1.995918728794146557e-02 6.857172477488609336e-03 3.400261995371847701e-02 1.040687906690186335e-02 -4.616479205731396918e-02 6.003921063266282575e-03 6.327939395992017435e-02 6.917810079352826325e-03 5.089134846127010836e-02 -5.666315073897513349e-02 -1.322386834487301877e-02 1.192763227949508731e-02 1.231410846242492023e-02 -1.147582631873121824e-02 3.724131320580474809e-03 2.726800053946368263e-02 6.679688116329334652e-03 -3.984984022626778498e-03 -6.704650448970215539e-03 5.423216423104525868e-02 -5.234688239784530961e-02 -6.109849484888539572e-02 3.311885993472572093e-02 -4.132489993479326884e-02 -5.861550681052311862e-03 -2.316922323977638892e-02 -1.752127105679632821e-03 -6.147328973902113636e-02 4.137942284162399870e-02 -6.092853743613031725e-02 1.445692814031079333e-02 4.046913993519342390e-02 -4.146363038731668005e-02 -2.982023139635943745e-02 -8.309185244307898746e-03 1.207645233297610123e-02 -1.793480255791404104e-02 1.623427539081152490e-02 9.139038876082454836e-05 -3.853134704518761805e-02 -3.050980957067668531e-02 1.734221659521568981e-02 5.962875212116487689e-02 -6.240756859264298901e-04 4.723235867849694125e-02 -1.442471285265029511e-02 2.753064398693008240e-03 1.101164483593842711e-02 -6.363175951845895066e-03 -1.323706961451712096e-03 -4.068583814523429182e-02 3.464155475172874671e-02 4.034339497251160367e-02 9.182398608134448650e-03 -8.362738752922182703e-03 -2.218797454126370319e-02 5.870783001918743194e-02 8.787606902243123852e-03 3.342900292579926991e-02 -2.983231277986228558e-02 -3.223848162805876064e-03 3.056339020475199592e-02 -2.082025872825657431e-02 -2.169407856112433048e-03 2.199214879089575470e-02 3.971015775614344934e-02 7.989969263632658650e-03 -3.047880613342091732e-02 -2.093592828933187738e-02 -2.735816658137976698e-02 -4.868524271706106687e-02 8.339281789166295283e-03 1.451943049180475995e-02 -1.420850551535578904e-02 -5.287402399143929788e-02 -2.825984788202377199e-03 2.770000473213338199e-02 -7.933412135645809618e-03 6.426674138187418728e-02 -2.044493169982007294e-02 -2.419879827355376264e-03 1.414338592688540834e-02 -6.251051187183276348e-02 2.772223109299224580e-02 5.996879680103982778e-03 -3.055215247276428514e-02 1.614453651686563115e-02 1.556732398809409015e-02 2.547208542520510224e-02 -1.960752199245306693e-02 8.000672314976954580e-03 2.460894013512377257e-02 1.006303451693464808e-02 -5.832534343453827513e-02 3.771603428990712159e-02 -3.333030761474641002e-02
6.491610988087943845e-02 2.858505606478732586e-02 -6.104199783651197836e-02 5.794983427423962968e-02 1.080473399226430410e-02 -9.680040990327028194e-02 3.276288171867679927e-02 -1.288377892615218297e-02 9.161945338244882955e-03 8.521101085968983690e-02 -4.559851207376932475e-02 -4.501538571364729902e-02 -1.171428442784240923e-02 -5.160175470020107041e-02 3.772708759787726795e-02 5.675821234834838372e-03 1.083608465980707147e-01 4.246209333850868572e-02 -5.383628846207559430e-03 -4.206014836419156439e-02 -7.966192235719857240e-03 1.538665663183557157e-03 5.848319525374002376e-03 2.456398613480795939e-02 4.035801143835073684e-02 -2.785637014576152620e-02 -6.997538909925368755e-02 4.567838013447735740e-02 -2.272759528198703416e-02 -2.189581933696931743e-02 3.074841526482945467e-02 1.137939539513213409e-02 -4.433969874578851111e-02 -3.076020915435051517e-02 -4.973392045915015804e-03 -1.651937138743920022e-02 1.075960611428401119e-03 -7.372593923049466924e-03 4.118305141832167421e-02 -1.636841746442262158e-02 9.160973137751841910e-02 -8.622203823088071817e-02 -6.302944041849705553e-03 1.780970330918873676e-02 -3.766440348247734882e-02 3.116262279093928375e-03 6.285851094217341506e-02 -4.804836307034370674e-02 -3.638376430573890541e-02 -3.791395708859799448e-04 4.056441323035962082e-02 6.890422116957477250e-02 -9.716893837052892335e-02 -4.099504133599687905e-02 -5.288973060177184181e-03 -1.746237583109663469e-02 -6.270396392513017877e-03 -5.684189657949166585e-02 4.076865177603871543e-02 -6.599421902392965666e-02 6.467328991191051424e-02 -3.610603405764367668e-02 5.574047327596249116e-03 1.018792320311195237e-01 -1.693747471551500586e-02 6.872837178515175428e-03 -3.736629586706836231e-02 -1.190618961945845433e-02 -6.971642112123925712e-03 4.018925652645493479e-02 -5.718860738918567915e-04 1.788572062706321464e-02 -3.578328734923693927e-03 -1.225117371538277621e-02 2.157958707313549496e-02 -2.759279326159701229e-02 -9.706748583947240674e-03 -3.398504667799997353e-02 5.005619885389301152e-03 -3.642337518874674135e-02 -4.543019783668914013e-02 5.025861469433912793e-02 -1.868699176566970127e-02 1.908318833338506701e-02 -4.746318024686996609e-03 3.451919387987635590e-02 -2.319368158842481653e-02 -2.761218250065827773e-02 7.984661714636709373e-02 -7.172939333307452522e-03 8.369125065749349890e-02 7.892302994049939929e-03 6.390314986646608575e-02 -4.430259648613323401e-03 1.045593525866093769e-02 4.206537757656767657e-02 3.434867956949620021e-02 -1.097392786873460473e-02 -4.519740126236446165e-02 -1.497703554901408211e-02 -5.416979027519365497e-02 3.994002116521570833e-02 -3.584595752475713826e-02 5.518279629028975675e-02 5.205217801845916231e-02 4.039934634694079124e-02 -5.737598454592961889e-02 -7.906789732487626982e-03 2.165164978203837701e-02 5.217150972092642752e-02 2.292224896477157783e-02 -3.853722170016871812e-02 7.460166483486171084e-03 1.086984257256754828e-02 -7.845510531722769965e-02 8.970499273134202589e-02 7.491168901981136788e-03 2.614589630952604549e-02 3.336201676201988597e-02 2.429361716206774463e-02 8.284490956111972837e-02 4.099574201893931708e-02 5.655730991987503731e-02 -8.922345133438433842e-03 -2.173007973236140786e-03 -4.291667351299364996e-02 -1.724568737176765398e-02 -4.028455644619744619e-02
-1.023875369315336153e-01 6.137943964679757171e-04 3.445234412846058525e-02 -3.359797146678968061e-02 1.755626996126639222e-02 1.019352579018354549e-01 -7.154897715757375931e-02 -1.212597907139810471e-02 -3.337559248207416784e-02 -4.559851207376932475e-02 1.032491563376640858e-01 8.221635687842837603e-02 -2.697623599984036100e-02 6.710382122184122000e-02 -8.510948530572675155e-03 -6.763815083245399568e-03 -1.075849156335517143e-01 -3.774450415538341957e-02 2.530624134039131598e-02 -2.172232929301372902e-03 3.304153104124910728e-02 1.619751073784779505e-02 -2.436992978249970590e-02 -7.321938590214500941e-02 -7.357124304284620719e-02 8.319556649204857060e-03 5.737827971341066119e-02 -7.822584308564627109e-02 -8.794192514148006443e-03 5.246661609527454584e-02 -4.514333422632902520e-02 4.559632723226570566e-02 2.230055604193363974e-02 7.321960878228847558e-02 -3.547683020521278513e-02 8.141891791411757368e-03 6.304079924864829099e-02 6.321319096233672663e-04 -5.749200737572323500e-02 -3.764931541725654793e-03 -9.276692025247336437e-02 7.888198838033570748e-02 -4.768654990664407921e-03 1.986559615300533335e-02 1.809353021499248869e-03 -5.311009639669706309e-03 -8.517091067603388410e-02 6.357378476113341448e-02 2.116222087677283037e-03 -3.721272841187280023e-02 -7.355347787117201552e-02 -9.075462522913081698e-02 8.772686536623561238e-02 5.189898666177567704e-02 -4.502842777625561121e-02 7.265884150659734919e-02 6.121264709390986103e-02 3.829287597880499244e-02 -1.838133126514638477e-02 5.805145535361989212e-02 -3.832202394270458473e-02 4.575562811528195023e-02 2.028687476705414924e-02 -9.472796707126991678e-02 7.690471486158071204e-03 -1.058948514296369258e-03 3.248925335647514373e-02 -3.862570788077861889e-02 2.149982348713233571e-02 -5.927545570114481355e-02 -2.399353172517817989e-02 4.447982325443063795e-02 -2.048409339440632540e-02 -1.085217321015625406e-03 -4.754500681579434951e-02 -2.303219646430582773e-02 -8.042021507170407993e-03 6.514652554374643356e-02 -4.827006226984389969e-02 -3.304049358133964200e-03 2.295856247869297248e-02 -8.175898840381747024e-02 1.075584492112216517e-02 -2.839047957015037454e-03 -5.403568624082850241e-02 -1.861118504815188757e-02 5.090567068176966858e-02 -8.601390556623990380e-03 -8.004324432396112132e-02 1.387049108049535212e-02 -7.348305511977692994e-02 3.908317187237752427e-02 -7.551199258135971037e-02 2.474446737366218022e-02 -2.210961888192503402e-02 3.528091267907934245e-03 -3.545284771387455236e-02 -4.601689602543190122e-02 7.062406163135118500e-03 -1.036115106076522865e-02 2.963662667787390556e-02 -5.058494377055477303e-02 7.540164992077202921e-02 -5.775974391437900535e-02 -3.764427271083745780e-02 6.104213868751130756e-03 4.642924066074711337e-02 3.745236001027110045e-02 -6.952108708998579190e-02 -8.445732183279910932e-02 -4.236376566630075530e-02 2.850019211546273631e-03 8.436243195733413806e-04 -6.466187032490647302e-02 6.629314234000126260e-02 -5.856322563330880471e-02 -2.668494184382387557e-02 1.567715737133575440e-02 -2.363389180448669316e-02 -1.896777355824092251e-02 -6.714953640901136223e-02 7.753693884491852893e-03 -2.729334333777186025e-02 -2.123495997575809702e-02 -3.882330992790954116e-02 4.739700317177485828e-02 -4.977232800580725508e-02 2.344604831100170414e-02
-1.107687844957284534e-01 -2.023770664556742011e-02 5.543240388758288728e-02 -3.034196928039932864e-02 1.889494263029944249e-02 8.771909132216634819e-02 -8.181857231045916445e-02 -3.373189190557120826e-02 2.599937090137034636e-04 -4.501538571364729902e-02 8.221635687842837603e-02 1.160404995496839842e-01 -2.240923110242166311e-02 8.675392175959921459e-02 -2.364459003274331159e-02 -3.570695892414434136e-02 -9.276530583106934458e-02 -2.741591947858032854e-02 -8.253315631557648843e-03 -3.015276798440008014e-03 6.025055127035382208e-02 1.353394108801054749e-02 -3.088070934553523595e-03 -5.141984660620441822e-02 -4.308235318347149179e-02 2.623792506955935355e-03 7.670993958126789969e-02 -1.133768683408929306e-01 -3.162688807700177879e-02 7.599833419564309966e-02 -6.811749103878332601e-02 4.046991382173115159e-02 5.283075200498139889e-02 9.878049235695791908e-02 -1.680197433831142825e-02 -2.527910339170213582e-04 3.744155444771455482e-02 -1.514793785963498146e-02 -2.472773945617767061e-02 -3.016637254157313736e-02 -7.710441906412049407e-02 7.005602494724208484e-02 1.146595159789269049e-02 -1.722279934933730865e-03 3.120444493675579144e-03 -5.263517039796035066e-03 -1.048376538771460253e-01 1.000468850823747202e-01 1.948095605846459483e-04 -3.714659416210727011e-02 -1.085960857836748977e-01 -6.826919707203488175e-02 7.959625327526882732e-02 2.068036184163118962e-02 -1.219932031992453959e-02 4.417077963325675288e-02 6.937217158105124515e-02 6.837957042050996082e-02 -4.539069444921383506e-02 4.102455465224801034e-02 -3.671176073605147278e-02 1.386192857444512420e-02 2.886555082428788818e-02 -1.081200980823459473e-01 -2.732275529490003907e-02 5.387547058450498257e-03 5.192193888718148187e-02 -4.004586052759152165e-02 1.839852387432144507e-02 -4.997465000697879495e-02 -5.387748694862293936e-02 2.078127195786574899e-02 -4.215686290092379024e-02 3.215112681788492854e-02 -1.550593942721160967e-02 -2.831437884979188732e-02 -3.136541340289007111e-03 8.535355574986160099e-02 -2.460373604135561096e-02 -2.056387025316792298e-03 4.080332092502807206e-02 -1.098738475218659361e-01 -9.602207740011787715e-03 -3.752873262501796661e-03 -3.349830409449371799e-02 -6.254561782595358804e-03 7.536732035960784504e-02 5.980677998840759450e-03 -7.803953166055130342e-02 3.893210561596123498e-02 -8.574386315515775125e-02 2.652784863754915554e-02 -9.305146711567449658e-02 4.057689279006478078e-02 -1.781604477159209887e-02 4.678068731301786992e-03 -1.106168462423965347e-02 -1.575261540578261343e-02 7.692981758271194744e-03 1.690451315449271324e-02 5.925425654880536741e-02 -8.410955019687493817e-02 6.105469036388593701e-02 -4.454385433266291189e-02 -6.098734084436173430e-02 9.115476777537471001e-03 3.338155571871012639e-02 6.261719840819938987e-02 -5.133378768532961128e-02 -1.183085705341885979e-01 -1.016061842106912722e-02 2.048464759511051808e-02 -2.459848858819502215e-02 -6.901300599227055965e-02 4.661743760456964897e-02 -5.458101990055951730e-02 -4.351385789655808772e-02 -1.922847241745619063e-03 -4.868968215231910673e-02 -1.185634515978763702e-02 -8.918347767374666668e-02 6.190674922086368374e-03 -4.545694553302926516e-02 4.416110710580047928e-03 -3.529950018175966736e-02 2.623316057899094042e-02 -2.950471332404673228e-02 4.028829960753046308e-02
