1.041094358876663711e-01 1.255065048479961018e-02 -5.273419110194693671e-02 4.386547839188847941e-02 -2.527934262093286047e-02 -1.033099596918885948e-01 7.886670949787036311e-02 1.180641142169584074e-02 2.321581395768190087e-02 4.797757042468710903e-02 -8.357347223015190729e-02 -8.618610999518555582e-02 2.549171278087392425e-02 -7.198129942280939719e-02 3.046567374966492950e-02 9.638831639739780729e-03 1.069847776987860183e-01 3.974876303702328667e-02 -1.383767864580048336e-02 6.841543549866686315e-03 -4.370837112463366037e-02 -2.067592146904109751e-02 2.341455584113550856e-02 6.415138627389077586e-02 5.683463485809620019e-02 -8.957823764467692448e-03 -6.634056107936150970e-02 8.373287175132776428e-02 3.568694710185770294e-03 -5.176083080414599358e-02 4.715326742460375364e-02 -2.202037206404023825e-02 -3.081526852106362610e-02 -6.759904759709320365e-02 1.760767335154184154e-02 1.994607670056939425e-03 -4.807228318100309483e-02 6.424901179646561739e-04 4.978049928728106588e-02 3.299912864158614789e-03 8.756009312537162137e-02 -8.079770183565783415e-02 -2.400355365371257405e-03 3.976084850419380270e-03 4.146845183268760976e-03 1.168772247741462281e-02 9.203506529515938228e-02 -7.453909252531155938e-02 3.319469978920186037e-03 2.973708115523523987e-02 7.456825408342897255e-02 8.605659430889940620e-02 -8.785656306684096195e-02 -5.253924739704276398e-02 2.264181815905339651e-02 -6.446446874880867872e-02 -5.887587552369933502e-02 -5.204564401546125235e-02 1.998426065919687092e-02 -6.254949969423262424e-02 5.252448372424563944e-02 -4.211907095332134005e-02 -1.793752113783691343e-02 1.065878537827846945e-01 -5.282244087947380456e-03 -8.720874147404923324e-03 -4.425842573145440800e-02 3.926646864738585208e-02 -2.454002634906553987e-02 5.904437942706319831e-02 3.017553628607577698e-02 -3.290677844964746274e-02 2.746623327047257104e-02 -1.428122535456177213e-02 3.780917338324318172e-02 1.696659109757983619e-02 1.302786457665537981e-02 -7.053409232345267399e-02 3.954084902736248325e-02 8.280070551865701192e-03 -4.236562637309321949e-02 8.716424335028163939e-02 -1.228176213993563762e-02 -6.291508145653907031e-04 4.321807949105221924e-02 2.488034892087047020e-02 -5.679977980913783475e-02 -7.497799249861652505e-03 8.054466301107837678e-02 -1.592857554807825676e-02 7.419868980193269903e-02 -3.090896497205035398e-02 8.504667133276110069e-02 -1.133216102918056106e-02 9.610993441705444756e-03 -7.456138224567545290e-03 3.293527017994096057e-02 2.957209198010945714e-02 -5.060622706452535223e-03 -8.458269264563853928e-04 -4.161393653458753117e-02 5.410386997209923332e-02 -6.700857309737853762e-02 5.980260806535201562e-02 3.795672149938336681e-02 -9.133176764264994835e-03 -5.010023760132641113e-02 -3.902207956002802514e-02 5.639227867380930403e-02 8.946743457264193233e-02 3.445610822221886749e-02 -2.334076107631692654e-02 1.019950076162725629e-02 5.528770227395393699e-02 -7.282356652467351921e-02 5.562984287720088711e-02 2.253953924873088391e-02 -8.656482443757759120e-04 2.926506747122072094e-02 1.743577095945761379e-02 7.621451589884045696e-02 -9.991797669268097717e-03 4.420468508459653861e-02 1.291047803092624374e-02 3.060510355526610896e-02 -4.299589652242723214e-02 3.683879430023016127e-02 -3.964792357207440332e-02
1.255065048479961018e-02 3.649579935224415983e-02 -2.813867733523534725e-02 3.829949999414031248e-02 4.023870173677434985e-03 -2.686716388257910995e-02 1.631077529745025845e-02 -2.582204627989035176e-02 -1.477839410692109723e-02 2.825002086435412368e-02 5.912369766033214076e-03 -3.854615435873435907e-03 -9.527813631325553895e-03 -1.237911760968961198e-03 8.685699468447551433e-03 8.934516613760032366e-03 2.809267281414172882e-02 -1.030461534887920291e-02 1.463093567259366422e-02 -2.349003672514394028e-02 2.461474527283684030e-02 5.219424190863389615e-03 1.294952844333424613e-02 3.279111348701665984e-03 4.366813979672968388e-03 -9.801352144392910110e-03 -1.306510961922906743e-02 6.214095392852139049e-03 -4.039334253365693683e-02 1.777126959256240812e-02 -9.297226248782500257e-03 1.167052975137349013e-02 -1.181715267185509156e-02 1.194806937166275305e-02 -2.862512236728569082e-02 2.843202440853107461e-03 1.724037783673679908e-02 -2.212350748484214619e-02 1.266717171750015442e-02 -3.134467571076710035e-02 1.458578866471005667e-02 -1.991346414833023923e-02 9.259027485091803067e-03 2.193866692948447800e-03 -2.085518357232542253e-02 1.704932485447927665e-02 1.039592666751030028e-02 -1.283693357107466501e-02 -2.031969148360404306e-02 -1.018450599578973013e-03 1.003905675331798761e-03 2.708111835441907519e-02 -2.869021732888459714e-02 -2.083328605258793348e-02 -2.967654032723427912e-02 3.904420861796089812e-03 -3.156949249611581011e-03 -2.006195460983934906e-02 1.362431557567285977e-02 -1.273120037944860082e-02 2.039637410116296526e-02 -2.036813403414270210e-02 1.324633421809247140e-02 3.333371056684331785e-02 -2.202204060166412444e-02 1.804743953975192607e-03 3.012026747460630396e-03 -1.573064917417293929e-02 -1.286204310896383110e-02 9.004015447020497637e-03 -1.993128295670684377e-02 2.087858296860824539e-02 5.842967392090453981e-03 -2.384099442997315681e-03 -5.908489017494971025e-03 -1.729537141510687978e-02 -1.592468218495742644e-03 1.354812011640403949e-02 -5.854677563205032929e-03 -2.101492746210422216e-02 -4.082687383701203571e-02 8.583437109223907013e-03 -1.086382078239326969e-02 -1.052769317782064305e-02 -2.032721329894689871e-02 3.526855099085247219e-02 1.057981591933968013e-02 -2.203344632491304866e-03 1.238174523604370324e-02 1.870504528837242317e-02 2.433210104919803982e-02 2.659136941245862987e-02 1.288370300394384160e-02 9.455476172687802411e-03 5.406387901497600439e-04 2.237278778855830014e-02 3.348132778327105735e-02 -3.031773519531499525e-02 -2.580638487108862650e-02 3.928208296349313886e-03 -2.050235191388871323e-02 9.141827985446342522e-03 -9.892972783637699746e-03 1.228752755738842135e-02 1.083631836142271918e-02 2.514400500577423231e-02 4.381066378937631574e-03 2.432423546014956389e-02 -2.549686685637087696e-03 9.197365725531033570e-03 5.716658019692856182e-03 -1.298780002884202846e-02 -1.230798497572553607e-02 -1.432269821834403168e-03 -2.105245156189490541e-02 4.070583716812420372e-02 -2.563550255096359864e-02 3.558217814137690227e-02 3.302142189266847085e-03 -1.353505177616919075e-02 2.365931237254870201e-02 2.675933440665766855e-02 2.321194063927205925e-02 -1.006068777302109724e-02 -5.665957792137949096e-03 1.293234286948013838e-02 -2.900257395889716330e-02 -4.122037517517755482e-03
-5.273419110194693671e-02 -2.813867733523534725e-02 7.824567412688311629e-02 -5.300775741069015112e-02 -4.822219122067515802e-03 7.978666542808861284e-02 -4.026025664260636516e-02 1.016042582238796399e-02 -1.166659202665851040e-02 -5.282836860222854536e-02 2.238871855965245128e-02 4.097043417533588472e-02 2.856071513179940773e-03 4.211661431401814842e-02 -3.694979747509747475e-02 5.762294868853981220e-03 -8.618349204099820526e-02 -3.262165428611761564e-02 4.713192527226046404e-03 1.577154473782452909e-02 3.319558503261883786e-03 8.966817063122323531e-03 -4.973887298864556120e-03 -1.153518481986340154e-02 -2.900141163681653478e-02 7.569804033234294946e-03 6.703479157489934670e-02 -3.592071527303817430e-02 2.668775478183120151e-02 2.692386064142519159e-03 -2.039435617140111789e-02 -2.255934759030067682e-02 5.180325884281614113e-02 9.512534136958523956e-03 1.086451105033197501e-02 1.813716419447783520e-03 -4.421748702970670040e-03 7.080563300690567718e-03 -3.191679719653640196e-02 1.602527606821589970e-02 -6.127445667173477689e-02 7.452433365982891189e-02 4.014943711281355088e-04 -2.951200484372734981e-02 1.269571082206898474e-02 -4.928684847559840904e-03 -5.327793748197146018e-02 3.991467711930363205e-02 1.539476965835181142e-02 2.725399785466980397e-03 -3.179716477020563814e-02 -6.298264134391236280e-02 7.823206434233583029e-02 3.827004129934578891e-02 3.095323136188025612e-02 5.856198341922821612e-03 1.733281635976882673e-02 6.359910644397046009e-02 -2.847192566633943017e-02 5.134651595861859652e-02 -5.504139107273509773e-02 3.190613759709098884e-02 2.866305534397341898e-03 -9.130676715609045702e-02 1.268705160748975769e-02 1.446104608612156818e-02 2.598472060143892579e-02 1.356711985606760644e-02 3.114832459831155462e-02 -4.089954196539543479e-02 5.040164119937073917e-03 -1.406532644344602595e-02 5.522499561261189592e-03 1.056785052708389579e-02 -1.149116689305833793e-02 1.250650586983114050e-02 -1.552454720510627190e-02 1.592477706648282379e-02 1.034878512227557085e-02 1.355451817389775361e-02 6.713503990571152713e-02 -4.034079189807710658e-02 3.147624602496075508e-02 -1.245808743546746554e-02 2.345316660917146166e-03 -3.345456251081148358e-02 1.036123251523892071e-02 4.099388169467439030e-02 -7.222093141063637423e-02 -6.417067143776121474e-03 -6.766776484924978685e-02 -5.004528655208021794e-03 -4.958571933467228326e-02 -2.165798194120537035e-02 1.402099054596256909e-02 -1.882890891215243181e-02 -3.116715522948470748e-02 2.718246880084075265e-02 2.060282731087507285e-02 2.840321321790461109e-02 5.996154625576776559e-02 -3.218887274038852164e-02 4.559677677110109129e-02 -3.694632421308172154e-02 -3.967033695972618790e-02 -1.441960793329669262e-02 2.828428479407000054e-02 -7.222178266148286674e-03 -2.095772687450065536e-02 -4.075247338376201262e-02 -2.444570721243585765e-02 4.625758510537846674e-02 -1.202617857820460594e-02 -1.125287706453282147e-02 6.407434548529865326e-02 -6.604312547587359861e-02 1.438649590741228682e-02 -2.742423619968224063e-02 -3.920037928227301793e-02 -8.877612446878235808e-03 -7.065414023533506116e-02 -1.553707133699999687e-02 -6.033586836079071064e-02 5.325063468438014612e-03 4.559492996352510971e-03 2.687975871148983245e-02 2.028633642525949285e-02 3.930230186104553131e-02
4.386547839188847941e-02 3.829949999414031248e-02 -5.300775741069015112e-02 5.713330201293309596e-02 4.255851926758613159e-03 -7.157313127856505808e-02 3.471375843556321478e-02 -2.194266400637339548e-02 9.638331504090663290e-03 4.757050214896212798e-02 -2.072025282549674191e-02 -2.278988944974286168e-02 -6.223752317416481050e-03 -1.941968336738630896e-02 2.376600967571549164e-02 -2.745333031969987830e-03 7.610431436960742035e-02 1.650514037650710475e-02 -5.531706794562942300e-03 -2.473673210520756921e-02 1.494643794666335006e-02 -4.871724103092229217e-03 1.691912676204367777e-02 2.193771880663886523e-02 3.040051233381325241e-02 -9.153974516542356249e-03 -4.114629529757585918e-02 2.203765260880455323e-02 -4.234738480852993925e-02 8.080333250852979321e-03 3.141370167784937519e-03 1.603043529153058006e-02 -2.977978785734830547e-02 2.976750848440815229e-03 -1.491857107404180247e-02 3.006221899185080020e-03 -2.415305881271628558e-03 -2.169164904449404074e-02 4.090601095235103790e-02 -3.141572804999420709e-02 5.260805812307688123e-02 -6.106754913772537846e-02 6.021315537841028832e-03 1.070661241974273439e-02 -2.165966634625896697e-02 1.508546505405612866e-02 3.346461272509787532e-02 -2.378169608889863992e-02 -2.284871172435316497e-02 -7.396874153152832978e-04 1.571205651847975074e-02 6.325899128595760534e-02 -6.891939220702601732e-02 -4.970731579301442687e-02 -2.071005603910184428e-02 -1.870009214331539230e-02 -1.419505673207205852e-02 -4.259085638422312192e-02 1.743689552998264891e-02 -4.868024710382268250e-02 5.018853257802136786e-02 -4.643541726081039378e-02 1.317310274731829309e-02 7.467195102536629270e-02 -3.489547448118357487e-02 -5.550740248696171483e-03 -9.985624583802152690e-03 -1.098460642155779134e-02 -2.269431903398874684e-02 3.144485448317157344e-02 -1.548693103460082633e-02 6.651268136226863234e-03 -1.704976906824685412e-03 -9.090452479300738589e-04 1.648860750605531111e-02 -1.949168218776265935e-02 1.299656443670800000e-02 -2.976305564103800833e-03 5.743041648748708995e-04 -2.113093208298368400e-02 -5.623264952676463452e-02 2.738357093012312379e-02 -2.939710571687356722e-02 3.205787567409368495e-03 -2.313560857466511085e-03 4.598747900491408774e-02 -1.853186505818775259e-03 -1.555497946035081999e-02 5.318863561131890322e-02 1.972927577006949179e-02 5.406036538528315866e-02 1.271538014485507594e-02 3.294911810091850912e-02 2.036914416361419039e-02 -2.425863691614350750e-03 2.579762485722431400e-02 4.720254048509847644e-02 -1.839545611174155104e-02 -2.959740501743589325e-02 -8.030066479974756755e-03 -4.047188408184860392e-02 1.544162015820498696e-02 -3.888070769205219379e-02 3.303203097613637007e-02 2.424118129155140161e-02 2.500696036399102651e-02 -2.266701411684687514e-02 1.831601693733424241e-02 1.726869702098538656e-02 2.684642747927043840e-02 3.145610344582595169e-02 -2.753316418263553750e-02 -8.114046257223834005e-03 8.670508366689956559e-03 -6.040967265970589861e-02 6.618149725845356990e-02 -2.304572362158397586e-02 2.838229144489116604e-02 1.736483483633107991e-02 -1.456263974272160736e-03 5.074310900148901182e-02 2.525286268829607730e-02 4.052705331193031529e-02 -1.249354595895919243e-03 -2.784123677648653664e-03 -1.594424484909404138e-02 -1.759670634565420333e-02 -2.376027806751355304e-02
-2.527934262093286047e-02 4.023870173677434985e-03 -4.822219122067515802e-03 4.255851926758613159e-03 3.522368698016013072e-02 -1.192348707338876249e-03 -2.965651809658213095e-02 -5.931797898982806537e-03 -8.562576999825590287e-04 9.063193373759166616e-03 2.183707236655051120e-02 2.131955560515072512e-02 -3.113881443728070200e-02 2.303582125243375592e-02 -5.306483832831045307e-03 -7.341997948790432785e-03 2.753939938206920960e-03 4.215908545127870777e-03 -2.344664104741533799e-04 -2.867850712101082528e-02 2.674578705803563189e-02 1.708223618636079202e-02 -7.647174370183260420e-03 -2.126969884139336478e-02 -1.251990141026581432e-02 -6.907246362784891886e-04 6.910570061700180983e-03 -2.250865833034965471e-02 -1.559375981334310858e-02 2.955740060189579119e-02 -2.221186627410328546e-02 2.389006531330713570e-02 -1.510425437148997518e-02 3.171586392598973320e-02 5.652214232112838521e-03 -8.590901440602647862e-03 1.720530503667126038e-02 1.121141922949443846e-03 -2.510089829600986935e-03 -5.853658164776964073e-03 -4.088430639219583183e-03 -8.584370464717501481e-03 9.284329633544951112e-04 3.930119071017813305e-03 -2.561454519339388322e-02 -1.310313031601478134e-02 -2.915572611918462384e-02 2.031281819650186324e-02 -2.652056072258401551e-02 -3.389317140731940708e-02 -1.678121558016512638e-02 -6.579018972214386966e-03 -5.171061299440478723e-03 8.742946659027874077e-04 -1.877904703484151519e-02 2.143475952265818524e-02 2.163964861665319817e-02 -4.576839728177699643e-03 -1.313462893847798507e-04 -6.590567589557879379e-03 9.274291162483003226e-03 -1.494677064378796159e-03 8.208008036123502771e-03 -7.865020966441331821e-03 -1.021460582886203443e-02 1.203275770212116833e-02 1.904028628135408935e-02 -3.823210454604444863e-02 8.742809118395452120e-03 -4.218538863428190899e-03 -1.538177324927508631e-02 1.413939838709642183e-02 -3.088155152832815914e-02 4.436782239569554524e-03 -1.100211442502211333e-02 -3.229922847887967824e-02 1.537414027328152404e-04 3.545987976612691855e-02 -2.360063277110397220e-02 -2.833084479315180204e-02 1.478896346631684670e-03 -2.508362515744441690e-02 -1.333368171162765264e-02 2.377817867346359790e-02 -1.554483594022528468e-02 4.724311860361398580e-03 2.010544862184315135e-02 -7.121813619097665769e-03 5.228384180351503679e-03 1.690872242554381649e-02 -6.706168053600174844e-03 1.029257415336055047e-03 -2.847777014734528475e-02 1.685813358455859681e-02 5.661376220177652234e-03 3.255497214439999343e-02 7.947512352743253119e-04 -2.290400650285267375e-02 -2.498433201940501378e-02 -1.556888515076012940e-02 -9.674867445533434987e-03 -1.253572976025192631e-02 6.364755362071336173e-03 -8.113118984990253316e-03 -2.919878416121160416e-03 3.056879168627071874e-02 3.473007457987376499e-03 2.447183288898055128e-02 -1.429201519131226804e-02 -2.213749549578345605e-02 3.224458017214116342e-03 -4.249968440368423386e-04 -8.322872453638307730e-03 -3.597626732430772578e-02 -8.088071194139314496e-03 1.285169261328078863e-02 -2.151927951937289765e-02 -3.607549032009819100e-03 9.203401947489139173e-03 1.452476104798140289e-03 -1.215331854049715374e-02 3.046484685711741899e-02 -2.627345259054334088e-03 -5.906775445087151556e-03 -3.385449540273774427e-02 -4.093826149450956013e-03 -3.106287377143513578e-02 7.116341787786171352e-03
-1.033099596918885948e-01 -2.686716388257910995e-02 7.978666542808861284e-02 -7.157313127856505808e-02 -1.192348707338876249e-03 1.425998011679732724e-01 -6.816442383802653882e-02 -4.353745842270560383e-04 -4.871219422248849323e-02 -7.502022391748747188e-02 8.081379238395915154e-02 7.340892112685944160e-02 -2.269907716929444891e-03 5.995953323018442943e-02 -4.488932378913513405e-02 1.216853367006814728e-02 -1.529407610725485867e-01 -6.420996592161022642e-02 3.762542578570124419e-02 2.215488793576462709e-02 2.064773902731844787e-02 2.349481653048925839e-02 -1.718838968046920018e-02 -5.845516575954376459e-02 -7.624469324261289038e-02 4.543733581698200345e-03 8.864556752791548366e-02 -6.872942725537710407e-02 2.035803230555159257e-02 2.914989347623817006e-02 -3.196930847362737527e-02 -4.160926224718352988e-03 5.972936293349462994e-02 3.975930393613697628e-02 -2.337328483725576236e-02 -3.868647366830661998e-03 4.422592428776773998e-02 8.665593433686596264e-03 -8.095665306384504378e-02 1.262162776403132070e-02 -1.186681569344251036e-01 1.234348223343889744e-01 8.705091950261442321e-03 -1.688007990890497134e-02 2.042496055706539276e-02 -8.043141414946591156e-03 -7.972510866513909944e-02 5.701988591661689976e-02 2.360024547642890907e-02 -3.590673175149965233e-03 -6.158124489197665252e-02 -1.161903030551845739e-01 1.279327392637057692e-01 8.492409358486832649e-02 -1.055304297413243997e-02 6.363432654947413780e-02 4.630734822804402628e-02 7.944082551177247820e-02 -2.960456693683086865e-02 1.012587291943803369e-01 -8.856198100441366183e-02 7.646381072919722355e-02 1.472999897695664124e-03 -1.391763821878748142e-01 3.708898709438745306e-02 1.430786421961336742e-02 3.594802169661232005e-02 -1.131824278579502199e-02 3.222253801422238217e-02 -6.634201789067424582e-02 -1.215814472561813596e-02 2.626777388908104263e-02 6.532505075459282134e-03 3.577771779047943766e-03 -5.586447691393262721e-02 1.514813301562721766e-02 -3.207644184081091115e-02 4.956734560762168784e-02 -2.197715042189786819e-02 1.776088473910350171e-02 6.226527442352242092e-02 -7.554464122923283675e-02 4.286868721205968485e-02 -2.859322190757499979e-02 -3.680599783643746792e-02 -4.606309305097001927e-02 4.283254099537538856e-02 2.692510453412133228e-02 -1.172424376964726622e-01 -4.797589116335355952e-03 -1.006301119765989349e-01 2.867021403016318387e-02 -7.289983459178815683e-02 -1.728803241167097340e-02 -3.294607903139238486e-03 -2.643711893571986868e-02 -5.499408323899654394e-02 -1.726090281451291009e-02 3.265888192861884920e-02 2.641126904331332625e-02 7.146393131206121851e-02 -3.845650026446162384e-02 8.648014110829098378e-02 -6.619185256507606474e-02 -5.365321501043566338e-02 -1.895630152443471966e-02 7.175359672378475717e-02 1.647388650720907344e-02 -5.385897041204824182e-02 -7.676611310262895782e-02 -6.655143098211353803e-02 4.159960826799700279e-02 5.647373922734495602e-04 -3.683950817249661419e-02 1.179596574946265158e-01 -9.311086367601865976e-02 -2.493509060767238553e-03 -2.343048411507392154e-04 -4.753581085339719098e-02 -2.068882465816604746e-02 -9.551987840044605382e-02 -1.712355105723899207e-02 -6.036337649861203691e-02 -9.574981609424996348e-03 -6.600177717958184698e-03 6.829027194521004873e-02 -1.723571372462358656e-02 5.669957932920682148e-02
7.886670949787036311e-02 1.631077529745025845e-02 -4.026025664260636516e-02 3.471375843556321478e-02 -2.965651809658213095e-02 -6.816442383802653882e-02 6.924852675633777488e-02 3.953419289318563581e-03 7.670355089082179362e-03 2.867681091316042971e-02 -5.911809384811685109e-02 -6.825351098219838153e-02 2.658395703999483564e-02 -5.389459072551611857e-02 2.015598045477285521e-02 1.453277833015134170e-02 6.929402539054746457e-02 1.523119052502684007e-02 -1.061639163447486954e-03 1.208952361531290091e-02 -3.152343523219112986e-02 -1.930767645530494583e-02 2.018092469416507551e-02 4.847726181091222691e-02 4.028656895166508878e-02 -2.996966661344848022e-03 -4.663847270415606705e-02 6.739108205505237037e-02 -1.112143220091794948e-03 -3.890971490128761201e-02 3.392341916971453736e-02 -2.443576688775104047e-02 -1.953229269552612946e-02 -5.341511718616337445e-02 6.917223416818658269e-04 8.459205260175694380e-03 -3.238722098682769723e-02 -4.056122870825794834e-03 3.299761768684919550e-02 -2.126870085316592655e-03 5.430265424330926044e-02 -4.903076446856333842e-02 1.636666701938664908e-03 -6.072951822210273217e-04 9.893451674157246675e-03 1.817951054795364715e-02 7.159491391444142150e-02 -6.172242764429900636e-02 8.504048954168740709e-03 3.285672396505013443e-02 5.820213260431331831e-02 6.285574137888683133e-02 -5.610713433126369998e-02 -3.641636678497935792e-02 9.842990868005203550e-03 -4.606440604049263227e-02 -5.322466455383609296e-02 -3.898078366675697404e-02 1.742289442037333463e-02 -3.462412286716518017e-02 2.974899613543348018e-02 -2.842575303380999799e-02 -1.414293007002874816e-02 7.780289528883066463e-02 -1.697726335476736331e-03 -1.110799368194441070e-02 -3.082699547189610839e-02 3.683202777779239628e-02 -2.551833069917836330e-02 4.046065100575993445e-02 2.143887593140168801e-02 -2.122075217345684509e-02 3.397405030164241807e-02 -1.212793339818812009e-02 2.301696596506527456e-02 2.230050686530803475e-02 1.018438049940544564e-02 -5.232510176193477108e-02 3.090272333102613012e-02 1.246363287504941887e-02 -4.073254938534088404e-02 6.960225468219442824e-02 -4.239774053743067261e-03 -1.504648044452397242e-02 2.759621969532703376e-02 2.263090812362996210e-02 -4.170085252626233585e-02 3.970338382728568551e-05 4.915316726599074093e-02 -1.040692183823949298e-02 5.539012257835961017e-02 -1.382265038925294294e-02 6.644111805773932067e-02 -1.189535530325783186e-02 3.641114959021493711e-03 -1.387179902644788618e-02 2.885040168715969841e-02 1.580795068900952421e-02 1.962280263474594413e-03 5.560263194235299904e-03 -3.016679220788985594e-02 4.465774515677657652e-02 -5.006911037062608538e-02 3.892189025903235872e-02 2.807301816361444310e-02 -1.334626410096601684e-02 -2.454223132184006617e-02 -2.750343513242063317e-02 4.162754195177931910e-02 7.120623089657324156e-02 2.044132295073946420e-02 -1.524781049975038050e-02 4.488277963869889871e-03 5.198892247826401858e-02 -4.247430449073633096e-02 3.654484645234352264e-02 1.393618188883959802e-02 1.093195260784667229e-02 1.918547608659904383e-02 7.664231941425559986e-04 5.750866601532900191e-02 -1.308269550760618113e-02 3.359233450651612218e-02 6.030421484187175815e-03 3.170539559517443484e-02 -1.587238477321594593e-02 2.734921523757459505e-02 -2.627760518426831837e-02
1.180641142169584074e-02 -2.582204627989035176e-02 1.016042582238796399e-02 -2.194266400637339548e-02 -5.931797898982806537e-03 -4.353745842270560383e-04 3.953419289318563581e-03 4.039843651848891437e-02 1.651992969466187927e-02 -1.257406016875732557e-02 -1.647011299517811556e-02 -2.717245447575379266e-02 8.081593690646518904e-03 -1.106593405037074179e-02 1.112168030260727268e-02 2.836531248712928933e-03 6.037514981588970814e-04 2.327344790280990589e-02 -1.318628511935614721e-02 1.690159653920148691e-02 -4.542723109727472841e-02 -1.348391686013841913e-02 -2.045513734826998400e-02 6.903386853343042133e-03 9.982501326915029730e-04 1.733186796934836973e-02 -1.136557319151981771e-02 2.569545644921302982e-02 5.037612597772533202e-02 -4.340248165800478231e-02 2.905971529333023842e-02 -9.389158245164548264e-03 -7.298570327062289462e-03 -3.277650821930144093e-02 2.740058762153926158e-02 7.507517565085782864e-03 -2.435315722047180775e-02 3.420067897962708603e-02 -3.074735525101049438e-04 4.492121917436953105e-02 6.708887764819630554e-03 -4.873709163758017937e-03 -2.412725974453994865e-02 1.005938589062722183e-02 1.364448811779400694e-02 -1.921400187666982146e-02 1.154404592845342803e-02 -1.086179715596229979e-02 1.376404433830803048e-02 2.052270775703403556e-03 2.822709879211519890e-02 -8.598967436485010357e-03 8.828650987466758054e-04 6.668036740899860142e-03 2.534889622341546245e-02 -1.456976261105550480e-02 -1.078758670555979814e-02 -1.013780338558083194e-02 4.661658872658149683e-03 -1.004642257352014213e-02 3.791690864921322401e-03 6.438076837772547557e-03 -7.714952371948209826e-03 2.213190239917874492e-03 1.871689450837386165e-02 -8.195901912480494170e-03 -2.130444746864137984e-02 2.698314371884183091e-02 1.334379817924170181e-02 -3.310868404488022734e-03 4.397058741562136219e-02 -2.377630327050672676e-02 5.876951515955039160e-03 -1.563743670122397580e-02 1.223358409180923430e-02 1.379970673746893674e-02 1.173957569403165369e-02 -3.998462521424365340e-02 4.588540186211681818e-03 1.536784438674131115e-02 2.392051567044241323e-02 2.100492171526028781e-02 1.211476264563884561e-02 2.006573817063167856e-02 2.568870370010730569e-02 -2.865029239193642163e-02 -4.067427187066007671e-02 -5.186669809279125139e-03 1.303021296734598912e-02 -3.016727549689288482e-02 -2.514697702724142192e-05 -2.932281412638563373e-02 6.862145331521516886e-03 -1.303404760897264314e-02 2.122012717526638309e-03 -1.380820026563794704e-02 -2.722438280329057478e-02 3.038687895147993562e-02 1.699619866012677671e-02 -2.344351197238605036e-02 -7.280278549224221928e-03 7.310388349344912502e-03 -2.389681151217467204e-03 -6.020843249815760641e-03 1.112909916658981480e-02 -2.044353041307250818e-02 -2.117881330186110328e-02 -4.584084292462279470e-02 6.283385653814816361e-03 2.372066867191092998e-02 2.861887745185184850e-03 -1.661562528571106914e-03 2.046266141534629213e-02 1.578217815145352768e-02 -3.374979290571833695e-03 -1.932786000664645995e-02 4.246689077789093936e-02 -3.248922113387557598e-02 1.514009534701251866e-02 1.265091062624665134e-02 6.293946169645539719e-03 -2.202527849690116488e-02 -8.887913710342709023e-03 1.740345227081996999e-03 7.855276436600300630e-03 -2.078536702826256147e-02 3.160954870480459089e-02 -2.054056038016971800e-02
2.321581395768190087e-02 -1.477839410692109723e-02 -1.166659202665851040e-02 9.638331504090663290e-03 -8.562576999825590287e-04 -4.871219422248849323e-02 7.670355089082179362e-03 1.651992969466187927e-02 7.320242886406594374e-02 1.389292241781362597e-03 -3.513907660465797472e-02 -1.792337249837660726e-03 7.861046003253737563e-03 3.582270271929451858e-03 2.036731333786113290e-02 -4.298553881809135530e-02 5.580678464723651949e-02 4.966222250363880319e-02 -6.775744298098594631e-02 1.064096202543106731e-02 -1.726349791759671654e-02 -3.788614120460980644e-02 -1.258148116188134540e-02 2.336369790980704145e-02 5.212372732705453093e-02 3.006330829062460117e-02 -2.981485570380331546e-02 -4.035747949822999017e-03 1.620649282147692757e-02 -1.513550356163729030e-02 6.801585492749905731e-03 2.845847147347227175e-03 -2.051138537525877201e-02 2.435004102267372683e-03 3.984730000862662241e-02 1.965823569408021304e-02 -4.935092439299929024e-02 5.731098869302683231e-03 6.098161349739893156e-02 1.252361536416247111e-02 4.580676754241547882e-02 -5.026859665228389229e-02 -2.162804254075876773e-02 1.160810965146847826e-02 1.240145062435783763e-02 -7.533829747761646572e-03 -2.208758848698868030e-03 2.551495999567016115e-02 5.662147906534845641e-03 -4.278284980247871842e-03 -2.482932827296570420e-03 4.557611166299945643e-02 -4.023336523752812921e-02 -5.454862497561380197e-02 3.819551113961600075e-02 -4.421672840294674917e-02 -1.053539702051551133e-02 -2.386677492778769769e-02 -3.346365584919818760e-03 -5.897632825862599015e-02 3.866333281950035117e-02 -5.586181494882425796e-02 1.339390242832704664e-02 3.789077654613061397e-02 -3.678751943400451752e-02 -3.034845707984298521e-02 -5.930521861436279310e-03 2.058560553848643240e-02 -1.256701701952238001e-02 1.056272076579997318e-02 1.045566729977373197e-02 -4.334095114219428668e-02 -2.878326284871667029e-02 2.012655090942845962e-02 6.178608188097030329e-02 1.406294007562215818e-03 5.000174927928902752e-02 -1.892461236543600128e-02 6.348012613001000753e-03 1.187913858557564095e-02 3.928291721503079058e-03 1.428564786031724524e-03 -3.624827748645472608e-02 3.688671528972639613e-02 4.072877385357820401e-02 2.879054667040056685e-03 -1.505855550722497854e-02 -1.620671259860781768e-02 5.252998833215358904e-02 5.277433506848076307e-03 3.169141600309810514e-02 -3.068423587203786621e-02 -7.493007233796885810e-03 2.868750303740864871e-02 -1.727015940203539476e-02 -4.352322084386850420e-03 1.380451453906697719e-02 4.573179201860963494e-02 9.950952583122287323e-03 -3.313143123809418611e-02 -2.133706358493890273e-02 -2.953979006977651769e-02 -4.457773167548805676e-02 4.561600947817205653e-03 1.443119842435589342e-02 -1.580641018573664819e-02 -4.989625816327575986e-02 -1.422508942172635675e-02 2.362727893307911900e-02 -4.192491989706973940e-03 6.396554432521575628e-02 -1.299154427425805447e-02 -2.541363139470554505e-03 1.814587352210195875e-02 -5.705857681343863563e-02 1.137696384759231266e-02 1.375725050159429252e-02 -3.809767801572114948e-02 1.706566376425871362e-02 1.233282345117687161e-02 2.066279206637978288e-02 -2.036166886266229173e-02 -2.823046496184883824e-04 1.815153533363968522e-02 6.845749714724715107e-03 -5.646834344373657943e-02 4.352679959073021271e-02 -3.545119788655620718e-02
4.797757042468710903e-02 2.825002086435412368e-02 -5.282836860222854536e-02 4.757050214896212798e-02 9.063193373759166616e-03 -7.502022391748747188e-02 2.867681091316042971e-02 -1.257406016875732557e-02 1.389292241781362597e-03 6.445604096532644989e-02 -2.560543733415110434e-02 -3.519640998878587751e-02 -1.046961022802326419e-02 -4.008155934889879451e-02 3.269261937567517068e-02 5.156515844801274479e-03 8.269267825558047902e-02 2.987463374911652342e-02 1.786185151476903533e-03 -3.155449884536852545e-02 -9.847549849300060547e-04 2.695913729859390675e-03 8.869834826969326402e-03 1.543819682197438738e-02 2.607002402602484267e-02 -2.296475799671076831e-02 -5.590973720306358780e-02 3.554739858996611157e-02 -2.503758868835265217e-02 -7.440030817578583214e-03 1.732318543995751969e-02 1.546547559087561689e-02 -3.613774501604471306e-02 -1.944676902868229876e-02 -9.223044804403316213e-03 -9.479132690880557113e-03 9.290743323532699507e-03 -1.189903229987688063e-02 2.637617647803205609e-02 -1.876439557005192549e-02 6.752780462781310389e-02 -6.552620440950245040e-02 -3.632351524170273835e-03 1.729131170796818426e-02 -2.959894609464259335e-02 7.693741623700254238e-03 4.940187618186466650e-02 -4.055933936145379726e-02 -2.641797972389527474e-02 -4.224817185708377998e-03 3.019165155696157746e-02 5.350358766153795465e-02 -7.414195967404213494e-02 -2.983202928352184785e-02 -1.730891859801950150e-02 -9.183485453614330038e-03 -7.696114217272472142e-03 -4.742542347006819398e-02 3.073592048370349730e-02 -4.673854237744350104e-02 5.041632767205687232e-02 -2.546088228122486696e-02 -7.983401928344076521e-04 7.962140030550632352e-02 -1.061341889500833600e-02 2.336306323100900435e-03 -2.580492309953485303e-02 -1.361750264873421226e-02 -1.299035064774661276e-02 3.281927861305188043e-02 -3.836666784668852758e-03 1.861919422209350888e-02 -1.617059410832155739e-03 -1.068937341556026877e-02 1.041822748739142275e-02 -2.385702869066824716e-02 -5.334637154336764435e-03 -2.115140962908987343e-02 2.988961328865424524e-03 -2.674849108968298597e-02 -4.524384110727375924e-02 4.043033182113373036e-02 -1.339978262472912331e-02 1.056091102532257832e-02 -7.909966586491398027e-03 2.986953987640969879e-02 -1.410309324695105913e-02 -2.418506096574282727e-02 5.824583752433713790e-02 -8.232068551505089364e-04 5.767876902971830200e-02 5.468585588671765613e-03 5.047670208471262410e-02 1.561832180100101476e-03 4.625398539753017638e-03 3.166120114135043823e-02 2.872359000829169048e-02 -1.714298342253195787e-02 -3.575739477006491945e-02 -1.158774178944211274e-02 -4.530843891943837215e-02 3.241145879106457905e-02 -2.773903145302032344e-02 4.476542916930825039e-02 3.931130956098233958e-02 3.017404046989156929e-02 -3.520786291268258872e-02 -3.018074863569313103e-04 1.196992201042353793e-02 4.199394147004287259e-02 1.363973915508537825e-02 -3.499523677356730644e-02 4.228210306167940434e-03 4.658136021053380614e-03 -6.161480137013247704e-02 6.710869840639072104e-02 -3.876599229652846756e-03 2.456843814195151451e-02 2.668771687711647342e-02 1.438462005064549548e-02 6.401432186291368398e-02 3.156067983207684613e-02 4.984548371353405422e-02 -1.054673613806231605e-02 -7.670476139897555203e-03 -2.745075637378021141e-02 -2.116791533249381269e-02 -3.219641501174869830e-02
-8.357347223015190729e-02 5.912369766033214076e-03 2.238871855965245128e-02 -2.072025282549674191e-02 2.183707236655051120e-02 8.081379238395915154e-02 -5.911809384811685109e-02 -1.647011299517811556e-02 -3.513907660465797472e-02 -2.560543733415110434e-02 8.460678697264592540e-02 6.754588239954044393e-02 -2.443012560418413026e-02 5.304266922607803192e-02 -1.305831469767026846e-02 -6.639195707933434826e-04 -8.462220240476525657e-02 -3.623442379328738194e-02 2.734598530936779848e-02 -1.223326297947861449e-02 3.834275905253878985e-02 2.274292048536969216e-02 -1.847522511644141691e-02 -6.116750944486196162e-02 -6.073309545828841499e-02 -6.922233000045151024e-04 4.458167470789911602e-02 -6.535043469547542616e-02 -1.668359884721729719e-02 4.552774225769184308e-02 -3.123268323153131562e-02 3.517981637636877212e-02 1.827127839863883565e-02 6.134117828887473978e-02 -3.666686417745971399e-02 -4.074233062981854128e-03 5.800742680651451572e-02 -2.483985023905720471e-03 -4.793054156264223153e-02 -9.560912256442058096e-03 -7.233951891281703572e-02 6.124470558767525913e-02 4.397309830791699611e-03 1.118519598187527227e-02 -8.901556724970860826e-03 -8.505685246835113789e-03 -6.498552712346039595e-02 5.135012813099600754e-02 -7.223222065457448118e-03 -2.601737113641888061e-02 -6.012049798377647886e-02 -6.965806668722746009e-02 6.155610318036541795e-02 4.477490743080675406e-02 -4.418068260217416360e-02 6.810802946768271249e-02 5.569585843915293710e-02 3.103012847273436264e-02 -8.258410129911651631e-03 4.922880222001449479e-02 -3.165545874932761128e-02 3.701987688202185156e-02 2.091974077880577598e-02 -7.382161276913992709e-02 3.831184250122204264e-03 6.680492790098586930e-03 2.610584446725704513e-02 -4.254519038952433302e-02 1.762611834310522443e-02 -4.567331611398102453e-02 -2.866654772234780366e-02 4.651150990594864892e-02 -1.617018940975182076e-02 -4.597104732064954198e-04 -4.590393594148482054e-02 -2.015695382775860300e-02 -1.586166346005042985e-02 5.901695363452245241e-02 -4.494902999613221289e-02 -1.289561601004897071e-02 1.043164869338547573e-02 -6.825813804839891974e-02 7.405657214454954181e-03 -4.407643717318864181e-03 -5.141276592282905539e-02 -9.281027367886105980e-03 4.906137933716370886e-02 -8.180069373291149609e-03 -6.114335252524794040e-02 1.355759223754396912e-02 -5.323684464300298264e-02 4.499434248547284909e-02 -5.805796701349336814e-02 1.471113229241843151e-02 -1.326783595718127040e-02 1.194989958466523630e-02 -2.201118291648769543e-02 -4.897759582033544418e-02 -2.055597638409437013e-03 -5.272463499737911445e-03 2.150541791824286952e-02 -3.475322855733428695e-02 6.118479336294478654e-02 -4.419708380232954814e-02 -2.622316402798714752e-02 1.456199666031476533e-02 4.497662014586740337e-02 3.967733067380693757e-02 -5.401124180620813647e-02 -6.946289160532891083e-02 -3.803516191319111783e-02 2.246056734411577306e-03 2.168226137762126454e-03 -5.191960933752647750e-02 5.629035527896557312e-02 -2.730406858856520430e-02 -2.622758498273259839e-02 2.444260644670248964e-02 -2.097214635304528799e-02 -1.485065425324377103e-02 -4.806024084732460344e-02 1.668789179138137346e-02 -1.774299025737281071e-02 -1.811548272977208870e-02 -2.924999181775347207e-02 4.484919982686549900e-02 -5.165800082597780951e-02 2.461804360016563165e-02
-8.618610999518555582e-02 -3.854615435873435907e-03 4.097043417533588472e-02 -2.278988944974286168e-02 2.131955560515072512e-02 7.340892112685944160e-02 -6.825351098219838153e-02 -2.717245447575379266e-02 -1.792337249837660726e-03 -3.519640998878587751e-02 6.754588239954044393e-02 9.575413755213629807e-02 -1.906275194430456441e-02 6.931021575606724494e-02 -2.685152212126152779e-02 -2.744221970506418792e-02 -7.653225698497012619e-02 -2.815632549970864193e-02 -6.076758165140733366e-03 -6.493804583815989198e-03 5.583869681214622543e-02 1.589632591674016229e-02 -4.400616260296644038e-03 -4.392477282628090562e-02 -3.510081879075883232e-02 -3.150057577544817985e-05 6.171763203407470283e-02 -9.534487542837821739e-02 -2.826096638153629409e-02 6.327439678578192228e-02 -4.918195746441245131e-02 3.020135361540010957e-02 3.728905112221807955e-02 8.227124403967922550e-02 -1.586783098707331488e-02 -5.730317197420448441e-03 3.058427762897616975e-02 -1.886791733397506776e-02 -2.130590745657353138e-02 -2.521579134294163471e-02 -6.416664182772958969e-02 5.641635380011847389e-02 1.502401535797409822e-02 -4.780902097111875901e-03 -2.991516631552019068e-03 -4.559811045206439706e-03 -8.454468130681053184e-02 8.511831434771643945e-02 -3.270699397064821302e-03 -2.505141989116210083e-02 -8.842887166909844943e-02 -5.472699720270112617e-02 6.073744922579073224e-02 1.916444803522542040e-02 -1.251816219770509990e-02 4.102497345378480764e-02 6.090018009623011236e-02 5.605805375573759408e-02 -3.427402513404694678e-02 3.523777666703899192e-02 -3.084473430438807243e-02 1.054334935171942142e-02 2.915795389391999046e-02 -8.607532600150415159e-02 -2.416532853953758803e-02 6.176124799124308243e-03 4.319774655938361102e-02 -3.927064736696795483e-02 1.514102206076546608e-02 -4.054067247777923266e-02 -4.881269540016627828e-02 1.936205118461710104e-02 -3.500894208652204770e-02 2.879254650913183264e-02 -1.747939332689989536e-02 -1.922317304259559337e-02 -4.379204994129666864e-03 7.357356087361299757e-02 -2.818705535730409509e-02 -6.291825130551180999e-03 2.982132849964781035e-02 -9.209205742978751608e-02 -1.140440524862172157e-02 -1.271218325106525208e-03 -2.951819250181729123e-02 -2.903469237759503160e-03 6.871857701060896106e-02 4.543268572363953588e-03 -5.885087491729325965e-02 3.321601860563126035e-02 -6.074988070502239379e-02 3.234059164544604570e-02 -7.746083581533266815e-02 3.013359713958719058e-02 -1.393052746944404945e-02 6.179595677251812323e-03 -7.368011640753135277e-03 -1.837460606587382542e-02 3.714051564337246970e-03 1.146079014298229636e-02 4.655209350635230309e-02 -6.659783125065676934e-02 4.755231072495392369e-02 -3.941855345838741337e-02 -4.732427189090884778e-02 9.410298925151000179e-03 3.452526835158180318e-02 5.606153557744540661e-02 -3.967057410405120527e-02 -9.969160046801144037e-02 -9.032207399908747172e-03 1.826669339383644661e-02 -1.477650327825801545e-02 -5.392263696025617614e-02 4.437792595089230102e-02 -3.218465130966100679e-02 -3.883738753136618815e-02 2.897404987211713110e-03 -4.155020089413100776e-02 -8.686398153184698989e-03 -6.995373380564534616e-02 8.207868818178403608e-03 -3.667385947672774371e-02 5.463964043076515419e-03 -2.417150375998709452e-02 2.526287605932934360e-02 -2.883241031337916566e-02 3.773258347424860576e-02
