3.883218589972607659e-02 -7.524247780320295759e-03 9.778085452882079656e-03 1.384413870032336069e-02 1.914532018812211593e-03 -5.661343676152378766e-04 2.498148974674027287e-02 -1.885763306178964843e-02 3.359757541947018533e-02 -3.177686656878384031e-02 -4.322408413239311499e-03 -1.396386670312530637e-02 -3.020597510038317002e-03 6.684105948313021073e-03 -4.618590631346965875e-02 1.618354311871847070e-02 -5.475974631533966387e-03 1.568213909432338710e-02 1.016744004160777953e-02 4.093412475133791735e-04 5.877271569908359104e-03 -1.836856445450020525e-02 6.998229545967715390e-03 4.761758588807213539e-03 -2.582734208899267400e-03 5.267435722283358990e-03 1.796707757413696163e-02 1.562871496167407212e-02 -3.741148828009690022e-03 2.350822039348974060e-02 -4.513827527914401894e-02 -1.896379938963605252e-02 -1.187981125403407041e-04 -1.495721650223608493e-02 2.264180508996316982e-02 2.280143605128862050e-02 -2.723783338107568786e-02 1.884972187922516690e-03 -1.782438213424409820e-02 -2.093579585932019843e-03 -2.340021073608649846e-02 -1.640629150189068172e-02 2.458915525692264431e-02 -3.011050697259723841e-03 2.642710529800891463e-03 -1.863091858986012841e-03 5.709234856663867978e-03 2.297674059188120968e-03 -9.289705244497804696e-04 1.067196034640022044e-02 -2.111100166414508345e-02 4.849519861230035798e-04 2.901606558385753237e-02 -6.524406688731447697e-03 1.663105302157566120e-02 4.182814847118718898e-03 -4.795747020471056651e-03 -1.519972429392721543e-03 -2.568401355573369030e-02 1.605465882760217372e-02 -1.430328461457777527e-02 2.126887311687225557e-02 -2.036983486783014788e-02 -7.592077183914608179e-04 -5.862204014107729073e-03 2.205757176213055462e-02 2.303184205386446526e-02 -9.130571013375745476e-03 1.891858755151013677e-02 -3.520814293734764525e-03 4.416241864315423489e-03 -3.463771807176926898e-02 2.319787146651572027e-02 -9.620235777384649259e-03 -3.326410264331589408e-04 5.269560524026854417e-03 -1.003481519052910019e-02 3.925377588096970460e-02 2.151934700953305954e-02 -2.375369577919691708e-03 1.477165548477612361e-02 1.876335361948741273e-02 -2.652194605870559097e-03 -1.140353163832049516e-02 3.707637425727901889e-03 -5.870035805951128761e-03 -8.210919783900583885e-03 3.699389355996212519e-02 -8.990661652099525905e-03 1.760961174537222992e-02 9.051538542705447887e-03 -6.207860154484006257e-03 -2.276697301262307557e-02 -1.208730125199150227e-02 1.766992890855133627e-02 -2.187353224911246265e-03 9.768388899840042133e-03 -2.128436505195341680e-02 2.274001051634075635e-02 -7.688809630872883889e-03 2.457358426105645324e-02 -3.751459172643750034e-02 -4.750482143783313349e-02 -1.728707384935534996e-02 -2.646445307926157883e-02 -2.187524676458530836e-03 2.003045122093262756e-02 -1.186575473341357689e-03 1.196171751162440969e-02 -8.579818627801237768e-04 -8.442778086239997523e-03 2.630723303742655769e-02 -1.217571752673281445e-02 1.480947150786809940e-02 2.610064663745865696e-02 2.615561216807289974e-04 1.506722677524356549e-03 -2.467868567175192721e-02 2.005400379971120767e-04 -7.894290896576819719e-03 -4.335371489633692982e-02 1.958234039504273133e-02 -1.337635976331201168e-02 2.652809655220003324e-02 -6.191513486453603145e-03 1.416998628768114353e-02 5.698577057821793170e-03 2.970577321156073897e-02
-7.524247780320295759e-03 3.257314504531862165e-02 4.790770492112364390e-04 -2.483651249257909366e-03 1.268112568226592747e-02 1.177217677735597524e-02 1.402467364041889118e-02 -1.726528045441075299e-02 -1.216547705292219707e-02 6.222512446366286303e-03 1.764778139413850436e-02 -5.615356382943179070e-03 1.053875868252928706e-02 -9.066618864992678859e-04 2.043517745025275056e-02 6.407295888413551410e-03 -1.211890462617820803e-02 -2.386622602324758521e-02 2.309681271899925378e-02 1.157925042161665752e-02 3.164920532192941512e-03 2.999417664995165933e-02 -1.681017272413916699e-02 -2.155858528071990729e-03 1.353124808392929500e-02 -1.339929602571631080e-02 -2.775314084319356958e-02 6.396928382223973468e-03 1.241490165126837809e-03 8.394159697809966056e-03 1.910488146164510820e-02 8.245158174489094008e-03 1.182434266425568502e-02 2.421115999663275495e-03 -6.363758893504726545e-03 2.052044454045948076e-04 -1.042435287708407682e-02 -1.406392523194933616e-02 -1.093128941822213082e-02 -1.399309522284445295e-04 -4.688789162969707672e-03 2.674298127974231165e-02 -6.578478859990232255e-03 1.021201288155577100e-03 2.836926465198514723e-03 -9.369740813408257082e-04 3.750404627069168877e-03 3.530930814423486816e-03 1.087530612445151285e-02 9.925905859794253647e-03 -5.485905792928513769e-03 -3.107096307589543409e-03 -2.089979234207477859e-02 -2.454013084650584400e-03 7.679444400337887520e-03 1.752353323625084613e-02 2.373947902474121338e-02 9.716368615500249259e-03 2.359045815624844292e-03 1.289335449188000991e-02 -5.090365369032673684e-03 1.218014275552403193e-02 -1.632725115199428270e-02 -2.973644680763568772e-05 8.379660735181230710e-03 -6.608714246001765741e-03 -5.445575959818339633e-03 -1.745808156781214482e-02 -2.095122053273716211e-03 -1.711625514002176884e-02 1.851866711355851236e-02 6.673668505919814510e-03 4.639166738882376413e-03 -1.649993779268481287e-02 8.767967043280491812e-03 1.068262526687455138e-02 -4.894590249389190167e-04 -1.818430668702804634e-02 -3.009917012140963122e-03 1.252328887877440268e-02 -4.660630904040220963e-03 2.336339105519772211e-02 1.380658611611520169e-02 6.206476570485749402e-04 -2.387671490176680733e-02 3.838582983324013032e-03 -1.982433468695845441e-02 -7.223962484981325503e-03 6.359858536311043778e-05 -7.425121569300969018e-03 -1.347064813315144993e-02 1.238518367978406337e-02 5.780501366477833495e-04 -3.670574333364415298e-03 -2.954112072201447135e-03 1.863666145130038129e-03 4.705672053199608067e-03 -4.693920674429132196e-03 1.567585720472445404e-02 1.345079678433790810e-02 -5.617208074360251734e-03 7.057070247654665361e-03 1.952322619550929741e-02 9.805977957694002670e-03 2.277411845365486832e-03 1.144123374260038687e-03 -1.045792399646114368e-02 4.045411826268957393e-03 7.181753818007399585e-03 1.805166906732844165e-03 -2.143097324914646634e-02 1.462080202119532372e-02 1.111307517377177305e-02 5.358522882252415333e-03 1.375503619909798809e-02 -1.775096482252003184e-03 9.758797213750015562e-03 1.142827254254718747e-02 -1.703601423192629624e-02 -3.172224229399944317e-03 1.647812538414589537e-02 -1.123043694572136396e-02 -1.797875896685624184e-03 -1.085162056136258378e-03 1.344387484945293310e-02 1.357197575217823464e-02 -1.040351155816546767e-02 -5.053210522651583290e-03
9.778085452882079656e-03 4.790770492112364390e-04 2.922735696489538529e-02 8.989802629727870406e-03 -1.055234229759695330e-02 5.169712762751382806e-03 1.290843071399117156e-03 -7.360937878020464183e-03 1.015605078432517058e-02 -1.181960312571270558e-02 -1.055313669401103209e-02 9.504166378895031325e-03 3.866190817797803686e-03 1.891146775732788221e-02 -9.377516725640576076e-03 -1.458031491014544039e-02 -1.601505627597562056e-02 6.877962367038361995e-03 -1.099727632707095219e-02 6.572710413277792034e-03 1.564328289464015503e-02 -5.597048983646477072e-03 1.246621334168798549e-02 -6.685651287136359748e-03 1.106350229929041994e-02 -1.801248502734538806e-02 4.003320350618492021e-03 -1.579378314428934310e-02 -2.491742544736509288e-02 -1.159437439732740986e-02 -1.093451628661452554e-02 9.224335160041445547e-03 6.383733688850205118e-03 -3.012149587409640103e-02 1.514127063459553071e-02 1.522172572021714479e-02 3.155847515859740594e-04 -1.839196134890695375e-02 1.489896602112855684e-02 -2.528319291940717140e-02 -6.986818241666271738e-03 -4.133496366680027879e-03 1.467638134549807162e-02 -2.572672135649574365e-02 8.380129605748591962e-03 2.224972032233614103e-02 1.519499407882728310e-02 -1.166681708504280126e-03 4.867063075752385733e-03 1.928508563911812647e-03 -1.590821511153882317e-02 2.374047891035102262e-02 7.004270887642073500e-03 -1.322256271021231278e-02 -1.631937303118398061e-02 -3.492331417159791947e-03 -4.829695737490412658e-03 8.796205611134775247e-04 -1.292610108960939516e-02 -1.467057345499588918e-02 8.366813796182101873e-03 -6.763052509120187281e-03 -9.368358315507351389e-03 2.400188227957178802e-02 9.030735072405839808e-03 -9.667624827434115678e-03 -1.076294311899157925e-02 1.210531094853576663e-02 -6.316100414028105042e-03 -2.037466643086320670e-03 -3.381903639364387728e-03 -1.367371400628281455e-02 -1.310732762614981277e-02 1.111158252658567443e-02 5.647238091756196995e-03 5.141400030876296275e-03 -3.001245571135376100e-02 1.133839034253821508e-02 -6.984020850041513379e-03 5.005263568603200361e-03 -1.066037693009834128e-02 4.983685446212564145e-03 -1.145395717803475953e-02 -2.332247450702668035e-02 7.073479404613950555e-03 6.511654131189741328e-04 3.425912145092161517e-03 1.126420921610803844e-02 -2.366050250439844307e-02 1.256622840758340673e-02 2.621595211639135212e-02 2.412496922698443430e-02 -1.072566754979756808e-02 1.345686679641847072e-02 -8.467020212574685734e-03 -3.732414623198393368e-03 1.898150570853721769e-02 -1.611722445364351108e-02 -3.626766677369463922e-03 1.897216466916772440e-02 1.404172860128625848e-02 -1.248513037303624826e-02 -7.673125887569400179e-03 1.495884404353676686e-03 -1.319534916546532058e-02 -3.627403052523737494e-03 1.566887689608795556e-02 1.939908661307848323e-02 -8.864478593505141155e-03 -3.967812358487440502e-03 1.222719472404619825e-02 -5.637048244622411275e-03 -2.317581928671574171e-02 1.079981432247719558e-02 -3.797925226185824149e-03 2.293742960015848417e-02 7.243637953351078455e-03 8.409506611435619769e-03 -1.849367952866914563e-02 -1.184709512114462751e-02 -9.057198203808417003e-03 7.617650282222844169e-03 -7.369094551409036999e-03 1.628777423984771947e-02 4.932863614146426427e-03 -1.616388751178040803e-02 -1.300739360531954353e-02 1.232284472109512752e-02
1.384413870032336069e-02 -2.483651249257909366e-03 8.989802629727870406e-03 3.331576975235508997e-02 -3.337649008269925367e-03 -9.879034346831995494e-03 8.390190949783792040e-03 -3.101864940612948391e-03 1.096242826102937322e-02 -3.105366594831486873e-02 1.089844509113621455e-02 -9.314267650268284737e-03 -1.067413305340066815e-02 1.920645740261269982e-02 -2.469461257220257472e-02 -1.305696814034611533e-02 -2.839840493920924025e-02 1.307076927028632792e-03 -1.085894828701377927e-02 -9.950649509269365173e-03 2.561568700521358807e-02 -9.066559130340623787e-03 -6.680288791343466821e-03 -1.988305880313206639e-02 7.779517083853393529e-03 -1.918613867918859961e-02 1.156006691057941300e-02 -1.303364214966072068e-03 -1.905350101411824133e-03 -1.248226216117731546e-02 -8.572148537248542449e-03 1.932831655025555681e-05 -9.662350971962482826e-03 -1.266304976318272969e-02 1.259651747166898317e-02 1.697932847126732564e-02 -2.297640890356814417e-02 -1.843882604358189001e-02 2.442885892498374793e-03 -1.976647527860041480e-03 -9.743498768914149108e-03 -1.051878792425677694e-02 1.341072933134596946e-02 -1.849684050606188604e-03 -8.551439795125402241e-03 1.691647075032133400e-03 -6.581772044080331022e-03 2.219889012982437584e-02 -9.405437883346055156e-03 1.328384164738976615e-02 -8.291026237309657987e-03 1.993048417477683801e-03 1.784577282145078866e-02 -3.566577524273319144e-02 1.004486209913770141e-02 9.997459654856079292e-03 1.316934989397553456e-02 8.022902335680804492e-03 -1.575896288932282854e-02 -3.938048501096955145e-03 -1.283410458987096874e-02 -1.672403794872884264e-02 -4.150180644385357415e-03 2.307489955118763401e-03 -1.745652972401106826e-02 2.155113838782036183e-03 2.615913924757900123e-03 7.483702514429878098e-03 2.115021629307332722e-03 -2.118536793140303465e-02 2.223132587681344793e-02 -3.124787658490354308e-02 -1.376015615225384056e-02 7.065553783807217506e-03 -9.213199492510808220e-03 -9.014357754708272191e-03 -1.057619488123154317e-02 1.172118179569839325e-02 3.021479299027446126e-03 -8.459168106290675462e-03 1.475651128199052201e-03 2.594718759353025535e-03 -5.774031250327689782e-03 -1.852298236728860611e-02 -9.540435003081186235e-03 1.328932830544340797e-02 -2.073490624309308819e-02 6.990768977936741638e-03 -2.116771480260867463e-02 3.404690351172922486e-02 1.600176851018786373e-02 1.270301785180752083e-02 -3.501290947794818975e-02 1.491657899769019240e-02 1.586613498826923300e-03 9.102714104861867484e-04 -1.986581205730435576e-03 -4.416886604540412598e-03 1.959846976472998104e-02 8.601395018233651962e-03 1.074772930565911881e-02 -3.226311468146280531e-02 -2.501826798999971097e-02 -3.397177726327929147e-03 -1.661913079572830201e-02 -6.958788969121161181e-04 2.363331097624603999e-02 1.370051704848108953e-02 1.738332823123932627e-02 -5.054125269252090916e-04 1.210126784523101080e-02 1.081517769098870596e-02 -1.277284522416498314e-02 -2.363067868285668571e-03 1.977797069249088990e-02 2.482195829596209845e-03 -7.013751373366737193e-03 -6.478629560931825800e-03 -1.733616260777675125e-02 -3.554098419962625072e-02 -2.370591146839392052e-02 1.655515578539039356e-02 -3.253179285107441615e-02 1.500197329704741622e-02 -1.057670809658571402e-02 -4.337790517793404729e-03 -1.047869394999756051e-02 2.651624627813405771e-02
1.914532018812211593e-03 1.268112568226592747e-02 -1.055234229759695330e-02 -3.337649008269925367e-03 2.541839615745964537e-02 -4.004907535396743691e-03 1.059675649461327800e-02 -1.107901328245239000e-02 -1.299929370658059122e-02 1.214913089911934772e-02 7.514697742647237846e-03 -1.751313698838043165e-02 -4.860344163463811880e-03 -9.553619933628099484e-03 6.541400797986316080e-03 2.460947568913240957e-02 5.628935201557460667e-03 -1.500651409578387767e-02 1.687550340077207528e-02 -3.552024559594569881e-03 -5.756042184230840061e-03 1.172913621528560990e-02 -9.242171473806031282e-03 1.321926851588368056e-02 -9.695994440574248622e-04 1.097545824836199634e-02 -8.590277267767070998e-03 1.387660771603993135e-02 1.423721793288751283e-03 2.052628910290543035e-02 2.382626714494503377e-04 -4.903387088604885084e-03 -4.621280554029184688e-03 1.239504646772686229e-02 -8.987717126390463301e-03 -2.109193174658762632e-02 -2.932694669931817932e-03 1.529928498120446644e-02 -1.050808971950028224e-02 1.248283265594787904e-03 -5.292292763910078079e-03 8.558116480978875812e-03 -8.942183890084521095e-03 9.309409904990550641e-04 -5.887718805490393253e-03 -2.129853235895895827e-03 -7.142430561401888478e-03 -8.298712030727472405e-03 -4.786613005869500524e-03 5.810422828954935927e-03 1.443053197777929494e-02 -2.123741301499692136e-03 -4.401198605773808982e-03 1.099144949621760903e-02 3.784249990107460809e-03 1.677284176423034928e-02 7.479546424165471087e-03 -1.706665081648181927e-03 1.980975888919276132e-02 1.100715880373357922e-02 -1.486530435354410304e-02 1.777568784710316374e-02 -1.126332783317270450e-02 -1.758374042831078359e-03 -2.126416971706119978e-03 6.806412747633112936e-03 7.253135868842081578e-03 -1.829169792847785622e-02 8.282552105959781197e-04 -1.371405303004076927e-03 5.911065351002763382e-03 1.327880614085755542e-02 2.448438968473276925e-02 -1.780665101519483123e-02 -5.902554177725626711e-03 -2.545745653157184454e-03 1.066387458736427381e-02 3.590048026411320594e-04 1.279544717841982334e-03 -4.824688949380342290e-03 5.746988081666732154e-03 1.345247026643450576e-02 2.524892963878567695e-02 1.389662142744725951e-02 -8.243650657362601789e-03 -1.709466708627138285e-03 -7.598304259683162296e-03 -1.342258309302407073e-03 1.683704857546151901e-02 -5.995374381684924481e-03 -1.127260144623262912e-02 -1.369171857094567644e-02 2.141246438735228998e-03 -1.557520609424285080e-02 5.136310164770841770e-03 1.277913518295822025e-02 -9.094312218448367263e-03 1.882490059875692521e-04 4.958471721805782564e-03 -6.665401067710614511e-03 -9.265178632028484018e-03 1.182542525778085100e-02 5.399325652791255037e-03 -7.295345469025230067e-03 2.004673131992002616e-02 1.299506308801348306e-02 -1.136579016662009854e-03 -1.008387694170718302e-02 1.165648894563374796e-02 1.458058115547073048e-02 -1.502270058652744288e-02 1.044729007155664746e-02 7.867495418176384536e-03 -4.970450232747479664e-03 5.732144832498284499e-03 -1.836615170768272128e-03 -5.429591980133286269e-03 -1.426057876075849124e-03 1.198146024838323172e-02 8.415600050787853600e-03 3.408495428457336985e-03 -1.452008382347390499e-02 2.087404338610389896e-03 -1.972989876786078109e-02 -4.476763124425846285e-03 1.166186246461864418e-02 1.561092574147423867e-03 -1.193111651736330527e-02
-5.661343676152378766e-04 1.177217677735597524e-02 5.169712762751382806e-03 -9.879034346831995494e-03 -4.004907535396743691e-03 1.998439082183922980e-02 6.176349454124295708e-03 -7.050033945352808876e-03 6.480788764081101688e-03 7.062384318560209137e-03 -1.378284713109707372e-03 -1.291488600823493529e-03 1.905440960166904923e-02 -2.261443918758607088e-03 7.389594272926741300e-03 1.179202145220465498e-03 5.564467512802985863e-03 3.171231555434167893e-03 8.315052303987876398e-03 1.905144325641503628e-02 -1.136280598794734038e-02 8.552142998778586302e-03 2.089736934732947752e-03 7.900462298721782142e-03 6.307573378909189094e-03 2.154110400629515119e-03 -9.399943745628865088e-03 -5.068850613386367485e-03 1.423625751045718866e-03 1.116240277551478442e-02 4.608073818833980512e-03 5.809076717585832592e-03 1.895171175104998912e-02 -4.373316130240435980e-03 -7.141508116343009416e-03 6.020596470713289981e-03 -5.548322118715506672e-03 -3.933024171965981627e-03 -3.516300049974755218e-03 1.880918261505792801e-03 -1.821724837960496824e-03 7.321832927681519616e-03 -6.019928072824238738e-03 1.540285693136661527e-03 1.180208970822278075e-02 -2.667882060261140154e-03 3.509200229280808395e-03 -8.292273294675451753e-03 1.802766564541030681e-02 5.611148523486525659e-03 -8.394327464680897966e-03 -3.002687580811771052e-03 -7.670825499585136320e-03 1.063303450717130623e-02 9.014197469885250552e-04 1.184051988363904809e-03 3.446669816296786971e-03 5.931219763800428882e-03 -5.515091260282312807e-03 4.857766066986500889e-03 -1.056681637279803434e-03 1.671359012593273338e-02 -6.396100865334282577e-03 -3.089816337042590889e-03 1.481906381916202678e-02 -6.158323313296514868e-03 -6.002335285128806985e-03 1.484476931037625015e-03 6.553706342822954774e-04 -9.576035399689484737e-04 2.228504340218926457e-03 6.705174456402825632e-03 2.192934434158975380e-03 1.525926645685281432e-03 1.808838323106581533e-02 1.901211975636860410e-02 -5.432710880659735557e-03 -7.715265335384153406e-03 7.209040397304347300e-04 1.862216457069524114e-02 -6.208853638939410349e-03 1.092006725928653006e-02 -1.054097455397378594e-03 -4.879500165432484708e-03 -4.103457356816782309e-03 -1.516065596110945275e-02 -4.341069451489526672e-03 3.943191833580948595e-03 -4.721425545297112600e-03 -1.157132961090210320e-02 -1.074688920785319551e-02 1.792879420827236817e-03 9.490030249422428885e-03 -6.662202028751631165e-03 -4.741952361709888403e-03 -1.309510678866084195e-02 4.078617167472329066e-03 5.285875386993920191e-04 7.280820533960738819e-03 -1.046549498614935065e-03 -3.844724142660320074e-03 7.165880278568961641e-03 7.438429289334295980e-03 -2.716246826462070506e-03 -6.207389896174420919e-03 -1.286935673962378950e-02 -1.246607138241968490e-02 -5.296808085751721767e-03 1.156414298580302116e-03 -1.348811108553604234e-02 -7.976063715600639759e-03 7.535825097050431395e-03 7.631196793196399000e-03 1.215682919540612972e-02 7.444809435507820927e-03 -3.002341885787932537e-03 1.752025240007437298e-02 7.667081721471117293e-03 -5.352835886599782537e-03 9.846183722773854327e-03 6.416714404870363375e-03 -1.073205406527221600e-02 7.746310917223367745e-03 6.092460125977571320e-03 2.020133818653868651e-02 5.055460677296071993e-03 1.000633099989231209e-02 -4.765797126762671976e-03
2.498148974674027287e-02 1.402467364041889118e-02 1.290843071399117156e-03 8.390190949783792040e-03 1.059675649461327800e-02 6.176349454124295708e-03 4.684236204874334120e-02 -3.580793783109421924e-02 2.486544582420157148e-02 -2.879884553183338983e-02 1.818191042118443360e-02 -2.765755595671463840e-02 2.361825294052937504e-03 -1.268538872229582094e-02 -3.348811124325966337e-02 2.465782738592432743e-02 -1.420067475586974434e-03 -3.939783711725776600e-04 3.238425319385638407e-02 3.693594732227174424e-03 1.043283186165262777e-02 2.509561641126930188e-03 -1.659321744968352691e-02 5.095807281516663220e-03 1.721682199969129523e-02 1.067796111884255876e-02 2.910831421024874491e-05 3.875773728033667098e-02 1.089485108283921345e-02 3.331711790392244410e-02 -3.961472167099786695e-02 -4.382141767410264663e-03 4.975300156608221391e-03 -7.913208407169261549e-03 2.520838510142465669e-02 2.347810551670992396e-02 -4.329413253263355438e-02 5.704597229108782780e-03 -4.301849963130547488e-02 1.146341646722847524e-02 -4.162733128637859797e-02 6.560843317135498865e-04 2.824980032125039286e-02 1.199347483990600809e-02 1.947143502165397250e-02 -1.475706265251235279e-02 2.361180144278836324e-03 3.021948900740419313e-03 3.282819291053427641e-03 1.485221445597378030e-02 -1.631137868401742741e-02 -1.438574543643451019e-02 1.525232161161492808e-02 -6.372122361651279265e-03 3.236011108014791998e-02 1.208557456299025508e-02 7.142461704401690745e-03 -1.489876875089248855e-02 -2.680386993321259848e-02 4.318690034121912269e-02 -2.563339046101386839e-02 3.048921326023903630e-02 -3.464129219681079397e-02 -1.420810766918633936e-02 6.364120974465239423e-03 8.035190222943855431e-03 1.117129726863975991e-02 -2.726971348487821495e-02 8.577666058365100363e-03 -1.016919707516384525e-02 1.939397945757900116e-02 -3.141958194182582764e-02 2.992296494216994257e-02 -2.682435018286174686e-02 2.675993722146125225e-03 1.019611760437209858e-02 2.102868898710110596e-03 3.302163338495469475e-02 1.148085832793516170e-02 2.892506724885955931e-03 1.544611554336241610e-03 3.725615515284812218e-02 6.491054992712593993e-03 4.900918089472698982e-03 -9.193447971203487848e-03 -1.705191064038336915e-03 -2.024791442511691963e-02 2.126612881995481805e-02 7.016704635936207683e-03 7.694082893733688276e-03 -2.249275263512247845e-03 4.564495854284302272e-04 -1.847310468556805085e-02 -1.978821788644648250e-02 4.345092152212385109e-03 -9.219745914329903133e-03 8.016208385009278292e-03 -2.134277525299311043e-02 4.149810613196876219e-02 -3.507647841561851911e-03 2.899541371360636957e-02 -3.376203591840021279e-02 -3.625544897909858261e-02 -1.010557894828274447e-02 -2.619780978998777210e-02 -9.944075597267284378e-03 1.625666513006220407e-02 3.556785747719341546e-03 1.849926267867476812e-02 -8.533900788885035935e-03 -3.045251609918175201e-02 4.863688678506866009e-02 -4.045546264516896792e-03 3.390943996964777829e-02 4.357478166172945588e-02 -1.333140532384919329e-02 4.079468338903196462e-03 -1.346475047702205829e-02 2.575303958556375474e-03 -8.480583574976763989e-03 -3.021101078639679832e-02 1.641327616655986407e-02 -1.066055296642533408e-02 2.637428376867006000e-02 -9.032959953827057612e-04 4.115025372881446486e-02 6.355399993751159778e-03 2.692923259780621512e-02
-1.885763306178964843e-02 -1.726528045441075299e-02 -7.360937878020464183e-03 -3.101864940612948391e-03 -1.107901328245239000e-02 -7.050033945352808876e-03 -3.580793783109421924e-02 3.377281657196387621e-02 -1.079242032963689639e-02 1.758711896591880902e-02 -7.175935813337429130e-03 1.454013571833408583e-02 -3.998649060164180015e-03 4.733388757294215016e-03 1.722999432889212382e-02 -2.022869891528640204e-02 6.109391728946771474e-03 7.179377948228789566e-03 -2.615957207689772676e-02 -5.802651884628454507e-03 -1.108109523240513247e-02 -7.343600582250564210e-03 6.759825774421667974e-03 -7.548186649392105325e-03 -1.433904126464322082e-02 -9.979230940392162536e-04 5.580694292790754074e-03 -2.550165324610910098e-02 6.299747417450190373e-03 -2.292069130088769321e-02 2.649849743845602082e-02 6.512952531295964709e-04 -6.335119017800531181e-03 1.013324695914037676e-02 -2.161477385651360689e-02 -1.316963794683526610e-02 2.492589335606557738e-02 -1.436872945840395000e-03 2.445339985850633960e-02 6.425864020004627176e-03 3.200128858485424416e-02 -5.203270279188549306e-03 -2.318178227366160180e-02 6.047674126131416354e-03 -1.574793176297489480e-02 -2.401338588963138065e-03 -1.260401740936161266e-02 6.203588118276131408e-03 -4.635934169362510536e-03 -1.262535259333602555e-02 1.336487916872849957e-02 -2.680541139497797688e-03 -6.885115459741641269e-03 3.606279694750420817e-03 -1.132102905497840532e-02 -1.309163913243967074e-02 -3.331381670682713372e-03 1.100627914688015636e-02 1.460576113284302140e-02 -2.525340046671901290e-02 1.190980809503064397e-02 -2.421999534885303784e-02 3.366389616597130485e-02 -3.491447522382600237e-03 -1.129668939679940969e-02 -3.286385967325933938e-03 -4.980901086128724196e-03 2.414221447537319432e-02 -3.005756597107001049e-04 4.587606159641796459e-03 -9.945987026508940759e-03 1.982870932467130712e-02 -2.306939761952942272e-02 2.389868801517357894e-02 -3.934449806557180872e-03 -9.118233360441378027e-03 4.713514087201143253e-03 -2.334341665226568815e-02 -2.360559530710701001e-03 -4.224921935027162873e-03 9.950325739989393861e-04 -3.459758429609053471e-02 -8.243346685886752262e-03 -2.411323418973018978e-03 4.663454000201640824e-03 -2.917013092536819121e-04 1.089844427124554531e-02 -1.678385588639918699e-02 -5.127849970373870095e-03 -2.541834139891104103e-03 -5.172777057051160601e-03 -7.539353818145490965e-03 9.937191342496674851e-03 1.188749525660019735e-02 -1.790723478635910344e-03 2.069340209612760984e-03 -1.643481993460277346e-02 2.466683612290696687e-02 -2.374378239512062172e-02 -8.697437554642559882e-03 -2.309556311523907474e-02 2.052992702227653121e-02 1.855950408363917989e-02 5.346665972964119440e-03 1.401411237903361570e-02 2.291422244679929953e-03 -1.301362959201812601e-02 -1.028130432706649521e-02 -6.636412694668176668e-03 9.427529034429408357e-04 2.310191514745669333e-02 -3.097164128359165131e-02 9.920426607882084497e-03 -2.589202118598486410e-02 -2.492576858577694177e-02 -3.419612950687066655e-03 -5.041772286007539620e-03 4.206254225804495310e-03 2.350862052817941864e-03 4.904301912076055106e-03 1.721250545390146797e-02 -8.520846621398093027e-03 5.213043809891637799e-03 -1.608030244604057024e-02 -2.689128809360584026e-03 -2.318449620102802644e-02 3.623636521104844129e-03 -1.714200370150043007e-02
3.359757541947018533e-02 -1.216547705292219707e-02 1.015605078432517058e-02 1.096242826102937322e-02 -1.299929370658059122e-02 6.480788764081101688e-03 2.486544582420157148e-02 -1.079242032963689639e-02 5.506413316158664112e-02 -3.729387091543860666e-02 5.072171334498103146e-03 -1.410498100435471878e-02 4.087174829214945682e-03 1.346486715696197439e-03 -5.480733164754778702e-02 3.895750821150934483e-03 4.814055672992077241e-03 3.151601606020107416e-02 8.880285873135928057e-03 7.461076764207106964e-03 -5.344168597521083066e-05 -2.202366518298709552e-02 7.558358388873405095e-04 -2.293203285975064978e-03 3.995020686616262279e-03 1.083586207704499357e-02 1.989953026143930284e-02 1.686328503862131317e-02 1.616878518823353789e-02 2.319610815010151456e-02 -4.973620138388096246e-02 -1.485803122256641740e-02 8.347846031042514825e-03 -1.905845409683771044e-02 2.204058065616494935e-02 4.438903018964564934e-02 -3.867515856651387862e-02 -4.339434882464051138e-03 -3.072832741740042992e-02 1.800160758353163207e-02 -2.358967032769247046e-02 -1.657384375211254368e-02 2.462929646299177530e-02 1.783384266466066584e-02 1.327113329921049932e-02 -1.980452276285548166e-02 -1.296362591796243642e-03 1.496165122926751238e-02 7.033923095285750729e-03 4.635389796703239147e-03 -3.231525451876819666e-02 -1.808735768741867936e-02 2.934814862024395787e-02 -5.834429498202320895e-03 3.572036350728752946e-02 -9.610996404686898698e-03 -2.747051774922148939e-03 -2.908694797306024017e-03 -4.718304862859532683e-02 2.965654241144703371e-02 -1.665232718173254370e-02 2.205693467067178226e-02 -1.050082601290713152e-02 -1.900548235025009344e-02 -3.581028666768310692e-03 1.720860979392104320e-02 1.928622816184263553e-02 -2.360082480600160038e-04 2.573668593983531594e-02 -6.554133765596480490e-03 8.761168972634684332e-03 -4.103585296491883694e-02 1.462487966207511210e-02 -6.631605486660921466e-04 7.793120175460110585e-03 1.462127034902304008e-02 -1.065527509764706629e-02 3.829387652066848502e-02 2.721911379785497617e-02 6.395045244591822733e-03 8.856990703152307562e-03 1.146566433865382935e-02 -1.782353760367822587e-02 -1.654299624456119500e-02 1.261410710039044189e-03 -1.214819963959776726e-02 -1.119137189769742712e-02 3.662338344516844618e-02 -1.752616803511341734e-02 1.573870783058076150e-02 2.369273263749931916e-03 -5.502684842603132107e-03 -2.339129459942669229e-02 -1.235344537555232471e-02 1.314935568608733250e-02 -2.095016997166751493e-02 4.736054413985987810e-03 -1.152346448775559001e-02 3.479110991005797404e-02 -1.773466552856895265e-02 2.769093023700736761e-02 -4.485458602318934812e-02 -5.717808930920718902e-02 -1.309702867275012311e-02 -4.826749257657835662e-02 -2.112469703897123380e-02 1.296531729060136640e-02 -5.917599662379916491e-03 1.364762213309177533e-02 -2.068913256950874816e-02 -1.045741492945570679e-02 3.545622453243409133e-02 -3.870653025631580132e-03 2.723974703337133513e-02 3.727681768005423890e-02 -1.814895952284548142e-02 1.015517706899220912e-02 -2.654996171729967491e-02 -2.537038670048175938e-03 -6.522319916812890743e-03 -4.634857710601753000e-02 2.779894409103798522e-02 -1.050969786463343790e-02 4.696672703559262585e-02 -4.861080512828663694e-04 2.798853173887872609e-02 1.864873229104914432e-02 3.496922526627060240e-02
-3.177686656878384031e-02 6.222512446366286303e-03 -1.181960312571270558e-02 -3.105366594831486873e-02 1.214913089911934772e-02 7.062384318560209137e-03 -2.879884553183338983e-02 1.758711896591880902e-02 -3.729387091543860666e-02 5.627570348370511399e-02 -1.247829054788369627e-02 7.352971995358093503e-03 9.038114626485632339e-03 -1.387886090031268706e-02 5.274504197830745533e-02 5.884474320023454566e-03 2.661017211699486310e-02 -1.089051272688866361e-02 -5.429115298706896006e-03 7.514598515438146963e-03 -3.002395862957021877e-02 1.644215571785255514e-02 7.105776944114865559e-03 2.199411368338276968e-02 -9.929906557852672538e-03 1.595656647558093763e-02 -1.649414277767178791e-02 -2.151788604813584943e-02 -4.360669377070862558e-03 4.779425304599402681e-04 4.050470960853662372e-02 1.017885212225570941e-02 5.790566708959363033e-03 2.029577440439409713e-02 -3.871957837553407361e-02 -4.688828082953814397e-02 4.090004028051512364e-02 2.028319782396307766e-02 2.309403161849747296e-02 -4.954241274298986156e-03 2.962014618299391167e-02 1.400825106321942730e-02 -4.054545353517547551e-02 -5.903662933506918960e-03 -4.993271753577247993e-03 7.111500163403236020e-03 -7.351443049591717925e-03 -2.751145692763889636e-02 6.215820299121261119e-03 -1.044101762855938025e-02 3.293727867377788110e-02 6.561063171683465846e-03 -2.895217658904008021e-02 3.760684632552716705e-02 -3.018570705610102572e-02 -5.826260148309873920e-04 -6.321695932823448265e-03 2.908254890043707012e-03 4.809044470219712986e-02 -2.095733899850202309e-02 1.027200071410341690e-02 4.275725986389786876e-03 1.779608282117804349e-02 6.019886103765558980e-03 1.328627932171123384e-02 -1.388718955248492704e-02 -1.617611803380152730e-02 7.370445434135152948e-03 -1.463844980520005376e-02 1.883811937908256434e-02 -1.964552124860083002e-02 5.978038288706644804e-02 1.192798959386046640e-03 7.463626085069126337e-03 6.028560862270962613e-03 2.632494954556635104e-03 1.066371056460649509e-02 -3.649950644141300438e-02 -1.704851565002808711e-02 6.726651736090843818e-03 -8.535683935967252126e-03 -1.589850655285349884e-02 1.917843105749027569e-02 1.811485505312922240e-02 5.952994753488727656e-03 -1.547155390846801336e-02 1.877724711885582487e-02 -2.745984160719498399e-02 2.034165117431007905e-02 -3.450510281780724137e-02 -1.979864059340387741e-02 -1.614409581018256754e-02 4.064872788527209430e-02 -7.390328194877112539e-03 -1.161023538928596111e-02 8.135364155314661269e-03 -1.517617797095648091e-02 2.349126703157658133e-02 -3.563119322923669757e-02 -8.253652612401053690e-03 -3.926629376120293474e-02 6.172155827468194661e-02 5.433085797089565183e-02 8.017730687327328121e-04 4.833040201824178456e-02 9.762894901794954075e-03 -2.929664674598463081e-02 -1.978371583784882884e-02 -1.182246031279639807e-02 9.129891994513989611e-03 4.653573226579828075e-03 -3.171143876408026585e-02 1.893366899217545016e-02 -2.075310673232238362e-02 -3.669799284535417427e-02 5.552867544846015919e-03 3.490114363484423006e-03 2.376515346932434394e-02 1.902607267415125022e-02 3.632134788524219587e-02 4.661017356098834385e-02 -4.268452828204665622e-02 3.082500683211940318e-02 -4.747941532538712400e-02 1.280113772840292020e-02 -1.836227265698993014e-02 9.207691354593448840e-03 -5.083381056942176679e-02
-4.322408413239311499e-03 1.764778139413850436e-02 -1.055313669401103209e-02 1.089844509113621455e-02 7.514697742647237846e-03 -1.378284713109707372e-03 1.818191042118443360e-02 -7.175935813337429130e-03 5.072171334498103146e-03 -1.247829054788369627e-02 3.794851998439532914e-02 -1.976968615165268506e-02 -2.884192420101505065e-03 -1.226010131783411561e-02 -3.258649407813224343e-03 3.571977981357362612e-03 -8.649930008378763080e-03 -1.346354762301509023e-02 2.306509876144946861e-02 -3.497403698632562882e-03 8.206416785352397061e-03 1.800974451806053658e-02 -3.600760852852349231e-02 -1.862453441501003490e-02 1.287709245723707777e-02 -2.510992559362052855e-03 -1.480574603888239887e-02 2.271024440137379280e-02 3.290950821755041222e-02 1.060852212845271071e-02 4.721217261292653088e-03 1.116850508804511938e-03 -1.287389162517771054e-03 7.307533434767742378e-03 -2.923269680074301602e-04 1.502719858250815659e-02 -3.152553540480940164e-02 -1.094806215146789351e-02 -3.521376941345196604e-02 3.194280950558958665e-02 -1.004971231234740199e-02 1.756398599899922086e-02 7.695296567077002884e-04 3.402459843916446486e-02 -1.495471558854362967e-04 -3.025730157250199753e-02 -1.795184098313280102e-02 3.085790161887442054e-02 -1.390427080933435153e-03 4.636893516278772776e-03 -6.156584514495236013e-03 -3.246694971845572042e-02 -7.798106438677204766e-03 -1.441620547243169584e-02 4.132086584019457193e-02 8.154169892000229930e-03 2.976282493044663316e-02 3.685876134887742725e-03 -1.443726087133546769e-02 3.511151078275305537e-02 -2.186257178446128144e-02 3.488215325500233343e-03 -4.267765326265751148e-03 -2.991388708017150844e-02 -9.137567730683733222e-03 8.035517719129136932e-04 4.083617271561758647e-03 -1.625386265709976436e-02 1.295457329457242075e-02 -2.887543121101745353e-02 3.151043151961335775e-02 -1.189670781344989367e-02 4.452090420501571624e-03 -1.496699967182097205e-02 -3.369088381379427288e-03 -2.676722372458048714e-05 1.171330370756061556e-02 -6.328299361772723661e-03 1.215250994944495379e-02 4.289620492877297851e-04 1.192088471354413835e-03 1.179549357987915228e-02 5.930856571408848164e-03 4.246590854989689030e-03 -3.061002895766362641e-02 1.168110383836280103e-02 -3.184556144768509178e-02 -9.090443799129013097e-03 1.148831847808582784e-03 6.838945962119580106e-03 -2.238304290754970088e-02 4.246390723696314741e-03 -1.642963097804588102e-02 -9.261560426746985250e-03 1.555200521967921865e-03 -2.542473848204040380e-03 -1.411929747471231400e-02 5.846262153490061446e-03 3.602655030272935294e-02 -5.636242401899011975e-03 2.501538952010318000e-03 -1.380051077063407065e-02 -6.085697224780250124e-03 1.028132048422400989e-02 -1.394626915583840193e-02 -4.579210502860170395e-03 -2.216488230575977113e-03 -5.623511791217140725e-03 2.249946033875889831e-02 -4.057658590670251871e-03 -2.549873990157472403e-02 3.131232166915851045e-02 2.109012141516206432e-02 6.326475720706473474e-03 3.467307237097130845e-02 -3.070588727453503822e-02 -1.665816126085783826e-03 -5.200583597943028366e-03 -1.055790796157958338e-02 -1.508675616814532210e-02 -1.029811056826325814e-03 8.470580657798957788e-03 -1.387930610026289792e-02 1.209797960141537586e-02 -2.764299138169290255e-03 3.649486481804740251e-02 -2.625195548055470236e-03 1.110615334886143508e-02
-1.396386670312530637e-02 -5.615356382943179070e-03 9.504166378895031325e-03 -9.314267650268284737e-03 -1.751313698838043165e-02 -1.291488600823493529e-03 -2.765755595671463840e-02 1.454013571833408583e-02 -1.410498100435471878e-02 7.352971995358093503e-03 -1.976968615165268506e-02 3.937094058080342629e-02 1.484546224596676976e-03 1.722153603762832663e-02 2.166116725039781560e-02 -2.380825391493766874e-02 -1.052547939200513226e-02 -3.226928978058533470e-03 -1.809254173230339865e-02 1.174805023703642468e-03 4.874715264917885323e-03 9.317462996412369594e-04 1.937450665837384470e-02 -9.015678937223551431e-03 -8.842058572339044076e-03 -2.443999022924399356e-02 -5.168337486329107472e-03 -2.381101114836249241e-02 -2.278944585196904238e-02 -3.404902623410113044e-02 2.219023705935780147e-02 3.737741589321800714e-03 1.244002481764725897e-03 -4.541729747205350970e-03 2.995171543547381614e-03 1.520961302372081511e-03 3.439364262425376184e-02 -1.814920118575641048e-02 3.209755187356593681e-02 -2.407610722601050482e-02 2.272030451636465609e-02 4.653373969728874168e-03 -1.391348810326736960e-04 -2.327611253444151693e-02 -5.878874469830727353e-03 2.451018440073734692e-02 2.392802341208800920e-02 -3.116596423349374343e-03 1.856739642275136116e-03 -1.357511064277639769e-02 -7.822178219424958182e-03 2.349216480342287625e-02 -1.357195537071868331e-02 -3.308036134169709073e-03 -3.009530441321385530e-02 -1.369122140995524851e-02 -1.095385363835921395e-02 6.506094044573309046e-03 2.250971258684335286e-03 -3.152923333234796538e-02 3.850107514447958373e-02 -2.582786984480472600e-02 1.357898688408413004e-02 2.518001452711047736e-02 4.337774866795268344e-03 -6.221624690613858019e-03 -8.337532446834746216e-03 1.104913732177851757e-02 -9.707064411824777028e-03 1.101581526361406979e-02 -2.153795523396637851e-02 6.812729681478827369e-03 -2.727056220858798882e-02 1.087020475186642986e-02 1.825413991121310146e-03 -4.265563886534919254e-03 -1.034670019441510588e-02 -1.779550270320917268e-02 -1.163594477292958368e-02 1.489253827114623381e-03 -1.823918208902803586e-03 -1.735293302903239895e-02 -1.711177292321066495e-02 -7.802137239711516049e-03 1.137574425776809867e-02 1.169459661437221437e-02 2.314477663391973153e-02 -7.870444883648373968e-03 -9.769216674717027746e-03 -7.039898279246934766e-03 1.714159264102758928e-02 1.897732594259526548e-02 1.410566157798748450e-02 2.461482121525183919e-02 -1.099632644357879246e-03 5.767936643053747821e-03 2.137287144222689561e-02 -5.556395566367379642e-03 -3.373775999131051889e-02 2.436227999085145701e-02 -9.751804241114184809e-04 1.024671396060597948e-02 2.417662199942715445e-02 2.009126629761589372e-02 2.407510915399002551e-03 6.349581910821934343e-03 -8.796405331251127419e-03 1.854700670345309221e-02 -3.201407743775815107e-02 5.455805726419606094e-03 1.788552431096559342e-02 -3.689963813440316071e-02 -1.153666768051884312e-02 -1.279945852572196216e-02 -3.652040615208614754e-02 2.331313998665467818e-02 1.114816233195422635e-03 9.304655228910432493e-03 -1.584517865289267538e-02 7.725567298592098337e-04 1.988048346619511464e-02 4.903713957906664228e-03 1.007590801296552770e-02 4.164341590802427711e-04 3.354051911466998485e-03 -3.213958657644401529e-02 -2.039256716902071789e-02 -5.904189246026105529e-03
