2.054569744062202663e-01 2.721707495216255449e-02 -1.840844831363613876e-02 1.652450429036053936e-01 5.021898458361133410e-02 -4.598995192820458378e-02 1.403280418820863629e-01 -1.489946444531178582e-01 4.383515535135575764e-02 -2.074685695082504888e-01 -1.402457888273562006e-02 -3.771507169732947473e-02 -5.156209500269879481e-02 9.772273108040861744e-02 -1.635029314227160191e-01 7.083085101604538747e-02 -1.783052882913617465e-01 -4.041232272132749825e-02 6.302348876246380294e-02 -3.560127889561776754e-02 1.243568174168655921e-01 -5.504226827451959986e-02 3.204454619507093177e-02 -5.573907595778963830e-03 -8.218739748700426562e-02 -8.883671332719586533e-02 7.691772754063037898e-02 6.767244373777658861e-02 -7.541664981232924780e-02 4.973768976348617171e-02 -1.041907713116453915e-01 -1.414668231050247582e-01 -4.264549542188571241e-02 2.418195099164944725e-02 1.248831012908921539e-01 5.346932661658457958e-02 -1.435287631108807249e-01 -4.444687132312852978e-02 -9.713514550748741233e-03 -8.213786996372815508e-02 -8.889520940250604519e-02 -6.310570343795840476e-02 1.229327367596394632e-01 -7.554812274264421923e-02 -1.105083688194114233e-01 5.178094996950655116e-02 6.000323781549839891e-02 3.464721358722595845e-02 -3.753945215083519943e-02 1.771053191011079664e-01 -7.721879891979466226e-02 4.677243003637988894e-02 1.505736124165364398e-01 -1.495329339939205360e-01 2.902926356544334799e-02 1.655728548675318157e-01 4.091444703208198946e-02 7.719218524015422633e-02 -4.403958839029777778e-02 4.124385514041617809e-03 -5.686229988605319419e-02 3.635203730410081768e-02 -1.582848835060695070e-01 6.203636032726250749e-02 -9.910982067892915026e-02 1.494510144999839363e-01 1.524403421303322237e-01 -1.102999848594338056e-01 7.336958593397478745e-02 -9.554625679836187269e-02 1.160612778691374469e-01 -2.104660745670365318e-01 6.633540261242515390e-02 -1.091925345261418878e-01 -4.604609027935295529e-02 -2.698728118700443809e-02 1.607225631234985609e-03 1.409235120559217125e-01 8.457697288812243697e-02 -3.302562793285474668e-02 1.380896633448026323e-01 1.571211934519320119e-01 3.205650699708130491e-02 -3.111723293318996442e-02 -3.172790620652865545e-02 6.773067203217886245e-02 -1.309464157505697834e-01 1.527101778996543813e-01 -2.058265678531363135e-02 1.584462106169488571e-01 3.114519988466486755e-02 -2.141453204213868491e-02 -1.916518189949204254e-01 4.440266845324381678e-03 1.572477615486181646e-01 9.172905058337513240e-02 7.705900763754683358e-02 -1.680371233487705507e-01 1.375370710626223347e-01 5.416409166755547372e-02 1.038861741930357102e-01 -2.213379704065691067e-01 -1.733678282363250445e-01 -8.557928512244637742e-02 -5.248733000854020198e-02 9.112386542559336444e-02 1.286043624026425025e-01 3.118228443058895447e-02 1.077087976258878643e-01 1.032585166957643158e-01 -4.098792524343660565e-02 1.285446527240947101e-01 -3.492355757397230809e-02 -6.662308302607940214e-02 1.430319319500281960e-01 5.850229907722482442e-02 -3.724306583462799053e-02 -1.309209262170894783e-01 -5.547661515814424765e-02 -1.612111199826941343e-01 -1.993370580172289519e-01 8.074249634279062615e-02 -1.847987889032990105e-01 5.558009408165043991e-02 -4.291901149562706019e-02 1.252068655019914671e-04 -7.177626305586648492e-02 1.914806139632328486e-01
2.721707495216255449e-02 3.525886542095785225e-01 3.141705056097444937e-02 -2.451525737125001634e-03 1.674663400306372341e-01 1.295632267230349688e-01 2.399607032113965921e-01 -2.889183595698888163e-01 -9.847963028658253404e-02 5.495522985148346660e-03 1.447455944956825835e-01 -8.793590648496432682e-02 1.085282540588145828e-01 -9.576634572671497564e-03 1.372293432309843464e-01 1.474369348225081922e-01 -1.483580094084491485e-01 -2.519988554381520918e-01 2.998778502743416063e-01 1.284500781805792691e-01 6.131272550973741048e-02 2.842247651796098729e-01 -1.438652751163852217e-01 2.599131252839078504e-02 1.264607839785225896e-01 -1.259745579430735785e-01 -2.549722691970860433e-01 1.158517646865258460e-01 -4.533543529411677986e-02 1.684185069182564942e-01 9.301895402087499709e-02 3.889486973016883370e-02 1.278200448082787710e-01 1.361469563260611464e-03 1.157353360749068319e-02 8.591067556847076236e-03 -1.610151794537793279e-01 -1.182889889803497435e-01 -1.454089402635796724e-01 -6.121351790678348365e-02 -1.331511931171122098e-01 2.473629178145235197e-01 8.381738287118228187e-03 -4.954919935639052336e-02 3.984663181697471052e-02 2.815448715765888482e-02 8.891857668482763821e-02 -1.234354520561305180e-02 1.154038091805607291e-01 1.688220577454896398e-01 -9.301460793486551748e-02 1.013379524167512882e-02 -1.463548370711084401e-01 -2.647993924051850884e-02 6.987877340931686332e-02 2.352368875242701884e-01 2.165428312205477379e-01 7.941759907462289658e-02 1.454440085301868767e-02 1.635368769983046588e-01 -8.154554144711674557e-02 2.017967203993006609e-01 -2.832050618295584021e-01 4.577063453652605030e-02 1.086241905694893262e-01 -2.225441817598665731e-02 -1.092391176077252973e-02 -2.496846728640667590e-01 -1.226788015843608684e-03 -1.729827858174350919e-01 1.960598925490890376e-01 7.836817960240069145e-03 1.364988901221863560e-01 -2.410879054271228839e-01 9.304847928745496599e-02 1.259446818945670621e-01 -2.843104720742673300e-02 -7.910180869061704534e-02 -5.821133485634081596e-03 1.306892453009050326e-01 -1.475277482324180607e-02 3.469562977712853380e-01 1.721604648090744039e-01 1.033012218907029128e-02 -2.203940222465886056e-01 2.386117973275541856e-02 -2.209518433603382959e-01 1.271225030954095496e-02 2.190638526104539408e-02 -5.268929510266166794e-02 -1.163954261493599512e-01 1.213018828235580132e-01 -3.413171612063930355e-02 -8.962955984861188663e-02 1.216473320603881671e-02 4.963125009697753193e-02 1.084344943247775861e-01 -1.560371898612909758e-01 2.098602776291396688e-01 1.511525933102323971e-01 1.418035518749518470e-02 7.940256502472754080e-03 1.265048325102892668e-01 3.880476693710219888e-02 1.393069451709465049e-02 4.677479853239257385e-02 -4.292927627888296765e-02 4.436268786963845634e-02 9.678822020710092788e-02 5.834965202527612332e-02 -2.745264904220701685e-01 2.222536648539881754e-01 8.153655986929060628e-02 8.713314462158416873e-02 1.979202597313129974e-01 2.410727025220054873e-02 1.030408189996385032e-01 8.041236929376206766e-02 -1.626755629644373036e-01 -4.236906220880874013e-02 8.111947021589351048e-02 -1.015190435205290675e-01 -4.430190669948463195e-02 5.989154472804366844e-03 1.389824070163629410e-01 1.651950682918760516e-01 -1.215705999660503245e-01 8.203614574345130181e-03
-1.840844831363613876e-02 3.141705056097444937e-02 2.284269047622204396e-01 -5.838225948963915446e-02 -9.974482057691481940e-02 1.044239420436145066e-01 -9.406917935300175559e-02 1.268462073608230163e-02 6.069538585063044556e-02 4.361885866651485366e-02 -1.495486503768890807e-01 1.458398537893609015e-01 1.061218402095953500e-01 1.694533117565308333e-01 2.635430261833050097e-02 -1.604395535405652995e-01 -4.263569343975390918e-02 5.968254389502648111e-02 -1.167452356461545493e-01 1.430905758857037857e-01 -5.772633845490249965e-03 9.258418063974186221e-03 1.567739168578428377e-01 1.866047871707184373e-04 9.750674672773987361e-02 -1.524061484186829130e-01 -4.163655120364256890e-02 -2.078156633289978406e-01 -2.205299346988353060e-01 -1.197323602702235201e-01 -7.415491556892958580e-03 1.155458181940217932e-01 1.270364758464513910e-01 -2.148180064065381145e-01 1.419281638485844939e-02 8.826294226810915688e-02 1.144096445967804909e-01 -1.659190123375573755e-01 1.893424771989445921e-01 -2.149352002614244583e-01 3.874272671887896147e-02 2.006259804515975881e-02 -7.971163369393489831e-04 -2.280108097281460244e-01 9.124749436412435410e-02 1.984461034940712965e-01 1.557982832526848271e-01 -9.290386719608818844e-02 1.123326826571264536e-01 -3.970516994599312954e-02 -1.452203513237394217e-01 2.128066651042071489e-01 -5.279296286558601142e-02 1.389333594494835886e-02 -1.855743094332744925e-01 -6.699649947959204765e-02 -5.342300454900301976e-02 3.987992635413806913e-02 -8.198031248976336838e-02 -1.860077303588471009e-01 1.452730887049109854e-01 -3.092442008747691221e-02 -1.332188729833997005e-02 2.097464959852771427e-01 1.314851393851032557e-01 -1.097100763472728391e-01 -1.296004434329132426e-01 1.359561017129896354e-01 -7.707493746491277109e-02 7.046018046546530245e-02 -1.132945862411878085e-01 3.293118183616834671e-02 -1.374361291717711986e-01 1.306577091026396575e-01 1.256958044695357379e-01 1.094307383960582969e-01 -2.434080086290512646e-01 -3.600322243117429211e-02 -9.142006718850882729e-02 1.093872200533957811e-01 -1.160336292746941556e-01 -1.646025032300745330e-02 -1.064945055598657542e-01 -2.103864576542026077e-01 7.069622618620609311e-02 -7.854025550092845476e-02 1.205022720822767068e-01 6.583407001660353253e-02 -2.078784835280221011e-01 -2.832700076268786921e-02 1.840322838156907559e-01 1.776750530466017219e-01 4.745612502974157904e-02 1.208618636810382119e-01 -1.016456194839404636e-01 -8.514151374996416222e-02 1.573302626113767810e-01 -5.584136620403737372e-02 -1.333086544395505613e-01 1.333634042865926017e-01 4.126757446651040800e-03 3.682061230734596374e-02 4.764560419457397611e-02 3.946595748678606574e-02 -9.295316924889579502e-02 -7.164130207130554873e-02 -1.525363262205563751e-02 1.309356698186090462e-01 -1.530544723585854083e-01 -7.655506116247605408e-02 1.275333710064558423e-01 -1.506048656405610531e-01 -1.524601482352790915e-01 9.261061918745187860e-02 -1.434043324744891656e-01 1.965292739981171488e-01 1.264241214311222217e-01 1.357578281905574002e-01 -1.676278363696605267e-01 2.906646726655825325e-02 3.255843654589154340e-02 -3.955508987988569369e-02 7.740758005472440917e-02 1.072669678341797161e-01 1.069653500291107562e-01 -1.970344220370145449e-01 -6.764491099609534763e-02 -4.365188004984633247e-02
1.652450429036053936e-01 -2.451525737125001634e-03 -5.838225948963915446e-02 3.109679471928997185e-01 1.310073312894869182e-02 -1.166382078488109042e-01 1.668746573233375885e-01 -9.453581639409823489e-02 4.394343769717672793e-02 -3.273912644875717759e-01 1.624748887084860038e-01 -1.231672227449678025e-01 -1.286893369917582741e-01 5.884390158228101214e-02 -2.092227066293594895e-01 -9.347463033344577399e-03 -2.702126993965883184e-01 -6.170579675007367704e-02 3.455273586796522856e-02 -1.367985906144538466e-01 2.476274677440620520e-01 -6.360461452183249764e-02 -1.385739795762323812e-01 -1.768629283832019450e-01 -2.240483153019577622e-02 -1.169907988866436127e-01 1.032988479402689869e-01 1.245178684444218087e-01 8.991982039799192861e-02 -2.438779341031906481e-02 -6.572269407943084896e-02 -1.020626648869781272e-01 -1.270766164888408878e-01 3.194332131860031648e-02 1.515813381823689632e-01 1.201824218318846699e-01 -2.778154256183997250e-01 -9.735289240802624811e-02 -1.069455518256458432e-01 7.988755070927765212e-02 -1.215504364992141401e-01 -7.419035670563203788e-02 1.616405687199937158e-01 9.335281859891227108e-02 -1.346429066838504274e-01 -9.088890640241341357e-02 -8.242101877798257981e-02 2.423947765582495362e-01 -1.179623875132982946e-01 1.817310215032420795e-01 -4.257756651894165772e-02 -1.002709403943990718e-01 1.790193942794193471e-01 -3.263568455049324357e-01 1.887114983730859008e-01 1.524808942732580330e-01 1.493107328574583559e-01 6.537493891895471143e-02 -1.045221530183213648e-01 9.071518001315675983e-02 -1.609562833535644888e-01 -1.075891802177046386e-01 -9.094071608242965121e-02 -8.689725971924167069e-02 -2.032887422425391222e-01 1.071290519981427380e-01 1.244816746851296618e-01 -7.192349494224462014e-02 8.888476170036516133e-02 -2.423859206529925814e-01 2.669577826638425133e-01 -3.243622138556418455e-01 -3.085972020583972741e-02 -7.063367010339839658e-02 -1.287855496301670011e-01 -1.150079810794080171e-01 4.982850545712261964e-02 1.305912748646134713e-01 1.012209824547823656e-01 -1.052745915932297854e-01 1.088945129441916265e-01 9.967610725700366825e-02 -4.850601532537284627e-03 -2.644551878642444412e-02 -1.308747714899071990e-01 1.844048808166189324e-01 -2.653206958061531950e-01 5.160414712805090620e-02 -4.110361387896204616e-02 2.951014764708032589e-01 -3.324563751025550774e-03 3.061236542977004149e-02 -3.312363101561174306e-01 4.702923156139880018e-02 1.125757723410076433e-01 7.793772376794831647e-02 -4.060132415321529575e-02 -9.393914678484259484e-02 2.747638218907219043e-01 3.658951522437362686e-02 1.365813616713102141e-01 -3.334527677423765879e-01 -2.294740933481038969e-01 -3.379428361327514035e-02 -1.063935375171824044e-01 6.061219792687599223e-02 2.035052406658680035e-01 5.182100938709926358e-02 2.213493862179812810e-01 6.533486737415097889e-02 -3.030115438342952106e-02 2.112372834095076757e-01 6.173213815494127399e-03 -7.865104319776536346e-02 2.785465199642283562e-01 -8.408662573703672150e-02 -1.129696810423245767e-01 -1.477936782802952986e-01 -9.201263233621283233e-02 -3.334737721469082095e-01 -2.265338897580009836e-01 1.850417711269843613e-01 -3.281803957150359330e-01 9.552058727239645664e-02 -1.185441388932492873e-01 9.542038412435251138e-02 -1.030995273470568102e-01 2.990005117207938379e-01
5.021898458361133410e-02 1.674663400306372341e-01 -9.974482057691481940e-02 1.310073312894869182e-02 2.808089276075356744e-01 -5.819692077833402838e-02 1.382990079394049998e-01 -1.714531952994810537e-01 -1.561727032820951211e-01 8.317582270737874928e-02 7.972038438283783612e-02 -1.565576095400662004e-01 -6.655229749954237606e-02 -5.266442552166687024e-02 7.604350615984824258e-02 2.611924512278619992e-01 -1.656851221718048245e-02 -2.042723341261275527e-01 2.015692807685799393e-01 -4.855548413911942723e-02 -3.434281947058811981e-03 1.403123752270603319e-01 -9.198390798224961862e-02 1.205996377873077841e-01 -3.077853039924193651e-02 5.095790485473905562e-02 -9.896376297739810368e-02 1.459197207693087306e-01 -3.928914730466447763e-02 1.965184953259232203e-01 2.459047175579406885e-02 -7.918516075602710647e-02 -6.006335044542249896e-02 1.309060532646774966e-01 -5.636958392414615632e-02 -2.117650618469834878e-01 -4.575665331094372346e-02 1.168075707082885939e-01 -8.414552963093553661e-02 -5.184380941147049421e-02 -6.289420905314084542e-02 1.052145489381677707e-01 -6.407661534788554325e-02 -4.687269796298179636e-02 -1.041980942481016276e-01 3.144689065013131501e-02 -3.213086342674854878e-02 -7.490378678912218424e-02 -5.899338789779367404e-02 1.119246455532033196e-01 1.277139384370794828e-01 2.251797393027279298e-02 -3.234815739733998274e-02 5.755392051354302207e-02 1.388631294201182927e-02 2.320668339106108924e-01 1.017740125104572152e-01 2.064629816397279063e-02 2.145534238574871577e-01 9.354809844101741323e-02 -1.378411390319211061e-01 1.713637054422726402e-01 -1.715660528438573695e-01 4.298409837663155070e-02 -4.060313670027150545e-02 9.381150694811052348e-02 9.832777962074887301e-02 -2.353916541173328159e-01 1.053831671522735894e-02 -5.478701157321370918e-02 9.946505213334204398e-02 9.677484622676239823e-02 2.443904032405519455e-01 -2.293024381756728902e-01 -7.789229873603374654e-02 -4.180616798584416149e-02 9.440932808573566926e-02 9.774029718803114303e-03 1.277061361448348330e-02 -5.375289645407912292e-02 9.028671934022300394e-02 1.955008994254955890e-01 2.799332363380094280e-01 1.306455184077970066e-01 -1.058921871316734209e-01 2.516743434800129339e-02 -1.169848406503646160e-01 9.017264340222578504e-04 1.579101741529072289e-01 -2.166752153961174279e-02 -9.330193155005002403e-02 -1.133180948425326906e-01 -2.727680353582284667e-02 -1.414005928509108889e-01 9.641693733578479697e-02 1.823607434734076937e-01 -4.634506897557182786e-02 -6.173952115808376689e-02 7.024774745430652223e-02 -7.692343025396571922e-03 -7.263357623437068089e-02 8.464709619985393008e-02 6.480452467486222390e-02 -7.118587721997732265e-02 2.151852389970767554e-01 1.848783233662740777e-01 2.042826828632495623e-02 -7.429136726859185413e-02 1.309535412968355073e-01 2.046113986684547081e-01 -1.766577478503275622e-01 1.196898926428595772e-01 6.778663925405729873e-02 -9.128575092035627614e-02 7.202933367721542357e-02 3.336028850585195243e-02 -7.051119929326402080e-02 -2.824492368850005028e-02 8.045755698282480717e-02 2.990793096567435569e-02 2.341102705728156930e-02 -1.371449293959274840e-01 -3.507337200615349287e-02 -2.050100596138946518e-01 -4.923064259919576746e-02 9.980160101768985326e-02 -4.413730444947974729e-02 -8.136327376836303971e-02
-4.598995192820458378e-02 1.295632267230349688e-01 1.044239420436145066e-01 -1.166382078488109042e-01 -5.819692077833402838e-02 1.938972714628018623e-01 3.239396041667578531e-03 -4.213538500435843465e-02 4.281279927587804818e-02 9.054542591299349907e-02 -3.831222360253633274e-02 5.424816907495225854e-02 1.907285930570581378e-01 3.308284199872885828e-02 1.037430863833771200e-01 -4.632216062725134920e-02 2.537126522459828143e-02 1.467859564138778231e-02 4.244746708092992510e-02 1.955945489082256405e-01 -9.780430896875987046e-02 1.111627543692144809e-01 4.386363446236980768e-02 4.524521832733177651e-02 9.684146512592578526e-02 -5.526509491044058475e-02 -1.303864456125957416e-01 -1.002242232413384920e-01 -4.280630341529568367e-02 3.449817522119779517e-02 7.611040327326369648e-02 9.907084374575984842e-02 1.938773389226131627e-01 -9.046979718005619675e-02 -6.857653350843237461e-02 7.676748349621115297e-02 9.816639089543612376e-03 -1.057733981200159878e-01 2.487798482315736054e-02 -3.579108151813423927e-02 1.569606591709999180e-02 1.011931981841840827e-01 -6.462595430634530957e-02 -4.171270809310922978e-02 1.255303094692742372e-01 3.203131576515144685e-02 8.313251334376058066e-02 -7.979779586458583818e-02 1.830041833212895375e-01 6.520582306562844148e-03 -1.209023697993082680e-01 3.114080581329227784e-02 -1.251256201603463958e-01 9.232728433710762905e-02 -3.821764885048715282e-02 -1.858439884438338116e-02 3.324796373680530964e-02 6.589604278039322416e-02 -7.296299690333404864e-02 -1.375661435132016601e-02 6.018344267936243108e-02 1.109240275451790630e-01 -4.140238470620916794e-02 3.200341591206316144e-02 1.642101584055009889e-01 -9.513730781238058376e-02 -9.957197168817277788e-02 4.087780494052007524e-02 -2.303967416723986389e-02 5.908168243686780924e-03 -2.103945921022075741e-02 8.601748249333622531e-02 -3.348407166296951676e-02 4.125568022019830694e-02 1.870746657390618128e-01 1.825570667578218509e-01 -1.038772323080703608e-01 -1.189947210334458966e-01 -2.741522687050192489e-02 1.854341363308340263e-01 -9.037609034909491190e-02 7.411760255666800801e-02 -3.923913616006855648e-02 -9.665552499711178858e-02 -3.733352438831805814e-02 -1.309925060566266286e-01 3.075784963915856231e-03 2.274772617043122752e-02 -1.007551654071229263e-01 -1.261481462844528945e-01 -4.130387387564574131e-02 9.592828593906567447e-02 1.148655028816988055e-01 -8.535931220432876887e-03 -8.018208226224465829e-02 -1.267834294289613695e-01 8.537615642235409086e-02 3.832643092359709451e-03 2.934248815709977407e-03 5.396780696767790320e-02 -4.549207093893177511e-02 9.331841912383984083e-02 1.138159252079576772e-01 2.519329071405344497e-02 -7.899564637842829140e-02 -1.236426635250034295e-01 -1.354282470263182547e-01 1.047571328904703218e-02 -5.784912602282652611e-02 -1.297907230437115589e-01 -3.837643339470409032e-02 -3.832463928565323953e-03 2.573739218767465142e-02 1.271500810128522452e-01 -9.747064612339264742e-04 2.674285007197617706e-02 1.813367685955408204e-01 1.184011967592003139e-01 -1.196648414598141946e-01 9.465537632419210312e-02 1.007928303945165582e-01 -1.017500975745714853e-01 1.047266711986087756e-01 7.935932291009591133e-02 1.973494301667775286e-01 -1.631598930904129205e-02 4.051746118123676632e-02 -7.455789912612550974e-02
1.403280418820863629e-01 2.399607032113965921e-01 -9.406917935300175559e-02 1.668746573233375885e-01 1.382990079394049998e-01 3.239396041667578531e-03 4.312804109794395324e-01 -3.798496965411893855e-01 3.553729129778196265e-03 -2.548897317812301999e-01 2.539622203968929237e-01 -2.009704522732062015e-01 -2.201640153653859622e-02 -1.449626406594321237e-01 -1.098561235289118587e-01 1.784054716613502345e-01 -1.578880490383987589e-01 -1.886652670498180362e-01 3.507080446996829748e-01 -7.831924105611780262e-03 2.319614335239538749e-01 1.069030822245708723e-01 -2.429025987553656840e-01 -3.296105317374655591e-02 8.386809496234901018e-02 -7.118999530829199160e-03 -5.141121807939978694e-02 3.505399807811532820e-01 1.180613036105283287e-01 2.079266966516412907e-01 -1.384597685586456406e-01 -5.005220297798385065e-02 4.346611422457212666e-03 9.153711348228188438e-02 2.396031101827024168e-01 1.075972935086940419e-01 -3.925941580762124516e-01 -1.006507694139387003e-02 -3.488703751356502236e-01 8.556855282449031541e-02 -3.258073078554260538e-01 9.283276441771581844e-02 2.348026570356111786e-01 1.191431637583828113e-01 4.381391354541959438e-02 -1.298619698493730101e-01 9.059777108254918679e-03 1.161267909109736651e-01 -1.751381408153575812e-03 2.796524977504968867e-01 -7.411892238909391362e-02 -1.564869092766927594e-01 9.180015375360578433e-02 -1.894271957302437193e-01 2.591005478051529032e-01 2.676298988285752412e-01 1.680474758584065698e-01 -8.833526454214654655e-02 -8.980086969741207792e-02 3.647506641535809280e-01 -2.270904364511024676e-01 1.501800429787756019e-01 -3.604233060960752022e-01 -1.092085739297690983e-01 1.105286102836916529e-02 5.304444010750461458e-02 8.048299587207023709e-02 -3.502759123807333008e-01 4.278000579892940469e-02 -2.264657259322040428e-01 3.358413418645562754e-01 -2.587348371346164244e-01 1.791402633645469422e-01 -3.387477682030389237e-01 -3.327071998302328498e-02 2.771886247423524172e-02 1.105434365610102054e-01 1.806016654442746117e-01 3.996690523058874650e-02 2.212018752225348300e-02 3.862138904995125743e-02 4.035554579569194389e-01 1.099229342726245617e-01 1.485723838481788350e-01 -1.698058105881171675e-01 1.404779701250494228e-01 -3.233698069493776694e-01 3.862575618712770636e-02 1.620510029166266075e-01 1.145951563455407107e-01 -1.191791607437432815e-01 3.645374087966586629e-02 -2.403138540840105142e-01 -1.127904154926608338e-01 7.722334866459386327e-02 5.067571310228256853e-02 6.751586574399930096e-02 -2.610642000098368776e-01 4.368569196138160082e-01 6.124938790352912193e-02 2.304854028948681577e-01 -2.778462397269173545e-01 -1.459093098797485666e-01 -3.450712271399110354e-02 -7.959703718204315381e-02 4.942085165092378884e-02 1.618721048250775785e-01 3.683534777197024213e-02 2.297003013117435710e-01 6.560577916923716890e-02 -3.375969122065984873e-01 4.644036795770297710e-01 9.712993730621430344e-02 1.171869790800742217e-01 4.202741049586683486e-01 -1.269394123287865550e-01 -1.600375233265537156e-02 -6.730080316843720101e-02 -2.831371953855999282e-02 -2.174952453090042426e-01 -1.454851774094713390e-01 1.064697575459721962e-01 -2.155101899347136585e-01 1.023238982714172463e-01 -9.327114587477550178e-03 3.632163719955848746e-01 -9.019848321855501727e-02 2.557952207794919053e-01
-1.489946444531178582e-01 -2.889183595698888163e-01 1.268462073608230163e-02 -9.453581639409823489e-02 -1.714531952994810537e-01 -4.213538500435843465e-02 -3.798496965411893855e-01 4.164617269440419323e-01 5.366325007728618007e-02 1.627408383849836826e-01 -1.104998475527362856e-01 1.061510866322006724e-01 -1.905827615535853753e-02 4.599241850361322076e-02 2.790310076743983403e-02 -1.842390986818453480e-01 1.732193031099454605e-01 2.188111899836472918e-01 -3.230414597402990196e-01 -6.002808178308519788e-02 -2.001725370390897984e-01 -1.417835266892545354e-01 1.037520829181808463e-01 -6.060820950093341597e-02 -6.679700324655639398e-02 7.887749519744420568e-02 9.528294821838896589e-02 -2.448172698784694401e-01 8.812757117735105228e-02 -1.839314373874285646e-01 1.078751528112149027e-01 4.067853885793396712e-02 -5.574203219633542400e-02 -4.265061045188976718e-02 -2.171758080061270413e-01 -3.657773875799719132e-02 2.524660364421640324e-01 3.656624428229174328e-02 1.918352245399424505e-01 1.223769145201438757e-01 2.809365992572141479e-01 -1.251814163036116256e-01 -1.990397826450238383e-01 9.642288011560977423e-02 -3.317027865342044718e-02 -5.931659066443243505e-02 -1.441781777817487398e-01 3.190129707674762422e-02 -4.293913248760532209e-02 -2.865508239654289135e-01 9.304080634407362049e-02 -3.815648175510640006e-02 -4.602262374930739253e-02 1.174821344549139834e-01 -6.430460173797498957e-02 -3.050408560932778013e-01 -1.134980268373283474e-01 4.940570838014726740e-02 9.260398196357700479e-03 -2.155413040885381937e-01 1.195220824309172203e-01 -1.917988950566777984e-01 4.165326957790055906e-01 -8.934005868096711600e-02 -8.125270030779059571e-02 -4.335780169938319162e-02 -5.552179274143136112e-02 3.463226003896584526e-01 1.758708436411197257e-02 1.382720777287842762e-01 -2.304504681016986967e-01 1.682476027936073704e-01 -1.854111353197442358e-01 3.381764101420657864e-01 -1.333459801110317179e-02 -7.100781434209464671e-02 -1.205944581184859900e-02 -1.530689548342005768e-01 2.580046991736724069e-02 -6.423796295746282692e-02 -2.857382503066966534e-02 -4.408997636442719137e-01 -1.450471176590105438e-01 -9.538289948079042846e-02 1.069432163992458523e-01 -9.747936410180012279e-02 2.230112689064774889e-01 -8.864185043298795919e-02 -1.265795036440277577e-01 -5.308946613843901902e-02 2.637669290906725569e-02 -7.244820527235926177e-02 1.656486801127824426e-01 7.409567781776181528e-02 -7.831481969189353631e-02 -9.433787031044921223e-02 -1.819705380777943693e-01 3.323789702671086088e-01 -2.945476462890778691e-01 -1.584612374537062718e-01 -1.915802896054981386e-01 1.824396956573126616e-01 5.439649589921997930e-02 4.147555584534370898e-02 6.824146763066426570e-03 -1.049714309868045176e-01 -1.348906986283917031e-01 -9.427108388105644166e-02 -1.263342420946694522e-01 -1.259016999838780959e-01 2.904579487202608168e-01 -3.435808259971926959e-01 -1.353464180470200819e-02 -9.325941876296550692e-02 -2.749846155042842688e-01 -6.050508437158871183e-02 -3.027829994900345725e-02 4.362750914076080760e-03 6.754406554271639995e-02 1.442694423030071449e-01 9.308222043008784752e-02 -1.559559978217032843e-02 1.426224143167598990e-01 -4.837344932919833418e-02 -4.350124293691222388e-02 -2.087602031879086939e-01 1.489034170443613303e-01 -1.695893479592807118e-01
4.383515535135575764e-02 -9.847963028658253404e-02 6.069538585063044556e-02 4.394343769717672793e-02 -1.561727032820951211e-01 4.281279927587804818e-02 3.553729129778196265e-03 5.366325007728618007e-02 2.237891606549977930e-01 -1.340815399035004407e-01 -9.016450999414442335e-03 4.251582121458234373e-03 4.859636659532297343e-02 3.971849843975330113e-02 -1.963241520215640024e-01 -1.268919379092856847e-01 3.187342995825651060e-02 1.769923313300007517e-01 -8.469166625126152426e-02 5.015749952113577464e-02 -9.629680237129893683e-03 -1.245446232986696794e-01 3.295053967952754626e-02 -6.210946576998124108e-02 5.667473197074123642e-02 9.423377958830924522e-03 1.015549802573894878e-01 -2.354856175093566692e-02 7.027212505674140797e-02 -3.888940931550404628e-02 -1.454498528860892759e-01 2.624765281111469256e-02 5.099320640405793220e-02 -9.933019793499969774e-02 6.580066429140546402e-02 2.095749669552736671e-01 -1.105924690257048398e-01 -6.390832215297952146e-02 -3.549611928323991722e-02 8.491518230291679459e-02 -4.300227951079634015e-02 -1.105999759705171143e-01 7.126337650826372605e-02 8.066589877228085015e-02 9.504730818952490667e-02 -7.715922035312708371e-02 -2.000369919164377355e-02 6.127442891730355834e-02 5.096562437513204452e-02 -1.821266134834755718e-02 -1.344771586132985364e-01 -7.045508389239751867e-02 9.868989576217099269e-02 -5.555544402866473969e-02 1.022646663479601092e-01 -1.098978740821264927e-01 -4.018820756650983567e-02 -1.746138741683850304e-02 -2.323125695423065573e-01 2.713815416817512080e-02 -1.314372794350345680e-02 -3.315319484472310785e-02 5.375172048486836357e-02 -8.330713881248841268e-02 4.983271664442695363e-03 -1.385979958525996626e-02 -1.362151967974602022e-02 1.173502979844245619e-01 3.974326554957348379e-02 6.136940815450175717e-03 7.947127673078006535e-03 -1.464044707013741620e-01 -9.428533814445762273e-02 1.169153931297146204e-01 6.492596320643177765e-02 6.074605835117893871e-02 -5.612581055276263248e-02 7.830253975964661384e-02 4.380639158680478540e-02 4.636710960805420778e-02 -3.599226225125256445e-02 -6.225612479526288628e-02 -1.736181310652266663e-01 -1.177434466516346229e-01 4.192900761784403713e-02 -6.968440473112318123e-02 7.670671608327412315e-03 8.218591900853508547e-02 -1.358210386114629964e-01 6.369383648325767366e-02 5.868094106676140231e-02 2.412633027804787778e-02 -6.537922673673435270e-02 4.261933551949922266e-02 -3.216759524686504251e-02 -1.712307749079098884e-01 3.610575902412027898e-03 3.319414272458017651e-02 7.681254460511088844e-02 -6.652009092222471720e-02 7.883189812629474991e-02 -1.588039577950667580e-01 -1.897995338034091373e-01 -3.005320853116424593e-02 -2.379575520328395255e-01 -1.686000847349076182e-01 2.745245084742389124e-02 1.048726609991614857e-02 6.528184481232826401e-03 -1.764527541197622174e-01 7.544925164341684254e-02 4.715040939643158624e-02 -4.566185987756980064e-02 1.264582832139889979e-01 7.810645465659217523e-02 -7.347078699172526761e-02 6.060391598424454129e-02 -3.483151794247146132e-02 -4.568262829905382627e-02 -4.809589474182988239e-02 -1.412133666535601018e-01 1.077931576000727143e-01 -2.633566535929696834e-02 2.137996115803458552e-01 1.804430292451684320e-02 1.776801397743025396e-02 9.945423391664458268e-02 1.134216827965870006e-01
-2.074685695082504888e-01 5.495522985148346660e-03 4.361885866651485366e-02 -3.273912644875717759e-01 8.317582270737874928e-02 9.054542591299349907e-02 -2.548897317812301999e-01 1.627408383849836826e-01 -1.340815399035004407e-01 4.735931515517214363e-01 -1.666094116132564029e-01 6.405790845163357450e-02 1.043595745805744462e-01 -5.559608603506303176e-02 3.009710297120035682e-01 6.129728667664254005e-02 3.137304477326278707e-01 2.933876297191236743e-02 -7.135252410722311978e-02 1.114189186938981529e-01 -3.266944088960073156e-01 9.821665664322161426e-02 1.314981239694587578e-01 2.222929360922298037e-01 -3.293108660766375963e-03 1.623473173261407165e-01 -1.284356329890580517e-01 -1.992542616876989969e-01 -1.006207238763750789e-01 5.798015259315653092e-02 1.596006880894549618e-01 1.066192679220655387e-01 9.375462989438747285e-02 -2.294836158810582925e-03 -3.036040762102954482e-01 -2.848187129375471249e-01 3.588806602930317835e-01 1.571184286343722813e-01 1.764183462527504909e-01 -8.702158205628325593e-02 2.125732822290210822e-01 9.163344408074652891e-02 -3.129937480764439228e-01 -1.097261245324257367e-01 6.033838152294601631e-02 1.069712820820949983e-01 -1.268756859400230370e-02 -2.801305271622890891e-01 8.736596557488231218e-02 -2.053356691885299956e-01 1.670823772729450041e-01 1.216399517523125279e-01 -2.246102095166600809e-01 4.036273547450574539e-01 -2.432974504917101433e-01 -1.204611712285091757e-01 -1.188242266342971337e-01 -1.088024553176039806e-02 2.682169783333802626e-01 -1.630655657555531990e-01 1.109911184104847987e-01 1.249396390684116148e-01 1.555938065465007347e-01 1.007570140181057033e-01 1.669979466527223844e-01 -1.110192870089608680e-01 -1.343631843039492235e-01 1.151574923095911862e-01 -9.242517310855963286e-02 2.428715428312761271e-01 -2.827871236902149699e-01 4.856393632155043272e-01 7.119918132690455925e-02 1.122376620517421403e-01 9.961838238477267737e-02 8.191365465845311389e-02 -4.519429195927004289e-02 -2.122460464058626428e-01 -1.073724913062026748e-01 7.474929661895943211e-02 -1.027117388860677438e-01 -1.596293521604682242e-01 1.197735514252421946e-01 2.994600951376761439e-02 1.039023354039683572e-01 -2.330499819628786828e-01 2.646942520195130211e-01 -1.026892720280835475e-01 4.896357171162384059e-02 -3.186028549898195505e-01 -4.324171250283604523e-02 -1.024434253544641155e-01 3.735572062388219372e-01 -9.127420647990881764e-02 -1.234033450448076830e-01 -1.156724746304396353e-02 -7.456436044102372762e-02 2.003903955963816097e-01 -3.521755391133402635e-01 -9.735383449979566339e-02 -2.890808350369612478e-01 4.934958328339147382e-01 3.273696613341531836e-01 -7.576557923313744294e-03 2.678484495506413543e-01 4.704203696006291346e-03 -2.398806289968484495e-01 -1.415955172662130557e-01 -1.757707632247962615e-01 1.224639918612613733e-03 6.728141553206068437e-02 -2.929288352756885816e-01 3.594161453011777974e-02 -2.547926639287212761e-02 -3.492517943022883653e-01 1.000412098664754251e-01 8.307478628330683401e-02 1.816856046310739992e-01 1.412934219624474019e-01 4.010884886207322642e-01 3.022617853698917334e-01 -3.218082667594222568e-01 3.528740629629528724e-01 -2.639193699116637037e-01 1.048060544508337411e-01 -1.570465908337127792e-01 1.314826270827771648e-01 -4.400629456570314679e-01
-1.402457888273562006e-02 1.447455944956825835e-01 -1.495486503768890807e-01 1.624748887084860038e-01 7.972038438283783612e-02 -3.831222360253633274e-02 2.539622203968929237e-01 -1.104998475527362856e-01 -9.016450999414442335e-03 -1.666094116132564029e-01 4.567694332317406847e-01 -2.726052920073813723e-01 -5.995756878517097960e-02 -2.662585889230060232e-01 -3.638283485534315326e-02 1.146763548208388217e-01 -8.913840333950366623e-02 -1.683335042588260666e-01 3.063349743817888049e-01 -1.058927756196998138e-01 1.372945774240831585e-01 1.493590094575424354e-01 -4.650480376202048016e-01 -2.384665481995944525e-01 1.025497719171054173e-01 7.012293570683604538e-02 -1.066826479678485290e-01 3.181048308289211590e-01 4.456875651907449276e-01 1.799431802006979109e-01 2.630218899727887472e-02 -8.556997385543456749e-03 -6.668290891125855380e-02 1.121268043848023116e-01 5.966780521528823600e-02 1.122224072187232718e-01 -3.915796632842461489e-01 -2.496785933559101875e-02 -4.754260391961775412e-01 4.308903587721695794e-01 -1.645633697028899833e-01 1.406222999613311875e-01 7.871466905875779130e-02 4.612772341626286132e-01 1.033757769686099483e-02 -4.173133255353728144e-01 -2.689519842187932941e-01 3.728440958997468191e-01 -5.824948838576012727e-02 7.086863272373460088e-02 2.591469347688579641e-03 -4.421243259035327333e-01 -2.933226517843114806e-02 -1.774071294562013512e-01 4.922832551190280959e-01 7.151152146547244681e-02 2.984531777899227523e-01 -3.523107289448648011e-02 -1.104619444458395661e-01 4.650359130537229380e-01 -3.031855011213107631e-01 1.646250563021905283e-02 -6.068408672737983511e-02 -4.189075906861771115e-01 -9.647485977734227003e-02 1.388368284043330070e-02 5.653874937342283358e-02 -2.174743162540251351e-01 1.702925296442850678e-01 -3.621328763212794399e-01 3.763052988396012322e-01 -1.562361805389611835e-01 1.024465204952189207e-01 -2.014316329258392657e-01 -8.332803451339698686e-02 -5.680057093279815283e-02 1.962669955336537042e-01 -6.533369402049463842e-03 1.675601701586689474e-01 -4.068736411191798547e-02 2.912004246762897597e-02 1.457977475435850434e-01 7.713049932763474392e-02 1.466020558408281105e-01 -3.275598332156193226e-01 1.618693683096062430e-01 -3.956637638851105976e-01 -1.438232368278214712e-01 1.207771761550531370e-01 9.938660293498720322e-02 -3.259706114461667359e-01 2.399362143731553071e-02 -1.921466268540310274e-01 -1.842604796543173551e-01 1.949671937482656131e-02 1.723385725402181226e-02 -2.030343282027424756e-01 3.350103645790411533e-02 4.481448487629293709e-01 -1.159640380245573893e-01 9.043990953899025409e-02 -1.668471323559472252e-01 -6.302935556240615855e-02 8.109836500640808798e-02 -8.589997190780596092e-02 -1.275465319895883673e-02 4.401839430454732721e-02 -1.309500927433163431e-01 2.977196559603955683e-01 -1.400521147915315123e-02 -3.434580294098952824e-01 4.070111741685275564e-01 2.848729513828434645e-01 5.900725911735060086e-02 4.422110474615842390e-01 -4.159523361514718687e-01 -7.355775593431258808e-02 -8.143059179798925462e-02 -3.119734576511398044e-02 -1.910784640978431537e-01 -1.829048639556755604e-02 1.312266827647472767e-01 -1.922254965923671510e-01 6.864432292130934199e-02 -5.648350009999838356e-02 4.839767544392343801e-01 -2.311504708928684496e-02 1.780864118368727378e-01
-3.771507169732947473e-02 -8.793590648496432682e-02 1.458398537893609015e-01 -1.231672227449678025e-01 -1.565576095400662004e-01 5.424816907495225854e-02 -2.009704522732062015e-01 1.061510866322006724e-01 4.251582121458234373e-03 6.405790845163357450e-02 -2.726052920073813723e-01 2.830702466041080667e-01 6.721833619266522064e-02 1.835425485923269651e-01 6.865928713705211905e-02 -1.746138686292187103e-01 -1.049970489124278650e-02 9.365665770019178382e-02 -2.040303336635128084e-01 8.328112009541425997e-02 -3.574144804360059741e-02 -6.105176449360763535e-02 2.761626193968463872e-01 4.247506499851891326e-02 -3.652567346234203427e-02 -1.430026070642894664e-01 1.583274931229928725e-02 -2.308405862452181379e-01 -2.679771673938819432e-01 -2.152902516432186331e-01 4.214718938874188053e-02 4.428838156080922711e-02 7.165936062605048062e-02 -1.258506671985557546e-01 1.599367848497204592e-02 3.818008241597603547e-02 2.784519074884280188e-01 -9.968690265146777640e-02 2.996670613435268304e-01 -2.597258967182421996e-01 1.327858126455306043e-01 -3.692621624457194385e-02 5.593484660884915499e-03 -2.740983816195283196e-01 3.057369189140982102e-02 2.573627740106165795e-01 2.346625380256582016e-01 -1.534694881936886079e-01 6.480521831590774218e-02 -1.103839932267781931e-01 -9.274419473667146196e-02 2.700901676884968627e-01 -4.877678957601485482e-02 5.515922479193795941e-02 -3.014262212757469195e-01 -1.354144949638742268e-01 -1.733817216314642307e-01 2.950324577143475374e-02 -2.735726685445527898e-02 -2.958446936728705290e-01 2.971238416675421878e-01 -1.009779430030276343e-01 7.971808236895015776e-02 2.573617453988228942e-01 9.236934023939974425e-02 -5.334800818583732007e-02 -7.681128108648926922e-02 1.644371310485108761e-01 -1.037077105486690354e-01 1.983749299110931230e-01 -2.599681189914671009e-01 4.923021327200089586e-02 -1.711673165884970427e-01 1.548940242988336990e-01 8.055663016071538951e-02 4.491339667778256745e-02 -1.638813161329651102e-01 -5.218828596225690702e-02 -1.056430182218893593e-01 5.236281538897891163e-02 -4.920244616147240180e-02 -1.293568499035651354e-01 -1.549191039751660892e-01 -1.313365154973818727e-01 1.849012077787691721e-01 -3.258009377876235763e-02 2.707125102291165208e-01 5.621936631293302650e-02 -1.291123457192572266e-01 -7.689935196047555099e-02 2.207086015229977605e-01 1.158606949801014724e-01 1.459738927078152171e-01 1.841184150861378543e-01 -4.213123005938893689e-02 -4.190721719364885051e-02 2.036067395715627226e-01 -4.528210385493672274e-02 -3.044199134339731772e-01 1.615330162890910026e-01 2.249710708604078010e-03 7.148487163770417263e-02 8.851313077052179457e-02 7.245038915650428568e-02 -3.716843935198058807e-02 -3.088706930814612284e-02 -6.148650326053087256e-02 1.635272667919968614e-01 -2.801896152676785490e-01 -3.799204461358973717e-02 2.162918029895856131e-01 -3.021226051067015805e-01 -1.902444273666309138e-01 7.946068620501058879e-04 -3.074616917347661738e-01 2.529753821005525372e-01 7.477252118312152640e-02 7.678544012771891525e-02 -8.683718920005673025e-02 8.429802490863862185e-02 6.853354874212284897e-02 7.929981307910768940e-03 1.390034374148658436e-01 5.643162329629188012e-02 6.783485662546050177e-02 -3.098124151340205801e-01 -6.694156125457417783e-02 -6.226997192888448357e-02
