7.420282963797908415e-02 3.090342558446358863e-03 -2.728096525482233761e-02 7.588365212497091665e-03 -2.258027482666768310e-02 -4.516596833175846176e-02 5.421125673502744796e-02 2.049011416984505146e-02 -6.093346320367292943e-03 2.814444778549901258e-02 -5.845282306946932710e-02 -7.089322886981366811e-02 2.905728371225406448e-02 -7.201594383484291595e-02 1.073297408045800413e-02 2.502061895309003192e-02 4.637497273022383321e-02 1.498791569068234387e-02 1.020434423556209648e-02 1.617287533964034685e-02 -4.558662160556696541e-02 -4.367417260653374926e-03 1.076645896935925044e-02 3.568045640941615304e-02 2.360888427955280117e-02 -1.913222694980329722e-02 -4.362723826917676989e-02 6.877052972187880364e-02 2.479558041441696711e-02 -5.293972120536255543e-02 5.127135924626164548e-02 -3.396676738805268908e-02 -1.475698767969247337e-02 -7.234014819481761338e-02 1.104303713009672019e-02 -1.370377954994855471e-02 -2.207793031740565640e-02 6.791701610990112485e-03 6.604418034484427604e-04 1.711680518638907661e-02 4.651969287222187943e-02 -3.114869124092648628e-02 1.755195499178257082e-03 -1.036243322045255974e-03 9.508572068148604672e-03 6.770676010306064807e-03 8.006001235221889278e-02 -6.559657233470622684e-02 1.420725829048602451e-02 3.687387262253594838e-02 6.602059026115288110e-02 3.266979899225394557e-02 -3.809018408819585949e-02 2.903558463012484350e-03 1.791089276462208210e-02 -2.693770939890171440e-02 -4.052213914115621735e-02 -2.373983907387031481e-02 2.035666619237918792e-02 -1.160357571603141610e-02 7.759810869966837082e-03 9.946656514878504315e-03 -3.163121376305311205e-02 5.708640645024391780e-02 3.356006001067254191e-02 8.065856186779146340e-04 -4.045360573705897994e-02 3.402146205818036562e-02 -1.187306582067947612e-02 3.575508204658716521e-02 3.112376820632446056e-02 -1.249397349405732827e-02 3.725456503167820510e-02 -1.604723396622658935e-02 4.475474309816862388e-03 3.295251771639422927e-02 -1.498260634280662411e-02 -6.370668937874923721e-02 3.115443093927014115e-02 1.567136801634138460e-02 -1.450300496109648181e-02 7.021394469711977893e-02 1.737177164274354355e-02 -1.384353782160860705e-02 2.505561355319992425e-02 -5.392256225866545738e-03 -4.299716652009263201e-02 -3.354914221251180644e-03 3.856421109314657480e-02 -3.057861600693030993e-02 4.459614996474819959e-02 -1.750549608070756102e-02 7.286049937449316782e-02 -3.814177230293414045e-02 1.044316317785185140e-02 -2.091970977418253913e-02 -2.525622748257582567e-03 1.876889320212931853e-02 9.885602979365358187e-03 9.164327591399465747e-03 -1.659581022498689620e-02 5.698488938277793125e-02 -3.089397358856292575e-02 3.830817722807214332e-02 2.910919442183654976e-02 -1.954513000206486648e-02 -1.480258565919599298e-02 -4.358800511938324546e-02 3.734384826324320394e-02 7.261364841098483236e-02 -1.073306627545559874e-02 -9.879050172834106733e-03 2.604669681398232364e-02 4.898473225796860786e-02 -1.397758728792873953e-02 2.339519751560201546e-02 3.282187693945504137e-02 5.521041366261076559e-04 1.622218507878402452e-02 1.671286165518905825e-02 5.200732486021851508e-02 -1.789303870523323986e-02 2.930288582737076986e-02 2.556292539808161651e-03 3.253015597410401777e-02 -1.623820062504160305e-02 2.757548274991391407e-02 -1.798624279511744015e-02
3.090342558446358863e-03 5.081040002486595514e-02 -3.583668034937650959e-02 1.980755752695038951e-02 -2.061008708979780030e-02 1.828403356330498067e-02 2.079916809487013588e-02 -1.937062455209916448e-02 -4.311379397712748057e-02 9.917325483294301552e-03 3.535747966806768866e-02 -1.648080954072151522e-02 4.089535183268042280e-03 -1.840538738172421002e-02 2.254417953955742751e-02 2.595148515270015097e-02 -1.397621742412226593e-02 -3.493581020861605269e-02 4.163881495026125479e-02 -1.717634963940921225e-03 4.823005436036678986e-04 -1.050550120891878374e-02 -1.166122691503997631e-02 -3.003398085839120712e-02 -1.725645669661559842e-02 1.202379015133518952e-03 -2.774942231273359872e-02 2.143630960310772063e-02 -1.685672085651790386e-02 -8.784529452853492891e-04 3.487843755553891173e-03 1.964460895106383449e-03 -2.977630480394460530e-02 -1.077012722269677855e-02 -6.145515942558687356e-02 1.937797466193405885e-02 5.144182510687664994e-02 -2.470207972858995057e-02 -2.424115070088769114e-02 -1.743155135340907283e-02 -1.783471688475555400e-02 2.016672175947187284e-02 -9.533268592170235714e-03 2.260821583333762555e-02 8.518101340410292981e-04 3.624485852300370764e-02 1.767336031196828361e-02 -3.472015724443371781e-02 1.156320338976111898e-03 1.774417349953927997e-02 1.452139718801220489e-02 -8.684910530723340821e-03 1.192439619758131272e-02 2.452650279646992337e-02 -5.531345859099250778e-02 4.010340846162380873e-02 -9.657382706834860553e-03 -3.289943222517642540e-02 3.863494067621522920e-02 3.076587733090131380e-02 -8.338789754604959345e-03 2.369506562714385201e-02 -8.501085812241531434e-04 2.698647623589050387e-02 2.153496966815505315e-02 -2.153377071177356439e-02 -1.121494884773817889e-02 -1.439755116776815242e-04 -2.367444437075987007e-02 -1.732934948364624195e-02 -3.890822926072649499e-03 5.275642308195799268e-02 3.062989215374792989e-02 -1.915686004363548189e-02 -2.827926749405199058e-02 9.874924753857546034e-03 -6.932105368686877073e-03 -9.424452901317144230e-04 -2.542141735453060103e-02 -1.583033361598411553e-03 -5.133490395238898135e-02 1.931110815852597057e-02 1.588580598541396854e-02 -3.097251919459726235e-02 -5.174932274875184562e-02 1.225053641770063734e-02 3.816285258536178567e-03 -1.561101620030765601e-02 -1.772456393034136865e-02 -8.204719218121566890e-03 3.071186498715182400e-02 5.656875093678818966e-02 2.468413056970459457e-02 -1.024707032418579154e-02 -2.234712536002246910e-02 -3.563201359397540589e-03 2.317315371211524973e-03 -5.576921992939198880e-02 -3.143316858570952346e-03 -1.040220687805886932e-02 -3.414504181876593103e-02 2.875290220429445320e-02 1.415495510199137573e-02 -1.319991831607165121e-02 3.276645366877677795e-02 4.299562299215002972e-04 2.715729917836272322e-02 2.426642695468919989e-03 -2.941914444634199585e-02 2.226849856328113816e-02 -3.105529580854250044e-02 -2.714835444576103179e-02 7.787347913645346897e-03 1.589188481241171624e-02 2.634723538209999064e-02 5.114119430714792261e-03 -6.927618818098985227e-03 6.240436857508772917e-02 1.807189242538051813e-02 -3.156384022322647476e-02 3.959541435940130971e-02 7.078999146751754727e-03 3.762442377300902890e-02 -3.906238699071251652e-02 8.505936765237165700e-03 4.340188310921320319e-02 -3.882184160441249504e-02 -1.740421667483367171e-02
-2.728096525482233761e-02 -3.583668034937650959e-02 6.495228629520052865e-02 -2.346565487753714263e-02 1.034902081092581999e-02 1.871732838992954534e-02 -2.517032673594814252e-02 1.341111683965269703e-02 2.147616255230925045e-02 -3.024056410290399885e-02 -1.110500280131504654e-02 2.918916297683789643e-02 -6.636345521579438585e-03 4.611592978580467128e-02 -2.556844265485543749e-02 -6.210240082652223291e-03 -2.497529842947981624e-02 1.030684708651379358e-03 -2.188107297579370766e-02 -3.405508723437781268e-03 1.304809697248455157e-02 7.192698997940778598e-03 8.554420355880047733e-03 2.208577865473389940e-02 3.363551952732425285e-03 9.091991078593816139e-03 5.043221991690281791e-02 -2.715546980634221327e-02 1.459449677839580288e-02 4.716995446464174527e-03 -1.960435470059147811e-02 -1.269405226380431080e-02 4.560443377366791423e-02 1.529657566482882022e-02 3.841512903304851456e-02 2.767690280420298261e-03 -3.695061595795777476e-02 1.426441047653756629e-02 1.299988332525818698e-02 1.119854140261216172e-02 -1.507858455508706737e-02 1.913984163280257195e-02 9.494341722352661736e-04 -3.419986180412028232e-02 -7.316545155980073295e-03 -1.670267070188097627e-02 -4.362269395716302650e-02 4.295271447485102256e-02 -5.604856821759146915e-03 -9.727874888559254890e-03 -2.334744667763245102e-02 -1.316820155049363075e-02 2.266575025099763080e-02 -1.277147891798776670e-02 4.908940539851159440e-02 -3.233453285142384726e-02 8.391060128830830217e-03 4.424158031243987516e-02 -3.406566045111945884e-02 -3.224042631703037416e-03 -1.283073390869605632e-02 -1.801249257912537760e-02 1.440040463775978802e-02 -5.384509594122790371e-02 -2.525141359535507460e-02 2.022021454048492095e-02 2.691098955218654623e-02 1.185624475560523305e-02 3.111000317819151428e-02 -1.425345046229701401e-02 8.088379208589646999e-03 -4.285019387500228760e-02 -1.005815683306774365e-02 1.866590448246262246e-02 1.914054800465562339e-02 -1.078012422890130793e-02 4.344861821736196658e-03 1.031590980311119198e-02 2.702905145787238075e-02 -2.945609024587600260e-03 5.905348047509784148e-02 -2.636513487030781727e-02 7.756072263401202031e-03 1.246996417223355733e-02 3.320012862513042895e-02 -9.228737493184953691e-03 -3.761952201184597892e-03 4.094472389424785169e-02 -2.465428710747786731e-02 8.293741898984638775e-03 -4.902803869599919873e-02 -3.468992338680072784e-02 -4.460891051381019046e-02 -1.437733323564110250e-03 2.784638432873307728e-02 7.132406466863215611e-03 2.297778263743475730e-03 4.968524481120147052e-02 -9.932806292074999356e-04 2.030346789833060647e-02 4.518785620604419406e-02 -4.018530688496766562e-02 1.003514550965444070e-02 -1.009969174508474135e-02 -3.490142674220981373e-02 4.459723926264936786e-03 -2.738131174145150108e-03 -4.410212816140053269e-03 6.007267809708777620e-03 -2.876262884193724750e-02 2.068453515228058440e-02 4.283661501497598029e-02 -2.521886467799984433e-02 -9.971029328948629797e-03 1.223910069661898791e-03 -2.609558921652567823e-02 1.117725186208096827e-02 -4.908302636623432247e-02 -3.132096789460725450e-02 3.203182366569768628e-03 -5.647470853756992454e-02 -8.435553283408563042e-04 -5.727989371823677400e-02 2.168357971023507011e-02 -2.253341163429047923e-03 -7.549423709073967495e-03 3.226679946763626183e-02 2.649134048390497376e-02
7.588365212497091665e-03 1.980755752695038951e-02 -2.346565487753714263e-02 2.776160125784931862e-02 3.637683676002086836e-03 -2.444096126746738221e-02 5.839270578072065614e-03 -1.563334222717684824e-02 6.496667262968106732e-03 2.047603135909132135e-02 3.275061441269608645e-03 5.901184161487213649e-03 -7.389320589035241159e-03 3.660926538144631398e-03 1.243057212870864181e-02 -7.768068522094830411e-03 2.738826234826662390e-02 7.634238712345751618e-03 -6.473147635141486556e-03 -1.296794432411238485e-02 1.083085766877359135e-02 -2.854090660744149164e-03 4.650708899759430082e-03 2.105571552058625902e-03 7.539422070537139114e-03 -2.637666809701874875e-03 -1.261445355315060288e-02 -6.876120214899248892e-03 -2.471882895955219983e-02 9.508785819013827745e-03 -2.182609424114031939e-03 1.966888464379326629e-02 -1.133510507508682028e-02 1.833395643341167655e-02 -1.438305605658292928e-02 1.603041793451523813e-03 1.902274881452995468e-03 -1.019820670672160617e-02 2.009310921828177249e-02 -1.686430378895532878e-02 1.605315272583029626e-02 -2.438982263854553786e-02 3.368637853075635586e-03 1.075191783921214221e-02 -9.263003651425273655e-03 4.847807807317443783e-03 1.359552764407307834e-03 4.591903957759057436e-03 -1.179336319316374483e-02 -6.633102966801363888e-03 -9.109919315978664417e-03 2.235318634158982645e-02 -2.705876253828499306e-02 -2.576932582237501795e-02 -1.294028230183198909e-02 -3.775518128523657271e-03 7.349000793068312040e-03 -1.396113396587282673e-02 3.253721135697750129e-03 -2.459696495220540721e-02 2.695328956350841187e-02 -2.551436468218186079e-02 1.953139715982267835e-02 2.608223624306328300e-02 -2.618830343327033586e-02 -4.302213046190094328e-03 -3.488720151195676047e-03 -1.098173948441103463e-02 -4.637699054319069543e-03 7.048632065405658308e-03 -1.410063909395665484e-02 7.380502230236466767e-03 -6.640872414722067373e-03 8.824809381602085299e-04 6.758284803714867915e-03 -1.476753487533988447e-02 8.556601619251870752e-03 8.017261883373125869e-03 -8.664997769988176321e-03 -1.159256324136047345e-02 -2.556835614363280745e-02 -5.069262635306344585e-03 -2.072371760789766190e-02 4.013291669775821170e-03 -6.943302044064513477e-03 2.423091553712718518e-02 8.806087574892701789e-03 -1.187126787403256466e-02 2.108786027419742512e-02 1.405959066893481234e-02 2.127384124644171939e-02 1.633363254908708553e-02 3.443511795890304844e-03 1.998716274139865356e-02 -6.549685121454354789e-03 1.355895118014481884e-02 2.211565419845372069e-02 -1.298894214222022329e-02 -1.290678019600256105e-02 -8.273617054317616848e-03 -1.492973489384150261e-02 -6.540465102542802021e-03 -9.424845617566238870e-03 8.610282210549879967e-03 4.468187117831893748e-03 1.382646956563068040e-02 -1.375395828257015667e-02 1.716075078628571601e-02 7.471952362108642137e-04 -6.213845673665084612e-03 1.693123626443940322e-02 -1.519560960130240772e-02 -1.935547639462382920e-03 -7.074630201055166594e-03 -2.668445145443084504e-02 3.142237525347051086e-02 -1.564067483991334051e-02 1.772799633928782634e-02 2.555906354548029974e-03 3.054693038801772594e-04 1.621512692291437324e-02 1.311470111718656545e-02 1.532881815896325328e-02 1.056563485996946192e-03 -5.190120010589325747e-03 -6.995934034736125962e-03 -1.366987865885527752e-02 -1.085492129782458966e-02
-2.258027482666768310e-02 -2.061008708979780030e-02 1.034902081092581999e-02 3.637683676002086836e-03 4.950109629127293076e-02 -2.301740000330998459e-02 -3.648589405648087342e-02 2.626763479710227545e-03 1.981488278304054801e-02 1.214185163177264153e-02 -8.946087709436742128e-04 2.384353099310410756e-02 -4.158710435522849219e-02 3.919821834892247420e-02 -1.438282785873296749e-02 -1.433393249853702478e-02 2.216750013435696970e-02 2.611215721356038855e-02 -1.980937177490068798e-02 -3.866325767440850769e-02 2.706407059878114876e-02 2.425000326347358931e-02 1.994992421723877564e-04 7.433175147047717084e-04 -3.007348113892166930e-03 5.866490154802284952e-04 2.138553460738000164e-02 -2.613739344861597605e-02 -1.014322354360988609e-02 2.968001998775822090e-02 -2.568815556599302399e-02 2.853013475586407832e-02 -2.889433218846849775e-03 3.906589216061780168e-02 3.715052625131887859e-02 -1.482367834965628642e-02 -1.360910646010330197e-02 2.090862809410310927e-02 1.763479601307428243e-02 5.017457551856413338e-03 1.060329122667878765e-02 -3.013857183507087992e-02 5.516805734248288531e-03 -8.935520517108511140e-03 -3.553325021750352447e-02 -3.398619903566323097e-02 -3.835978504578146930e-02 3.335628967506944903e-02 -3.780117510910954715e-02 -5.001657192486057973e-02 -1.792882088313433459e-02 5.258038495016895131e-03 -2.272439432858846739e-02 -2.325864081757903629e-02 8.651643333505541419e-03 -5.843423761872077078e-03 2.437309509280066733e-02 4.188809917485351517e-03 -1.829628819007369719e-02 -3.486966466484088534e-02 2.543538454061475620e-02 -2.429571688124073509e-02 1.698173741366871756e-02 -1.366241942271376013e-02 -3.194370602267655734e-02 2.740118391443014528e-02 2.566292536642763786e-02 -4.011809030525109038e-02 2.769914333874323731e-02 7.633649469424333769e-03 -8.358626994193605123e-03 -1.606944161566838808e-02 -4.500297658115636618e-02 9.311854326345085989e-03 4.573649149469592896e-03 -4.656121133988676969e-02 6.832354955495427255e-03 3.500522715415625014e-02 -1.041383108767729958e-02 -3.782854383710980428e-02 2.406219147060698060e-02 -3.018006105475506268e-02 -2.453572573953880301e-02 4.443882924253364508e-02 1.356929418299028696e-02 7.182644112516040937e-03 1.077687062939361277e-02 5.862555354378852848e-03 2.364149048410937176e-02 2.493361840811114324e-02 -1.537217251430193256e-02 -2.975067146421078376e-02 -4.157392655994836955e-02 2.618980086164127141e-02 2.456468164996586032e-02 4.587866280333226243e-02 9.079502364735524481e-03 4.617209751947651437e-03 -3.599382193231302068e-02 -1.281053315014413392e-02 1.373839174002416605e-03 -2.627603970339613404e-02 -4.197981679374377870e-03 1.808847301696143311e-04 -1.849604990742711660e-02 4.207685040266859883e-02 -1.957555011339292758e-02 2.289897035446101722e-02 2.316367052905701687e-03 -2.710039524433115882e-02 2.503453260998541458e-02 1.519471163840668652e-02 -1.854104404726834507e-02 -4.664182496455645394e-02 -3.361581088526392064e-02 2.164972193974495918e-02 -1.870518520327425077e-02 -3.529740677500770030e-02 3.565631052613545127e-03 1.528247423777677298e-02 -2.990239292723117365e-02 3.771044483511022671e-02 -2.293721454157509124e-02 1.377828100409895715e-02 -4.366563451464981760e-02 -2.913902830787589923e-02 -1.428893213860967307e-02 1.469212088671682445e-02
-4.516596833175846176e-02 1.828403356330498067e-02 1.871732838992954534e-02 -2.444096126746738221e-02 -2.301740000330998459e-02 8.250832655815464045e-02 -1.235000896983364481e-02 -1.165578230606601796e-02 -4.931052059288507095e-02 -4.198961313610014012e-02 5.788257834718995437e-02 1.938243269568648217e-02 9.921311802645769659e-03 1.348872011984501330e-02 -6.404493532602817570e-03 2.117419931464866595e-02 -8.542804417422276975e-02 -5.972527623280303455e-02 4.552151857768277354e-02 1.873257665647939246e-02 1.064515666494363771e-02 -2.133427352138120119e-03 -1.181717168132017694e-02 -4.313356881512926677e-02 -4.026213903714048747e-02 8.809621437413841377e-03 2.406179294835080265e-02 -1.234012272844062404e-02 8.485355308741146128e-04 1.448565368250729138e-02 -1.926137617599157914e-02 -1.052568238707702816e-02 1.104018404953384033e-02 4.914251397592514156e-03 -4.828152409439697562e-02 2.002819888144030669e-02 5.257080509845891980e-02 -1.807300300723083814e-02 -5.345002945645377368e-02 -8.632306325318740009e-03 -7.037062964208326554e-02 7.796272956045083302e-02 -5.154822306398326726e-03 2.765575640399071597e-03 1.824143659158195332e-02 2.755944872029542081e-02 -2.437325259326527174e-02 -2.714858098300923072e-03 2.029940699581169947e-02 1.750824539675874952e-02 -1.565615170875106488e-02 -5.875179759936843132e-02 7.686736413716274696e-02 5.774145747121719324e-02 -3.791825246737833000e-02 5.088989325040946948e-02 2.702896481779774266e-03 1.548177139660746569e-02 9.196121980769859233e-03 7.576870368210128492e-02 -5.585807987386472162e-02 5.351271559999334904e-02 -1.045655424911280489e-02 -4.947730464262797140e-02 3.776201365993924614e-02 -1.262083018133763890e-02 1.408789385022863640e-02 4.286957131101300916e-03 -1.044605791821603957e-02 -4.141126914788748059e-02 -5.510502906363234921e-03 4.130119608479721621e-02 2.583600158806186042e-02 -8.319770181316346255e-03 -3.927998945739703818e-02 2.176163872609028493e-02 -1.514445699325521651e-02 2.079506309293430166e-02 -1.924092838684445667e-02 1.736777748946580907e-02 -4.274242394709406798e-03 -1.521987608069828683e-02 3.494589406658127340e-02 -4.027345735678024286e-02 -4.778682278302223696e-02 -1.719419668532190526e-02 1.871887180685249952e-02 7.574865028715258540e-03 -7.586091480524487229e-02 -9.743544755489847581e-03 -3.254661575531040546e-02 4.346635063790136450e-02 -1.592227567203461855e-02 -1.640721320989844620e-02 -1.882580344712758702e-02 -2.365235722625199516e-02 -2.565682303965203734e-02 -3.815459724641145217e-02 2.107684581096283538e-02 1.084389857111079693e-02 1.252579003109761772e-02 3.843402647461242275e-03 4.562992745726480309e-02 -3.943181944863900085e-02 -3.094630292832638470e-03 -1.814822152047244203e-02 5.964611499275991602e-02 4.949123044350939304e-03 -4.274363194850658298e-02 -1.467880389550821514e-02 -4.942122243243363827e-02 5.291832763766799591e-03 -1.310626682901039602e-03 2.911591055870375432e-03 7.671577011826484493e-02 -5.777366189671661462e-02 -4.257654932224653847e-03 3.676128520276007727e-02 -9.705549383380952799e-03 -3.703696182312101598e-02 -2.115998837146488773e-02 -1.228926313623522615e-02 -4.741233119374120911e-03 -3.023314388630674726e-02 7.875030449033327759e-03 6.613288738945846679e-02 -2.551699317102703105e-02 1.603593954937327856e-02
5.421125673502744796e-02 2.079916809487013588e-02 -2.517032673594814252e-02 5.839270578072065614e-03 -3.648589405648087342e-02 -1.235000896983364481e-02 5.438898548500813168e-02 7.382644762238163051e-03 -2.126409976673524632e-02 8.012641003131730152e-03 -3.005066414726509372e-02 -5.932948241917189447e-02 3.421993264134941953e-02 -5.831156827987884345e-02 1.030277667986001337e-02 2.844471272605483478e-02 1.373996357813047492e-02 -1.460309004397100652e-02 2.349513102819836274e-02 2.540045649445098891e-02 -3.495470101708235411e-02 -1.484265039400034687e-02 4.818976398532224571e-03 1.692855235349567319e-02 1.344060619891092150e-02 -5.198066205934982927e-03 -3.641046356150674790e-02 5.998409172059224886e-02 1.507670887720192164e-02 -4.112038721668896668e-02 3.616312124971902270e-02 -3.806035532083552192e-02 -1.558161138980312943e-02 -6.212917900748665678e-02 -1.800225562536244411e-02 5.814413697192174699e-03 -1.103751675851853036e-03 -9.541594994677113709e-03 -1.011613808665421006e-02 5.124305567199139225e-03 1.510399673292946859e-02 8.603929792866472958e-04 -1.867288337492941513e-03 7.460271645545116367e-04 2.073132363620977178e-02 2.681679850696066722e-02 6.295216663351328734e-02 -6.136237618260117349e-02 2.317866570701861140e-02 4.589919632980307002e-02 5.360361217367282799e-02 1.780826403219088611e-02 -7.463538500922508798e-03 1.544939190491122737e-02 -4.990221996106940401e-03 -8.183472446018460675e-03 -4.471416829459499975e-02 -2.353942720898432109e-02 2.689004540931747012e-02 1.753556714460464613e-02 -1.184349798193774783e-02 1.958624077432017524e-02 -2.798775682836952133e-02 4.310908259780336926e-02 3.718965751057912855e-02 -1.450346236946888426e-02 -2.915368810448957723e-02 3.761799634372745699e-02 -2.539566793880101980e-02 1.402825120148046972e-02 2.203290372166064742e-02 5.364819618147603254e-03 4.775068759436943561e-02 -1.526216484938015643e-02 -5.542020874069454768e-03 4.273525259379967051e-02 -9.370111917745855418e-03 -4.754816981485687766e-02 1.815955347562757394e-02 2.375317084377846777e-02 -2.909212581612761334e-02 5.981688903349391406e-02 2.358675456617352964e-02 -3.368431628910808356e-02 1.084096257889003876e-03 -2.951878988608728962e-03 -3.005691835286829552e-02 -9.802705122222832431e-05 7.063106850623993536e-03 -2.608274253280333174e-02 3.748331179378579237e-02 9.641065328330976000e-03 6.037281424030100513e-02 -3.625259389614612221e-02 -4.924512879404321745e-03 -3.182172506404308543e-02 -2.307928584591433310e-03 -2.519878848192427020e-03 1.953049280112750460e-02 9.304221870198133709e-03 -1.871144191515436775e-02 5.207988867065455052e-02 -1.908870122376924924e-02 1.526086576995364964e-02 3.048222002466868114e-02 -2.856204356827789573e-02 1.113898353445764294e-02 -3.372291602912719233e-02 1.809737095439391263e-02 6.251159894707292164e-02 -2.026851069794586777e-02 -1.071200197001397590e-02 1.782642775492872950e-02 5.472564703542427689e-02 1.427707654280679396e-02 2.604363259726263230e-03 2.253718199175108045e-02 2.441652789554504127e-02 1.424160669959949506e-02 -9.694017698170494593e-03 4.696795780139806364e-02 -2.409341843475903272e-02 2.913686905953158379e-02 -1.256227212730769323e-02 3.855346074048296434e-02 1.566154000744727354e-02 1.589566274886693512e-02 -1.515906689060489594e-02
2.049011416984505146e-02 -1.937062455209916448e-02 1.341111683965269703e-02 -1.563334222717684824e-02 2.626763479710227545e-03 -1.165578230606601796e-02 7.382644762238163051e-03 3.493872333952949272e-02 8.479642288044169154e-03 3.299392651975849343e-04 -2.535369361840920238e-02 -2.939282465434350441e-02 2.644873222927229036e-03 -1.441242081310051618e-02 2.712618429006768452e-03 1.265948693719841540e-02 1.023342419948179531e-02 2.050095508291703908e-02 -5.735330617629717624e-03 3.493250790060652144e-03 -3.213054685491464890e-02 -4.766560858031657316e-04 -9.038115563093548563e-03 1.640180438574545194e-02 3.217376519639528545e-03 2.610357177070627473e-03 -7.816034232006545401e-03 2.856865802938677104e-02 3.933266521269574573e-02 -3.499375071170714863e-02 2.595600772658444161e-02 -1.521773634612447884e-02 -2.080740127069666615e-03 -3.531611588888693837e-02 3.116730355298751379e-02 -2.328298824063320966e-03 -2.282204602999682655e-02 2.708917849581505416e-02 -1.321324446345357832e-03 3.562773473770549509e-02 1.605160638666916148e-02 -1.058868253451467241e-02 -1.358719482230799115e-02 -3.449587946618267332e-03 -2.472620831621761498e-03 -1.511690159286399604e-02 1.852312925478339506e-02 -1.395746553964883653e-02 2.116237666347692281e-03 2.215864610514580411e-03 3.169570758742632638e-02 -7.104086192295264255e-04 -9.649163047270573404e-03 4.113243871840053210e-03 2.757149457030921499e-02 -1.772187784743444600e-02 -1.150193582765427457e-02 -5.201712575468181617e-03 4.912776136414978914e-03 -1.139905022286291994e-02 3.659627331054393033e-03 4.884837052958662142e-03 -1.037984846554151734e-02 5.104158720545709169e-03 1.570749330568562904e-02 5.338486414746755962e-03 -1.468442637224670264e-02 1.981208209215302649e-02 1.619345586619266170e-02 3.683624789069125938e-03 3.666294970289084992e-02 -2.314592091602729260e-02 9.646454554935842557e-03 -1.039664870079510389e-02 6.527396543482083535e-03 5.727934074257749753e-03 -1.165806499626649323e-04 -3.590958645648070074e-02 1.505531985408438585e-02 2.830519567420992227e-03 2.608958239410647667e-02 2.716351579856440476e-02 1.774236451076208892e-02 1.656413995161900438e-02 2.696743417432958048e-02 -1.933465512682419618e-02 -3.592085349580517034e-02 6.361793114749854719e-03 1.545702298954363708e-02 -2.313546556406790092e-02 1.454130884973382429e-03 -3.292544101917782573e-02 1.167405608252969351e-02 -2.195692144694904799e-02 1.614310521130919024e-02 -1.415277255994359332e-03 -1.569182673935132222e-02 2.983262985555759639e-02 1.619337449325345150e-03 -9.227397394502394323e-03 -1.249123772435751850e-03 1.249108016429565857e-02 -5.317387682099027242e-03 5.006752609798226401e-03 9.415351815544216116e-03 -6.713038466414393383e-03 -1.635525504854817500e-02 -3.835742222449491090e-02 1.157718236978365692e-02 2.863550570814451385e-02 -6.509579574910714234e-04 5.692664814555506436e-03 1.263144550526981193e-02 1.360216439526913679e-02 -8.196458729091448889e-03 -2.732463158244200808e-03 3.512857025050293569e-02 -3.212898390019694461e-02 8.679170099179312273e-03 1.422354986956525513e-02 5.590980185388958260e-03 -7.980690922224541878e-03 -1.006030235094559390e-02 2.977458774094630511e-03 5.999735255016125368e-03 -1.943890898910054232e-02 2.574049560951625557e-02 -9.911425240927329919e-03
-6.093346320367292943e-03 -4.311379397712748057e-02 2.147616255230925045e-02 6.496667262968106732e-03 1.981488278304054801e-02 -4.931052059288507095e-02 -2.126409976673524632e-02 8.479642288044169154e-03 1.017612889282240446e-01 -7.077249512888864058e-03 -3.215911943903959624e-02 4.598068868938438164e-02 -6.167954478139749813e-03 5.213421252975261599e-02 -3.078763738607073058e-03 -7.339821773102764291e-02 5.007130388003034477e-02 6.687034927582755084e-02 -1.003870207005255061e-01 5.338676706765208523e-03 5.474823400762774718e-03 -2.294217139008672759e-02 4.090127579650220876e-03 3.912608575070157524e-02 4.777166264076269236e-02 2.911534648411704534e-02 1.577202116825573638e-02 -5.639427136911661503e-02 -4.146521295758822181e-03 1.052326627033553855e-02 -1.165539623955888504e-02 2.515274173274314323e-02 2.038434305363104673e-02 5.316605168268316584e-02 6.329115391607725849e-02 5.192995592747996249e-03 -8.239317133404049087e-02 1.599842347476668550e-02 8.720716452814281094e-02 5.746943079399354296e-03 3.950757903484124894e-02 -5.530826291237606052e-02 -1.069423253341877759e-03 -6.914235935918887008e-03 1.035718935385393849e-02 -3.786201844793930793e-02 -4.575735402213759739e-02 8.416036131909557239e-02 9.364516354366213540e-05 -3.148127739746147541e-02 -5.322508439509089639e-02 5.015830997930651597e-02 -4.551881011816213962e-02 -9.138860132241367895e-02 6.250381893455747573e-02 -6.988158070298625124e-02 1.952589198873662391e-02 2.030326494682176824e-02 -4.749127339673225867e-02 -8.511358164885397815e-02 5.451386832413483707e-02 -9.326257788865438547e-02 4.448800409070045869e-02 -2.896316502935727261e-03 -8.714669210339741345e-02 -1.006597200278791342e-02 1.370820569585634412e-02 3.147613539555197456e-03 1.279158549499164604e-02 1.238187553940792163e-02 -1.399182268056476351e-02 -7.583129839832783436e-02 -5.904516923518122323e-02 3.692421204675888635e-02 7.534595191044521356e-02 -2.528564113654841947e-02 5.861933891274626746e-02 1.303083702743950377e-02 1.183708234487211228e-02 4.551650517624841394e-03 3.145693539590155297e-02 -5.054047458946855920e-02 -6.553776021673846097e-02 5.597537569879514757e-02 6.716345918180652297e-02 1.582171101822115594e-02 8.056778722663760980e-03 -2.550383705977949094e-03 5.104386535149324500e-02 3.483461483270638981e-02 -1.434149177000288398e-02 -5.326086919252216723e-02 -5.262342277432088128e-02 6.004641876854703575e-02 -3.923785931649817135e-03 5.980529058324626432e-03 3.053480619248597969e-02 7.118554209907432262e-02 7.087761461550291624e-03 -2.016314130944395905e-02 1.823572851129428088e-02 -7.821968498730590136e-02 -4.174006553801944130e-02 5.666282401301903082e-03 -3.572962657446777240e-02 -5.448044316397005794e-03 -6.936188124401422572e-02 1.832105473428500414e-02 3.437059903188051380e-02 -5.908497651779105742e-02 9.498960842021374196e-02 5.644022738075281723e-03 -1.793735000152914261e-02 -2.161431836066337459e-02 -7.990865866781812765e-02 2.220121808799898136e-02 -9.614960317742953996e-03 -6.651945751627463821e-02 -1.839854093572229621e-02 3.168574217500867707e-02 -3.262482971603884035e-02 -1.605290414920472822e-02 -3.809204493157725135e-02 5.492415904776295349e-02 -8.248096206668310837e-03 -7.692066438842730391e-02 5.593103542439697290e-02 -1.196650551327314502e-02
2.814444778549901258e-02 9.917325483294301552e-03 -3.024056410290399885e-02 2.047603135909132135e-02 1.214185163177264153e-02 -4.198961313610014012e-02 8.012641003131730152e-03 3.299392651975849343e-04 -7.077249512888864058e-03 4.898117547368983915e-02 -1.637217246447085842e-02 -2.408053562336049183e-02 -1.185158225942092858e-02 -3.270373014932201339e-02 2.038480102606766986e-02 1.243738876075927563e-02 4.698811082897665081e-02 2.446659916498103091e-02 8.477732339921684526e-03 -2.657982859214083615e-02 -8.725783208528976181e-03 9.705975329752893760e-03 -2.066568245606993908e-03 2.531962724691209400e-03 6.832526074382736306e-03 -2.474501755418948706e-02 -3.592032867943798641e-02 2.457796207695414625e-02 -1.857183773018902242e-03 -1.317867145854158956e-02 2.060843986704204156e-02 1.054463768928660429e-02 -2.335564331689108514e-02 -2.042523807257552379e-02 -1.283728464540088076e-03 -1.862484640077427533e-02 1.360923654857957958e-02 3.976536962588901082e-03 5.978525211731388874e-04 2.687489193630615059e-04 4.283137957689535369e-02 -3.950421307733460730e-02 -3.860117409696405422e-03 1.459257315466451835e-02 -2.658105001957235605e-02 -2.945009963412112842e-03 3.594497951437457955e-02 -2.818746970640629082e-02 -2.224851171263302757e-02 -6.237300170798868414e-03 2.547293907844843872e-02 1.805985454730138148e-02 -4.388954468111259249e-02 -1.801314234596497867e-03 -6.294353180044162666e-03 5.941541106371829584e-03 6.093266628249975440e-03 -2.757252183130199860e-02 2.440715389892273920e-02 -2.581982724368161314e-02 2.657828496317479750e-02 1.308764740778468102e-03 -5.407443533648543382e-03 4.427510972751062812e-02 7.847626195233013691e-03 9.658397991698434298e-03 -2.341322088000164989e-02 -1.341493638271885024e-02 4.289645442085824462e-03 1.872120906016799119e-02 5.507919567000925387e-03 1.922348412997551201e-02 1.006528901061006268e-04 -1.158327648634216098e-02 -2.773102736382794097e-03 -1.698620379035047784e-02 -1.763330146481746630e-02 -2.114926705134771018e-02 4.067845696880648836e-04 -2.292348957972762877e-02 -1.382264863050519481e-02 2.687904975533092142e-02 2.536585753444461824e-03 1.140741121926213374e-02 -7.913573974464545649e-03 7.061893430419964070e-03 -1.231070008359044787e-02 -1.853230033009072020e-02 3.849387084171771584e-02 -1.118469121828155263e-02 3.807953570150746092e-02 2.696084178071309501e-03 3.578836179308529652e-02 -1.128310916475175688e-02 8.403400598672958535e-03 2.535269399985013924e-02 4.564542344172506892e-03 -1.149453619840182413e-02 -2.747256315510875416e-02 -7.987794456397769721e-03 -2.500949135742766560e-02 2.531586574040347801e-02 -5.528128102509327624e-03 2.790429326187118808e-02 2.831260360823686234e-02 2.489237633363868690e-02 -2.536660749513549098e-02 -9.321329639426310237e-03 3.148918313656971172e-03 2.802864735707734367e-02 -7.857723064589029055e-03 -2.088707422697285571e-02 1.344001156684519402e-02 -2.218674220909533194e-03 -2.989085202081068204e-02 4.265007572907915379e-02 9.497724471392502213e-03 1.142754474673652459e-02 1.909832498885819657e-02 1.815072873011760318e-02 4.164693619361694438e-02 2.519185234426305278e-02 3.135234007338125878e-02 -1.069345608241466412e-02 -8.748192919467210824e-03 -2.199930091997435652e-02 -1.782352059746698456e-02 -1.891952948456944450e-02
-5.845282306946932710e-02 3.535747966806768866e-02 -1.110500280131504654e-02 3.275061441269608645e-03 -8.946087709436742128e-04 5.788257834718995437e-02 -3.005066414726509372e-02 -2.535369361840920238e-02 -3.215911943903959624e-02 -1.637217246447085842e-02 8.265915693875490466e-02 4.394388257578150936e-02 -1.636881419276024416e-02 3.512475806955740742e-02 1.492705880992092719e-02 -4.677279722345444751e-04 -5.587597698494478626e-02 -3.573039370529885322e-02 2.778606742791150941e-02 -6.750161004067578921e-03 2.630840265682626161e-02 -4.696274675666338265e-03 -2.289571315621430000e-02 -6.015746176222498687e-02 -4.182292190752862071e-02 1.291792249863189801e-02 8.992484436962802988e-03 -3.932753731187969837e-02 -2.486401472491823680e-02 3.604107128745665661e-02 -2.877590869999600842e-02 3.527597110674422776e-02 -1.317128056893833617e-02 4.703420879035909163e-02 -5.990182358094404969e-02 2.248438403446737302e-02 6.505928638791930174e-02 -1.991097054130048019e-02 -3.071837579615732672e-02 -2.013271199567014114e-02 -5.505138836473302127e-02 4.420368543693653507e-02 -1.119036293185247076e-02 2.985802139184644266e-02 -2.172718921671431690e-04 1.918644319684366037e-02 -4.413672608695356353e-02 2.331235908365556636e-02 -2.278939465821806700e-03 -1.489510288783631002e-02 -4.172590421106068398e-02 -4.392914237601643068e-02 4.455007510303186230e-02 2.749576711279657498e-02 -6.160496169236742703e-02 6.247462596358813874e-02 3.193253109385583988e-02 -6.909250076585308868e-03 1.469621101525724408e-02 3.744272996647517865e-02 -1.400955581222915192e-02 2.234968139048010630e-02 2.083196972015502468e-02 -2.702812596348337995e-02 1.181157325331421044e-03 -2.107465114894292724e-02 1.359807509664568564e-02 -2.729506839358014289e-02 -8.292150947902893199e-03 -4.292752673282578674e-02 -2.384455067182924062e-02 5.723111368886299455e-02 -4.606423692756760058e-03 -8.743365300268771123e-03 -3.226475909416703231e-02 -1.423018758364575503e-02 3.459417908305899465e-03 4.331726975838216809e-02 -5.049359003825791559e-02 -6.450753337611296601e-03 -2.858229976356363097e-02 -4.136244735466947792e-02 1.453801742918779671e-03 -1.266290912334861775e-02 -6.341405784964933290e-02 5.729372119156438993e-03 3.639304172396665149e-02 -2.136035782935405761e-02 -4.561052586682826787e-02 9.550069712854368856e-03 -1.371883640581902063e-02 6.033204656373625241e-02 -3.340465185876068110e-02 2.204635065836556621e-02 -3.343390158827758141e-02 6.036284753895847927e-03 -8.602537532496262740e-03 -6.188456264159132580e-02 -2.258416895486952455e-03 -2.114378057983441056e-02 -1.351947264199598875e-02 -1.992885114784253078e-02 4.365187195605336329e-02 -4.133969087596418152e-02 2.852157380463373609e-03 7.837778645195244559e-03 3.295876483258133871e-02 3.170727092584518098e-02 -5.773985830929797419e-02 -4.228722242978681656e-02 -2.604138808206434008e-02 -2.243351306376703547e-02 -4.527123224224162651e-04 -2.979351367886295607e-02 3.808770763245760554e-02 -2.028216976406786720e-02 -2.631131115823411720e-02 5.024967410327100398e-02 2.092273433813237899e-03 -3.118503187989698708e-02 -7.942159907140687938e-03 1.212192511787439815e-02 1.245736517753636037e-02 -3.327789512793304094e-02 -1.891301611447826839e-02 4.620142680880583858e-02 -5.408185235092178439e-02 -4.762072776736988970e-03
-7.089322886981366811e-02 -1.648080954072151522e-02 2.918916297683789643e-02 5.901184161487213649e-03 2.384353099310410756e-02 1.938243269568648217e-02 -5.932948241917189447e-02 -2.939282465434350441e-02 4.598068868938438164e-02 -2.408053562336049183e-02 4.394388257578150936e-02 1.013140896459257950e-01 -2.360215843065702548e-02 8.657115519472140253e-02 -1.096760681621573343e-02 -6.073102979187228190e-02 -2.180200608648943592e-02 1.207775872657068997e-02 -4.986599255457271201e-02 -9.695687068298857597e-03 5.356307304502524319e-02 1.316163634417459724e-03 8.126446163203789735e-03 -1.207357379817456181e-02 -4.801162576180127359e-03 1.315794287531221046e-02 5.467652344563715683e-02 -1.045878480002508243e-01 -4.331925548476698445e-02 6.318521256193826430e-02 -5.206949817250917240e-02 5.542907539785837251e-02 3.833462953252791267e-02 1.059337093790605200e-01 5.283450667428648238e-03 3.088788449703179072e-03 -1.321374546973318187e-02 -9.284938910782657151e-03 3.649265837019483733e-02 -3.036813413930649838e-02 -2.621125002087276376e-02 3.320974904578122017e-03 1.367967522334663164e-02 1.588554795027195604e-03 -1.090341182078533554e-03 -2.060421829415758771e-02 -8.970866943483332689e-02 1.035773974703870226e-01 -9.048715248458972724e-03 -4.313543912301023159e-02 -1.017030107467122718e-01 -7.577457698608520975e-03 1.264868252535389891e-02 -4.772681241061720037e-02 9.480009832711621190e-03 -7.198145212422213911e-03 6.019521738999585730e-02 4.584731647932589055e-02 -5.448179542741272280e-02 -2.928072350371694471e-02 2.111818826821404427e-02 -5.348206607492283354e-02 5.639449631874806496e-02 -5.676028426822568584e-02 -7.894125441896811257e-02 6.739686200072527280e-04 3.828707189972373193e-02 -3.537380116050285045e-02 1.707023990202574323e-02 -1.788240332183642020e-02 -5.141553137097186477e-02 -1.744783755678864373e-02 -5.957547456612449777e-02 3.374594942514472923e-02 2.534017808966180715e-02 -4.209417964363456471e-02 3.004777690984189453e-02 7.041831637185604065e-02 -1.903024280123118833e-02 -8.037876729220214816e-03 1.983732182437836222e-02 -9.878860607372849656e-02 -5.358904092564321237e-02 2.562805886519014392e-02 4.350256915426209924e-03 2.292785686198504924e-02 5.859217435737593127e-02 -3.659553298015316702e-03 -1.505949329148419114e-02 5.117262292376383720e-02 -5.137449952711244799e-02 5.758342146052107535e-03 -8.330958398093731010e-02 7.253329946530211181e-02 -1.556075110847817203e-02 1.675823958273474357e-02 2.313862340451955726e-02 1.114895715083468082e-02 -1.593575375137888921e-03 -2.173573478131365488e-03 3.848154788604565835e-02 -9.297751661371041199e-02 1.640041042677777006e-02 -1.908131576843807159e-02 -5.832393618960730192e-02 1.507644031179699619e-02 -1.501821827695477146e-02 6.438102722732701177e-02 -1.574160645569584738e-02 -1.089172271269783498e-01 4.913603774263935325e-02 8.017034185530380261e-03 -2.571115479505599669e-02 -6.288256765949939986e-02 -2.388799521370691542e-02 -4.121881367082173668e-03 -4.676682336020739073e-02 -1.718369070457506989e-02 -4.138861103246702783e-02 7.529316687637605150e-03 -6.741381681767469325e-02 7.694461216957799478e-03 -3.798155807124357908e-02 3.380824920050598537e-02 -3.059623957018680132e-02 -1.611655806571425653e-02 -6.462364687678609325e-03 1.831314121024376837e-02
