6.572745037997236583e-02 -1.044841031518611851e-02 -1.780950356847865734e-02 4.903942510256040221e-03 -2.044115801600336971e-02 -4.782482358657301480e-02 4.632874147930634429e-02 1.783202814171570144e-02 2.960975301491383313e-03 2.563531458684967235e-02 -5.962377633704794844e-02 -5.992712818552825560e-02 2.257610019469707616e-02 -6.000036633740796210e-02 1.103008196441618814e-02 1.802145276915969457e-02 4.812105417873420443e-02 2.455907914396564598e-02 2.172064033397622367e-03 1.497099164346246160e-02 -4.206942804452097617e-02 -4.770473537178834302e-03 1.516502479802995899e-02 3.881732197693422981e-02 2.484224816609855932e-02 -1.977438559592102282e-02 -3.426218280920173553e-02 5.766526826702290942e-02 2.283482804224036544e-02 -4.408280107089676547e-02 4.020722122859125836e-02 -2.625297274038598458e-02 -5.849822023676427320e-03 -6.119596590008784948e-02 1.929865208545380323e-02 -1.380643721883528102e-02 -2.874376246418128972e-02 1.094201058798120914e-02 5.719764843218055721e-03 1.623598004236946613e-02 4.668084135687055464e-02 -3.327111541626993213e-02 2.188815850727850350e-03 -1.609085649434336502e-03 8.893935810505555414e-03 2.593139638788974789e-03 6.768981969920510877e-02 -5.478539528049693880e-02 1.229320841950512673e-02 2.467754805965565595e-02 5.549515455005018388e-02 3.216608717793972838e-02 -3.699815482999863764e-02 -5.972785200814356016e-03 2.689948139540057626e-02 -3.589597467762297572e-02 -3.462405500611500514e-02 -1.490046115675790206e-02 7.586382547974415864e-03 -1.915309001916624954e-02 1.243257535820354448e-02 3.104309854091299396e-03 -2.955179685208074447e-02 4.726344305405664331e-02 2.477220419535396470e-02 5.144011532455656371e-03 -3.449063085407035045e-02 3.203675487379781250e-02 -5.169377861113905182e-03 3.625342291252180854e-02 2.915058439568233781e-02 -2.151758084318057540e-02 2.867595850880138436e-02 -1.144962284258170884e-02 1.089298479921430897e-02 2.282914366517468582e-02 -1.235179681901352709e-02 -5.770359048290906595e-02 3.793740976514656943e-02 1.468432651241691027e-02 -2.420817869571754034e-03 5.990116145142516946e-02 1.391541223302580378e-02 -8.646483333747397720e-03 3.246389912805718037e-02 -4.990245259861857650e-03 -4.099690840802446001e-02 2.255762675030768014e-04 3.808421244388422722e-02 -2.441020601415640548e-02 3.212062843937748408e-02 -3.082298169007610320e-02 6.306857460673674642e-02 -2.860981224082286348e-02 1.385041605762530638e-02 -1.706543198531705954e-02 4.381682588707836655e-05 2.898617128429663986e-02 7.217748042280806853e-03 1.330022536875477557e-02 -6.036078187837570427e-03 4.307980502598232619e-02 -2.867893495375503643e-02 4.102588745022007349e-02 1.786066737213457337e-02 -1.554518475743071546e-02 -2.600731750296548725e-02 -3.991828243950018562e-02 3.748318734286092829e-02 6.120047302048393228e-02 -3.547759105561326329e-03 -5.273517064837799327e-03 1.816597547164314902e-02 3.599917585527966785e-02 -2.354196633705000694e-02 1.700663631361152422e-02 2.938930868641754721e-02 -1.206645476190128415e-02 1.156021120816834273e-02 2.175397528494880939e-02 3.779554735173760310e-02 -1.651048123997055431e-02 2.122116090711054920e-02 9.311739480555421278e-03 2.441751561119360689e-02 -2.740998309691509635e-02 3.126603524386509236e-02 -1.399220897910042130e-02
-1.044841031518611851e-02 2.675657186338353810e-02 -2.147974066737113122e-02 1.923953818985688763e-02 -6.497337033585761290e-04 4.093724517560610662e-03 3.651580176947093886e-03 -2.048567977085399491e-02 -1.874596307276751167e-02 1.048888991357195370e-02 2.595021373679255727e-02 4.887548502244547406e-03 -6.163090227133800891e-03 5.195694019973592925e-03 9.732410170168542818e-03 6.231819111369548553e-03 -1.930761889197172513e-03 -1.727284955300256025e-02 1.716037725179517248e-02 -1.204992498324760145e-02 1.805828975814464596e-02 -2.230657365258131939e-03 -4.407979000284794995e-03 -1.841622160920407952e-02 -7.339724389405817215e-03 2.596969604866894606e-03 -1.076699532464532073e-02 -2.190456529795227567e-03 -2.485596753468839390e-02 1.554353455123117823e-02 -1.043237840351045331e-02 1.040674493001934355e-02 -1.361960658243483759e-02 1.293985731328932409e-02 -3.498180861792623414e-02 1.069243081583103050e-02 3.139443016372873291e-02 -1.507178909054912065e-02 -3.547756523623795365e-03 -2.053339618148310522e-02 -7.652588350343120932e-03 4.166131972683695742e-03 -1.223659260773899858e-03 9.294882477908472315e-03 -8.443297223167953516e-03 1.438618692341864236e-02 -2.420987379752033517e-03 -5.513237025210416913e-03 -9.554541462107752833e-03 -3.277150963326854968e-04 -6.035662261787224508e-03 2.015793627690733690e-03 -1.150491155137997948e-03 1.498722497671078902e-03 -3.711947951140400631e-02 2.489807553477958735e-02 1.615124759235941161e-03 -1.888917810396507913e-02 2.007343083205032075e-02 9.566586251046713119e-03 1.518129084245621770e-03 -7.911247760068284944e-05 8.094339090863445982e-03 1.216729575347522997e-02 -5.073559124609454754e-03 -1.003850919432407868e-02 4.209060227727146747e-03 -1.344865746729059439e-02 -1.537539284256925036e-02 -9.690933107581036626e-03 -1.597198457753071926e-02 3.167980702671298332e-02 4.711996134227504525e-03 -4.954856614911796499e-03 -1.264958165060390237e-02 -7.861205897784773189e-03 9.800216354938608501e-04 1.645939624130734677e-02 -1.992638330106389147e-02 -1.127019905540950669e-02 -3.438804910409390403e-02 -2.030024148411559582e-03 -1.710891302788926935e-03 -1.136276467059864001e-02 -3.256971485349517692e-02 1.746034022456277243e-02 1.382544231920963124e-02 -9.230224305466241258e-03 -8.040090463786165459e-03 8.841552544130118485e-03 1.285739607154810261e-02 3.322399949726766166e-02 7.305932094898845083e-04 5.705631044525717385e-03 -1.262972522839876481e-02 1.100034577622685181e-02 1.323656212597812756e-02 -3.734991133698341292e-02 -1.195521431333111673e-02 -6.680333106044086811e-03 -2.085770858416304691e-02 5.393029799446093231e-03 4.784935856429790510e-03 -8.567071270813169520e-03 1.481840879057539327e-02 1.175880122484142601e-02 1.565353244784141104e-02 1.894889372856892185e-02 -1.840739484735124873e-02 -1.126444856005721700e-03 -7.210066123655360475e-03 -1.580977159151203404e-02 -7.003285439331687068e-03 -1.120199508645452905e-03 3.490551917469382742e-03 1.467292488440659695e-02 -1.803407810083565779e-02 3.737533191394869225e-02 8.166318980921884185e-03 -2.049612397461621910e-02 1.742994630860023389e-02 1.488693221772594694e-02 1.944026501211336411e-02 -2.043482757055768012e-02 -4.823754147837469239e-03 2.397202137963184640e-02 -3.018374453098527158e-02 -7.132088345446842108e-03
-1.780950356847865734e-02 -2.147974066737113122e-02 5.433138930370133568e-02 -2.310109932878159217e-02 7.070568236929282782e-03 2.090579632901162083e-02 -2.356765256587183346e-02 1.576603342521037260e-02 1.989678281866264636e-02 -3.135245295537680832e-02 -8.962423201535894488e-03 2.470152289425253320e-02 -3.145421239821171843e-03 3.590449723460342746e-02 -2.613052103737762213e-02 -7.134114238710321035e-03 -2.571519828490311313e-02 -1.918546629118859795e-03 -2.058078352459983065e-02 3.153829554632058083e-03 3.434773229216985142e-03 5.685735536672112921e-03 5.787817847779271919e-03 1.756968822187424811e-02 4.378442831888572969e-04 8.621854185522742978e-03 4.610008669959409638e-02 -2.379115293817395810e-02 1.670399635104744679e-02 3.028597258878336688e-04 -1.370283913974137263e-02 -1.171339360468546913e-02 3.346481148494717672e-02 1.261313352113989025e-02 3.463195142677603922e-02 1.054436049631675599e-04 -3.574708091610676736e-02 8.615566832752327014e-03 8.568779452794486259e-03 1.374664501096656798e-02 -1.769308294557857958e-02 1.849884628649025101e-02 2.611625797043069797e-03 -2.564003121535029031e-02 1.118504081182844284e-04 -1.151872928323102729e-02 -3.799502666812676344e-02 3.715554958049532147e-02 1.815238630753113853e-03 -5.831062077925104441e-03 -1.951615159778339811e-02 -1.559593875150116875e-02 2.447776274490205684e-02 -8.111790926750284819e-03 4.506183363461168517e-02 -2.866085986696469828e-02 9.229173070572657331e-03 4.102690630195866134e-02 -3.378031855510355702e-02 -1.500310228911170543e-03 -1.138497289704891620e-02 -1.249739110024546650e-02 1.426108612822449447e-02 -4.557642299344688563e-02 -1.878315689438735808e-02 1.645331355431616654e-02 2.043834437458705994e-02 1.109617696113072288e-02 2.888515795128367841e-02 -1.121151807877125532e-02 8.580313285998588529e-03 -3.963988479320373903e-02 -9.557335275882839279e-03 1.416361911362125879e-02 1.491799087212118159e-02 -2.497933497500487779e-03 4.681971690201154092e-03 7.772100450374371146e-03 1.880061877818398758e-02 3.480372397336234901e-03 5.258659324996385609e-02 -2.512314470617579495e-02 2.062371575880120843e-03 1.157910282620288472e-02 3.108110957750520251e-02 -1.146024679346545512e-02 -1.966452588782980314e-03 3.325927799716409117e-02 -1.914190418088871498e-02 5.924380791665309620e-03 -3.766377124180420727e-02 -2.633048665827762008e-02 -3.884291381733830095e-02 9.572344309459278723e-04 2.073552811718777644e-02 -1.402867924645375807e-03 -4.854931878841488996e-03 4.404495668859904206e-02 5.607928969232776374e-03 1.469974033882001999e-02 3.997181461503570427e-02 -3.432426456413557869e-02 8.601761691874843310e-03 -1.231253462318199730e-02 -3.407469217283703999e-02 -1.437754106673947959e-03 -3.063909001524803364e-03 -5.782048772602177249e-03 6.158548958875976684e-03 -2.700870052847422625e-02 1.646700849314731291e-02 3.774797313233329427e-02 -1.363504882069646769e-02 -9.240694596201439598e-03 8.819102107350316674e-03 -2.705954427069919704e-02 1.009346995069105614e-02 -4.408530563354557535e-02 -2.813280962500499388e-02 5.263512304069667587e-03 -5.053547478834868184e-02 -5.817722392250789139e-03 -4.982273417464058024e-02 2.359372928379989062e-02 -2.914816061288122992e-04 -7.656284371082168645e-03 3.024048911895130601e-02 2.508468336901196333e-02
4.903942510256040221e-03 1.923953818985688763e-02 -2.310109932878159217e-02 2.507212336822139606e-02 7.222414557620896423e-03 -2.281504193412040374e-02 3.971439813334373160e-03 -1.464269542299950939e-02 4.202951205978650712e-03 2.015337096138385478e-02 5.258196528111875115e-03 5.649285892062374907e-03 -8.218177992301931717e-03 1.844657622086688349e-03 1.077873253669184295e-02 -6.664498264052744550e-03 2.510363527487037560e-02 6.079828951884008910e-03 -3.834295507415185975e-03 -1.452730472611248567e-02 1.590520048388589097e-02 -3.801524246587513348e-04 4.141670608204508532e-03 -7.858797362365969310e-04 6.842512658769569524e-03 -4.156625437081450623e-03 -1.361013943796414959e-02 -6.295868798252188779e-03 -2.479522461132947081e-02 1.447437604700550426e-02 -5.077039327605941711e-03 1.764003016184874720e-02 -1.181457268695232377e-02 1.702250238267980290e-02 -1.234930148168057046e-02 4.667570837667255881e-04 7.520623671490039505e-03 -1.251876348958714212e-02 1.496527918745742432e-02 -1.823383388743927622e-02 1.538010766207064707e-02 -2.244127884758476132e-02 3.728334141869088340e-03 9.205379838789650229e-03 -1.215347107735900711e-02 5.233616688536571471e-03 2.033445658080021076e-03 3.586213172311818013e-03 -1.285879277056090411e-02 -7.135468777597977173e-03 -7.963046687904604473e-03 2.033566008663242192e-02 -2.527140670729422292e-02 -1.977679969136049778e-02 -1.646000034604940335e-02 1.960946147603979690e-03 6.365001561100518818e-03 -1.511083156725450197e-02 5.562784861783534596e-03 -1.899085507534131051e-02 2.198908874751528963e-02 -2.002475155671317592e-02 1.265729034848067994e-02 2.380929150045085416e-02 -2.039872001160094109e-02 -3.747042107110547336e-03 7.511931096313696451e-05 -1.458787158080529153e-02 -8.801220924808873802e-03 7.380229429003670565e-03 -1.571594468973558367e-02 1.014032614872577634e-02 -7.788198798765623605e-03 2.948636910580291863e-03 3.866830110486659672e-03 -1.441540054708104028e-02 6.534600079120459967e-03 1.068510615606676865e-02 -8.526342655217802879e-03 -1.266809604079173479e-02 -2.526186498094926472e-02 -3.334675463714948870e-03 -1.703982041084443552e-02 3.544755953664661691e-03 -8.864877392264812819e-03 2.175317186590710813e-02 1.142043389706912798e-02 -1.179012293482163687e-02 1.877279536960485204e-02 1.439634207847034601e-02 1.768980075318725420e-02 1.414901222224356110e-02 3.066275618586818737e-03 1.664206220404162301e-02 -6.246650267938260413e-03 1.504100058809921571e-02 2.055010825542208375e-02 -1.596574668889119350e-02 -1.480955257702665055e-02 -6.490366381535692814e-03 -1.572647553308116272e-02 -4.455593071008449868e-03 -9.758926830470722805e-03 8.458932109174208472e-03 6.584747600958613771e-03 1.454524067100758725e-02 -6.407863659110888017e-03 1.881780320608153131e-02 -1.244401299250080892e-03 -4.840312077646335802e-03 1.252562044560628918e-02 -1.470457938748664928e-02 -3.304479205548239377e-03 -6.541242473706182850e-03 -2.338182570468036459e-02 2.949385103975929109e-02 -1.774622060558989078e-02 1.664573495846616291e-02 4.213215935411958150e-03 -1.412968932686170390e-03 1.638259305981621880e-02 1.450788921057650886e-02 1.692881735561456782e-02 -2.165206847291962968e-03 -7.806068955819886988e-03 -4.658561392915689867e-03 -1.693873083668022417e-02 -9.003750058019616490e-03
-2.044115801600336971e-02 -6.497337033585761290e-04 7.070568236929282782e-03 7.222414557620896423e-03 4.337096299313472625e-02 -1.513332548934569026e-02 -3.476900738682779657e-02 8.840017815775674586e-04 1.670583661337345788e-02 9.556045002179628864e-03 9.004527682158241370e-03 2.869246864694968355e-02 -3.635632549221768511e-02 3.428381827454481112e-02 -1.023002881345485074e-02 -1.441793030966564623e-02 1.543869943196578103e-02 1.729899185643838516e-02 -1.681377150262550885e-02 -3.452194451139297543e-02 2.988387861873090245e-02 2.062984709618330414e-02 1.337239105887931231e-04 -4.220063889007459254e-03 -4.005908991892508098e-03 -2.539530317037255302e-03 1.769498222117752220e-02 -3.120063352414250216e-02 -1.445692186587693370e-02 3.030370665693484997e-02 -2.341514280860322941e-02 2.826719971752657962e-02 -5.624688500581113970e-03 4.083878851138993821e-02 2.571976750300446896e-02 -1.335561321158365566e-02 -6.266554110839402461e-03 3.511257934643622312e-03 1.302109645681200079e-02 -2.701969609423009698e-03 6.152502376678886664e-03 -2.365972249077567813e-02 5.711638896511534932e-03 -2.718461694712467382e-03 -3.325300328020509150e-02 -2.054476356631900619e-02 -3.774617547268704215e-02 3.657846433394915803e-02 -3.266430106213489420e-02 -4.106472936182561928e-02 -2.346643615019954054e-02 2.693925480645674962e-03 -1.771870559579689572e-02 -1.856665733541910598e-02 3.386533232386887676e-03 -1.084277835487676899e-03 2.834591560547415623e-02 6.099383583306220921e-03 -1.693124727628479709e-02 -2.831017320767514542e-02 2.324453153523765164e-02 -2.235982537509190182e-02 2.029998680833116145e-02 -1.000543117778586108e-02 -3.045463054762946598e-02 2.133460023876092640e-02 2.262556644455036153e-02 -3.800293383076879666e-02 2.190062474888514882e-02 3.429562928410448061e-03 -1.325561526701278352e-02 -8.597767762407131434e-03 -3.948601634042234881e-02 1.159341324320037510e-02 2.687190451855303499e-03 -4.102703917204401224e-02 6.045437084767588641e-03 3.516560728675337949e-02 -1.224098567010844726e-02 -3.252120038106535993e-02 1.730355484026669180e-02 -3.254515625550954971e-02 -2.319537953023663793e-02 3.630350265957797695e-02 6.676677687338553047e-03 9.275196813101531726e-03 1.821746468118766796e-02 1.463999066499656158e-03 1.924304448048497901e-02 2.436197178165740163e-02 -1.193807516865488458e-02 -1.451622136309214765e-02 -3.863569687807337505e-02 2.615258918329125756e-02 1.662626597609113271e-02 3.988074931982667909e-02 9.337477716473630701e-03 -4.233188362481683157e-04 -3.065593465769701417e-02 -1.196675850272355297e-02 1.934549804340603271e-03 -2.981987245370111214e-02 -4.025970894373287262e-04 -1.086860151670037897e-03 -1.649013531163764576e-02 3.698723755184300105e-02 -1.038737569926598443e-02 2.533663161833015973e-02 -3.437259933801963072e-03 -3.150425576878151945e-02 2.163295591614637289e-02 1.006719014675424087e-02 -1.100713106080744227e-02 -4.204251115101994424e-02 -2.580027377350380818e-02 2.095453056256801894e-02 -2.034933029854010117e-02 -2.500718683024314576e-02 -1.563414114328680804e-03 1.221763443471579093e-02 -2.481825922909510623e-02 3.334641718026516710e-02 -1.695256849295132678e-02 1.121035445926136902e-02 -3.716631854264435680e-02 -2.170672402801306078e-02 -1.843685111878722374e-02 1.231437022000596640e-02
-4.782482358657301480e-02 4.093724517560610662e-03 2.090579632901162083e-02 -2.281504193412040374e-02 -1.513332548934569026e-02 7.249915841801726768e-02 -1.637048636175876537e-02 -1.067866564431622228e-02 -3.555314109326466326e-02 -3.961866768105187786e-02 4.951978771075449259e-02 2.323425137858303041e-02 7.353944990751595627e-03 2.450759685576861871e-02 -1.234209591590530210e-02 1.082568704865847532e-02 -7.539751467933478168e-02 -4.915576519712976100e-02 3.060173236256968909e-02 1.505007344741362413e-02 1.063301022305393299e-02 -1.326239599172262694e-03 -1.361186293766097205e-02 -3.590469832000244693e-02 -3.366409113443707274e-02 1.683842661432882401e-02 2.782890853728498676e-02 -1.781382869676950351e-02 5.030244102017655946e-04 1.208931285220076444e-02 -1.747395190793690420e-02 -8.823687413148647435e-03 1.397286384917246181e-02 1.202995422206072293e-02 -3.704985917696067277e-02 1.832393397830857362e-02 3.789772315815027881e-02 -4.508133372543294930e-03 -3.614258929606211507e-02 -3.934720903636418354e-03 -6.262650702214327125e-02 6.619035486348727459e-02 -3.848535629930077868e-03 -4.229392393515749721e-03 1.788008920572565358e-02 1.120879370904997487e-02 -3.029234934915048597e-02 8.397495071355660576e-03 1.604858839523728292e-02 1.164652108476394929e-02 -2.086628619312549948e-02 -4.866617894292973867e-02 6.501522855642274945e-02 4.142879364034440792e-02 -2.946335435136003544e-02 4.229148171937200523e-02 4.530992036857221447e-03 1.555860165006359326e-02 7.009336719058281359e-03 6.007532138179269565e-02 -4.719887114177220844e-02 3.708240146971353290e-02 -7.667057186586639494e-04 -5.032943922874180687e-02 2.155895904635294832e-02 -1.064155008052197759e-02 1.612497594070416707e-02 1.088297803020358548e-03 -5.262213858672802093e-03 -3.857439778939342201e-02 -7.624432957182615718e-03 3.058807312118310209e-02 1.411797913279523586e-02 -6.957812595538230560e-03 -2.932138932136615223e-02 1.580826318590791701e-02 -6.992962992192185319e-03 2.427140121166755302e-02 -2.314310067206330063e-02 1.247695323731805479e-02 -1.706663803619495358e-03 -2.254521724901425994e-02 2.185656863754138063e-02 -2.720066485465216788e-02 -3.839256123158294592e-02 -1.384054650349348520e-02 1.718236200851235018e-02 8.175968855508607136e-03 -6.614643439631287536e-02 -5.209715686478531317e-03 -3.191077214811036816e-02 3.503565283717129109e-02 -2.574365034810215461e-02 -9.286226328208361386e-03 -1.565927497558439879e-02 -1.769801232302302060e-02 -2.029254079410318379e-02 -3.042161612771909773e-02 1.898672173098091970e-02 4.285946437505299897e-03 1.075356802689455410e-02 -1.938119862592456964e-03 3.743921464627966711e-02 -4.117259823729998991e-02 -6.404330304167594502e-03 -1.484771080650168669e-02 4.656948527787638237e-02 9.052623956462810956e-03 -3.383993810100377475e-02 -2.124728318350451589e-02 -3.310132421734265223e-02 7.436172605570519518e-03 -6.771060061920241256e-03 -5.768018378835194524e-04 6.295171521523279523e-02 -4.657336775126913464e-02 -4.824797031027464912e-03 2.861775269870625582e-02 -9.160833723276043394e-03 -3.224936490980483822e-02 -2.514057686883579973e-02 -9.960935043658808094e-03 -1.305887162889104655e-02 -2.122560291742117342e-02 6.428987157582251658e-03 5.635218437856147344e-02 -1.756463027673408825e-02 1.522701269636236171e-02
4.632874147930634429e-02 3.651580176947093886e-03 -2.356765256587183346e-02 3.971439813334373160e-03 -3.476900738682779657e-02 -1.637048636175876537e-02 5.001062864475669389e-02 4.485128615484204086e-03 -1.798241402463485877e-02 1.077913780600344915e-02 -3.065155759597131685e-02 -5.551968969388632047e-02 2.972084875129672038e-02 -5.268186009088514365e-02 1.314283424781655107e-02 2.449756380943378387e-02 1.693572112535243410e-02 -4.967694341966960754e-03 2.055853917121610794e-02 2.366755773534569285e-02 -3.579241249978271089e-02 -1.497636188007124038e-02 4.555947480552432344e-03 1.619485776540651248e-02 1.251870359183470706e-02 -4.638407695107632685e-03 -3.442795191729283028e-02 5.650757307462606072e-02 1.486381174471934803e-02 -3.758694661841052720e-02 3.088673021578174777e-02 -3.149807515564692628e-02 -1.064345259095326145e-02 -5.770199208679638314e-02 -1.461688260656722992e-02 5.641570394957955495e-03 -7.502683771060912610e-04 1.998490060591179545e-03 -7.786200915698157123e-03 6.663766509692420001e-03 1.761538745534074052e-02 -2.631236566935544422e-03 -3.608387220519212492e-03 2.054450063937051599e-03 2.103674066557425365e-02 1.806030709499268500e-02 5.953356568322284298e-02 -5.970429941290080617e-02 2.096430769486561096e-02 3.594416201421743451e-02 4.980765419958100432e-02 1.709480001107343758e-02 -9.125221781087917636e-03 1.103002501553892491e-02 -3.707648630588921811e-03 -8.675157457205795106e-03 -4.223462924855159173e-02 -2.352409050435864957e-02 2.475544876484418733e-02 1.259869040297440304e-02 -8.930702160268451720e-03 1.828658340731881618e-02 -2.999157564278024171e-02 3.802578808071881145e-02 3.477325443518133191e-02 -1.265966396747057916e-02 -2.804255430934295135e-02 3.492402208851866363e-02 -2.273063992648541656e-02 1.469065316777355169e-02 2.155365113886127670e-02 4.418261810282678344e-03 4.170829659160292524e-02 -1.651168862800027337e-02 -3.190489277896871225e-03 3.438020889885598508e-02 -8.908156178145479678e-03 -4.570692687572959489e-02 1.931986719149918555e-02 2.159799367042706392e-02 -2.495823077707863893e-02 5.650979350652043931e-02 2.256584630970773220e-02 -2.916481095095559140e-02 1.837144408659734931e-03 -3.494333313703247915e-03 -3.176911899266276346e-02 -1.831757708947747126e-03 7.106185722212425386e-03 -2.488399464947859893e-02 3.065794958863224395e-02 -4.210283698972376175e-04 5.761978114975483539e-02 -3.175971977521075545e-02 -4.267080725699017724e-03 -2.763564515228366519e-02 -2.444248948411487359e-03 -5.843540456580493181e-04 1.653594333237885100e-02 9.121049744992943201e-03 -1.690294268515494039e-02 4.910255120096890247e-02 -1.714937850622907239e-02 1.723214703500515824e-02 2.774658396067680721e-02 -2.506252357311241491e-02 1.136426725740018705e-03 -3.214561973071127648e-02 1.724271324072782982e-02 5.898695331479387322e-02 -1.871489901034345885e-02 -1.231531683415266164e-02 1.198774200543811612e-02 4.599450364281424536e-02 5.759938842649478009e-03 4.604972487139310480e-04 2.152335120590359932e-02 1.995433056882623540e-02 1.675296649553502382e-02 -6.333327620657139972e-03 4.242525128537585899e-02 -2.185141992775895339e-02 2.805080034071403411e-02 -1.203670464894773806e-02 3.149135210027656506e-02 8.839616666122557948e-03 1.611555166685314788e-02 -1.658640442043889107e-02
1.783202814171570144e-02 -2.048567977085399491e-02 1.576603342521037260e-02 -1.464269542299950939e-02 8.840017815775674586e-04 -1.067866564431622228e-02 4.485128615484204086e-03 3.269020841517776554e-02 1.376528530251640986e-02 -2.987154896095678240e-03 -2.486098531460722433e-02 -2.409345729109977144e-02 2.260131429809221493e-03 -8.952675858472080098e-03 3.053650688057382538e-03 7.068283681636279396e-03 9.957156883410983247e-03 2.132497705203083294e-02 -1.112618045211145532e-02 5.859258766677599012e-03 -3.364505844496650661e-02 -2.994403734682116874e-03 -7.652638783541159707e-03 1.723668872777818842e-02 3.902664949362244767e-03 5.450513386899903320e-03 -2.997900046493631818e-03 2.332260585285534857e-02 3.748077930958676474e-02 -3.440473023429634070e-02 2.170217205480374015e-02 -1.125712582855067749e-02 3.851803270197344748e-04 -2.901461442700667415e-02 3.125838870548804105e-02 -6.983625078618570670e-04 -2.851341025792016037e-02 2.660720679713847459e-02 4.080568842886118236e-03 3.433106200918381590e-02 1.390551059206870770e-02 -1.042082892728039487e-02 -1.407668726161115207e-02 -8.815192871183942600e-04 1.771306809754761994e-03 -1.561189273229066608e-02 1.088369057114871308e-02 -9.267248020838805139e-03 3.880297354866019816e-03 -8.529579072522594290e-04 2.586302166461620228e-02 -4.679411495010253673e-04 -7.171420462167793150e-03 -1.086953221676698143e-03 3.097759869409361100e-02 -2.344653520451774747e-02 -9.201573744725801210e-03 -1.008187355681347671e-03 -2.332504760541451866e-03 -1.548296784909253959e-02 7.498539856875353037e-03 -4.909894092384807203e-04 -4.857039690588697833e-03 3.385309221822080210e-03 9.404812532827738769e-03 5.594968922009264586e-03 -1.417415007508340818e-02 2.119286851309707884e-02 1.922769004833274967e-02 3.264166911874394773e-03 3.581219668190500915e-02 -2.740519797268389443e-02 5.654665000590995694e-03 -9.323232113361666282e-03 1.146387109357863664e-02 4.661109138300966251e-03 3.447744065376063486e-03 -3.311314748015630610e-02 1.527465007335394170e-02 5.404116571267576254e-03 2.829687375664935445e-02 2.005115437532457856e-02 1.124860075864455265e-02 1.751162685291964352e-02 2.918174367215821755e-02 -1.843745206630088840e-02 -3.530196847516595127e-02 6.356589583135782880e-03 1.536255864128224617e-02 -2.010432461715716199e-02 -1.272028849200389179e-03 -3.212825107017668047e-02 7.118721572236062951e-03 -1.425226142362790230e-02 1.532377790824017080e-02 -3.479472657774678856e-03 -1.542395147037317268e-02 3.349025775795627657e-02 5.053287975853898613e-03 -9.391971546747859487e-03 1.591882306562879008e-03 5.695079711083734023e-03 -4.692124157560959713e-03 4.410345908267603900e-03 3.128752032206505093e-03 -7.082502708621562539e-03 -2.193509852458894530e-02 -3.719970997596139944e-02 1.212701178351296982e-02 2.252886290610270001e-02 5.634952394594205764e-03 7.630978631542006257e-03 1.158897089447946151e-02 9.710317317130873205e-03 -1.043379746886892619e-02 -7.273245942232947278e-03 3.394200655343256740e-02 -3.462092942198597562e-02 6.127175842896644305e-03 1.508183472961562369e-02 1.113428816402280326e-04 -9.545458661733957281e-03 -1.370871306600670442e-02 6.940592341280069945e-03 3.764769928827533391e-03 -2.307942694484436605e-02 2.861902916048769674e-02 -9.383415996744852439e-03
2.960975301491383313e-03 -1.874596307276751167e-02 1.989678281866264636e-02 4.202951205978650712e-03 1.670583661337345788e-02 -3.555314109326466326e-02 -1.798241402463485877e-02 1.376528530251640986e-02 7.874728665946904849e-02 -8.178465060394744107e-03 -2.637501767279924400e-02 3.363252395637549019e-02 -5.571721372951505581e-03 3.549669848266783639e-02 -7.710157373294718956e-04 -5.225674367745330312e-02 3.620364798017525199e-02 4.714366138070365947e-02 -7.719508334714098030e-02 2.007968006455973942e-03 2.748762435040061347e-03 -1.784104996150714939e-02 1.754516636323476568e-03 3.022445170007366511e-02 3.641827615833083398e-02 1.996461853295059333e-02 1.272817504935475769e-02 -4.027342555824151710e-02 3.156917528577481667e-03 5.626434846491692315e-03 -8.191629068462416910e-03 1.831385670194800308e-02 1.055494831114417616e-02 3.640337717259041483e-02 5.340430363908110767e-02 5.503555135892857983e-03 -6.570661081363254885e-02 3.058831209915554693e-03 6.306585364197500598e-02 7.311179052934050487e-03 2.911384236197072164e-02 -4.059405856560793779e-02 -4.743909142973344248e-03 -2.261692120750218461e-03 3.251723423826617231e-03 -1.935861547628452140e-02 -3.643607694641129435e-02 6.441751803642228880e-02 -2.458000792715283288e-03 -2.120921921226170959e-02 -3.564541214516793455e-02 3.331942744767182885e-02 -3.017398810696283323e-02 -6.365311685411144393e-02 5.446449222808449897e-02 -5.609256281742885930e-02 1.532408002217209436e-02 1.633919757306992113e-02 -3.946297795999560015e-02 -6.510483644523890057e-02 4.178204225923481951e-02 -6.782956715139394632e-02 3.499141592416166874e-02 9.182698765979732322e-04 -6.292601928575058956e-02 -7.523655463951488959e-03 1.078328124832688209e-02 6.639735114172035449e-03 1.364799720444298363e-02 7.926587444602692031e-03 -3.144829814193221551e-03 -6.267762709151829259e-02 -4.246542818256128504e-02 3.342763890961392148e-02 5.949079821428646109e-02 -1.475249864716675179e-02 4.470094264919677318e-02 5.147142803450746422e-03 1.218396272204802511e-02 3.213996591243106337e-03 3.290527622929489970e-02 -3.541617840702445535e-02 -4.734871542095539509e-02 4.371367401287161447e-02 5.412976997912634369e-02 9.022254902564917287e-03 3.948336129563147744e-03 2.217266285019886020e-03 4.158480137702363910e-02 2.485299957799684198e-02 -5.076876069973866243e-03 -3.623628302966109410e-02 -4.023688738846845081e-02 4.294182686091754797e-02 -2.939441927517224911e-04 3.306674673268392324e-03 1.907489488712537859e-02 5.970819073672616745e-02 4.597034198119869311e-03 -1.527184542497071924e-02 1.519396370256081638e-02 -6.300440539956654595e-02 -3.054521711047795962e-02 3.706141585322219982e-03 -2.749231727601549741e-02 -3.715712272168456096e-03 -4.904066501387441268e-02 6.122308017681597422e-03 2.403214240246384290e-02 -4.292740969069380047e-02 7.087319960022518683e-02 1.046189210613386253e-02 -7.922190538728212175e-03 -1.216812002518069015e-02 -5.474861727515351051e-02 1.118056601503890878e-02 -2.342284683586329068e-03 -5.722571434665268270e-02 -1.552969010000877607e-02 2.393309018333775878e-02 -2.461021474912613097e-02 -1.180940676930948390e-02 -3.243952564738403904e-02 3.982158440549339595e-02 -6.999781025807966933e-03 -6.072587604128949074e-02 4.488742150780522522e-02 -9.022301469479958314e-03
2.563531458684967235e-02 1.048888991357195370e-02 -3.135245295537680832e-02 2.015337096138385478e-02 9.556045002179628864e-03 -3.961866768105187786e-02 1.077913780600344915e-02 -2.987154896095678240e-03 -8.178465060394744107e-03 4.491125860446834595e-02 -1.277272704403046438e-02 -2.216558123208595132e-02 -1.000789641934951568e-02 -3.165113753207644126e-02 1.983041216205206139e-02 1.160292873894041427e-02 4.429204196824911011e-02 2.206413431041282652e-02 1.020389058746263601e-02 -2.183221789630620038e-02 -3.974305312652220111e-03 8.978851744276428182e-03 2.674925948758298359e-03 2.142176414682899106e-03 6.520322421224616222e-03 -2.571269292409294679e-02 -3.478319765194790719e-02 2.152055141022111984e-02 -6.589137934679558696e-03 -6.368953181029988857e-03 1.608891182869008618e-02 1.141707442600858186e-02 -2.033119771736741077e-02 -1.642724265571212164e-02 -4.544152626627406301e-03 -1.752922955959143256e-02 1.539351599459292709e-02 -1.250323504331052630e-03 -2.039136652855239908e-03 -4.737327655240926999e-03 3.894009738930605258e-02 -3.619008686849371076e-02 4.581008556606271592e-05 1.496922591095913024e-02 -2.352672200029337288e-02 2.507412953097402474e-05 3.528280354082882070e-02 -2.775877875457104932e-02 -1.785050867351186538e-02 -6.084078886418732394e-03 2.217521930173332531e-02 1.872685359970131108e-02 -4.113695854643066585e-02 -1.593226473766729294e-03 -1.115279982393460254e-02 5.673035858988383778e-03 4.364878972613178351e-03 -2.480289691935002108e-02 2.019125193327236251e-02 -2.063275296765150826e-02 2.414831561364173124e-02 1.822380106031331898e-03 -8.616045351691992496e-03 4.116502815594088455e-02 8.448070212933669193e-03 8.286578384346062962e-03 -2.030766492140499008e-02 -1.401139371252773866e-02 -1.458164671085329309e-03 2.008830781962392745e-02 1.152904327364501344e-03 1.951564371372512333e-02 1.702729118889668774e-03 -1.020155114519644655e-02 -5.358252817946889020e-03 -1.538990383122484408e-02 -1.636568224019084236e-02 -1.691867730296884448e-02 2.840963971542702360e-03 -1.854693289422269104e-02 -1.847416171785921934e-02 2.495538079327249553e-02 3.117428728096170807e-03 6.127161515077697400e-03 -7.418523190233074736e-03 8.373065047450554618e-03 -7.570799104352807229e-03 -1.889897742228651215e-02 3.469278627355659728e-02 -7.078582968548776701e-03 3.100857714543273427e-02 1.030304183939917016e-03 3.556929585725730064e-02 -7.953511687266478017e-03 5.821287087258563732e-03 2.141796933427047439e-02 7.191547523630741588e-03 -1.339428124944879936e-02 -2.426166278038821567e-02 -4.261592867721823025e-03 -2.180374451911930994e-02 2.368782338804429136e-02 -7.022744352446559819e-03 2.942890031598227943e-02 2.490039473793770677e-02 2.108494776946658739e-02 -1.817052066009477301e-02 -4.331342272575736466e-03 3.150967649346314743e-03 2.603868641150439492e-02 -8.692341497574909356e-03 -2.183087052312152748e-02 1.204296631623129679e-02 -2.809792061476000698e-03 -2.876332272100279308e-02 3.942242201548339792e-02 3.314056495894045131e-03 1.262812250714090249e-02 1.605535179947457577e-02 1.608486224251143640e-02 3.832177592270959166e-02 2.120350772196877634e-02 3.328930759494262009e-02 -9.072164839428586286e-03 -8.748119198032163965e-03 -1.877865453203001259e-02 -1.935003998638656214e-02 -1.578416232300137653e-02
-5.962377633704794844e-02 2.595021373679255727e-02 -8.962423201535894488e-03 5.258196528111875115e-03 9.004527682158241370e-03 4.951978771075449259e-02 -3.065155759597131685e-02 -2.486098531460722433e-02 -2.637501767279924400e-02 -1.277272704403046438e-02 7.377062815913153215e-02 4.304044417029741915e-02 -1.683830470222321199e-02 3.963334917979145083e-02 6.350793500401311943e-03 -4.891824002687352423e-03 -4.792787978620628025e-02 -3.349905820188019828e-02 2.073621921867317350e-02 -1.316706855306577252e-02 3.406543812984009351e-02 7.988466282773004938e-04 -2.171807100759989492e-02 -5.313420873841459557e-02 -3.492026532000238465e-02 1.666059241314236938e-02 1.047803694856518086e-02 -3.904289658591222206e-02 -2.773983802723727771e-02 3.643551491463503655e-02 -2.769293480447157854e-02 3.019144685407060963e-02 -9.154954848641852841e-03 4.797399212644667260e-02 -5.038388323164501303e-02 1.894310103563197345e-02 5.695667071094340922e-02 -1.341771378250179378e-02 -1.976568384831453237e-02 -2.049727769089298643e-02 -4.719990995152312935e-02 3.616502400049872307e-02 -7.723176880117426854e-03 1.781964939160518568e-02 -5.592092050500023330e-03 6.792061273505810293e-03 -4.452275529138897958e-02 2.758685801186567393e-02 -8.874087317782082887e-03 -1.491560106443930167e-02 -4.141665411273140474e-02 -3.369566743651294244e-02 3.386855059357589404e-02 2.020917700171365877e-02 -5.849500398503738180e-02 5.900952357471114795e-02 2.856532428033125778e-02 -7.970142364827440332e-03 1.698691097310350839e-02 3.095935472568512453e-02 -1.286123879125656080e-02 1.283885550782861394e-02 2.263552184517526530e-02 -2.683963598236804859e-02 -7.131611012688284824e-03 -1.647265542134193281e-02 1.832840313083354544e-02 -3.197213108776189583e-02 -8.995092590928037077e-03 -3.827656249134651911e-02 -2.766328913527508343e-02 5.133176698190174830e-02 -1.174860078472879724e-02 -5.071870404589274434e-03 -2.701837171446672820e-02 -1.645461047264121582e-02 5.777417021505371238e-03 4.764662747047058999e-02 -5.092240142372551209e-02 -1.318679618245152153e-02 -2.934937650396154604e-02 -4.191909157081180615e-02 -4.875187167885413481e-03 -5.907919111987424733e-03 -5.785737623225980369e-02 8.420442528989088848e-03 3.639471134483877879e-02 -1.761638754363867299e-02 -4.020719074732509446e-02 1.333308061477308029e-02 -1.474938709734539659e-02 5.508284283008457044e-02 -3.818279339327163707e-02 2.067297304032676697e-02 -2.685818429463644047e-02 1.317788350813270219e-02 -2.473521753714814312e-03 -5.908210843491169123e-02 -6.362511586753208902e-03 -2.128982343621381793e-02 -1.664026860862621165e-02 -1.809584943237547636e-02 3.452821852676576930e-02 -3.996757564600887658e-02 3.852330800958217883e-03 1.234480209964694368e-02 3.441839896148633782e-02 3.648394674355526918e-02 -4.875852604989969891e-02 -4.134235684667710714e-02 -1.629105601071531573e-02 -1.753242473283325026e-02 -7.169436303432139175e-03 -2.627165428240521225e-02 3.052530016456399958e-02 -8.599534621195467285e-03 -2.806712168738403554e-02 4.591452110237480982e-02 2.585700934218343981e-03 -3.059833879980376065e-02 -8.213324386537499203e-03 1.706301174697160555e-02 6.877421300828085414e-03 -2.948841483091550406e-02 -1.915201133415675785e-02 4.486273256086612676e-02 -5.049395114638298432e-02 -2.230833271903513802e-03
-5.992712818552825560e-02 4.887548502244547406e-03 2.470152289425253320e-02 5.649285892062374907e-03 2.869246864694968355e-02 2.323425137858303041e-02 -5.551968969388632047e-02 -2.409345729109977144e-02 3.363252395637549019e-02 -2.216558123208595132e-02 4.304044417029741915e-02 8.878743504322791913e-02 -2.326662371023106857e-02 7.369699455118212950e-02 -1.668932160365989986e-02 -4.817913516418251274e-02 -2.493079123213875689e-02 -2.056130873123365906e-03 -3.800579862734160957e-02 -1.578731780683861885e-02 5.790354165590805985e-02 7.195226259280823253e-03 4.736318176406432642e-03 -1.564342786699186860e-02 -5.922315049830665680e-03 9.881932930638980331e-03 4.807117549769631543e-02 -9.090944541738184281e-02 -4.030660159388916447e-02 6.147292954993927722e-02 -4.643672736361982578e-02 4.326001015208912059e-02 2.476741643194436265e-02 9.240459979190271400e-02 3.793045681086481581e-03 1.085207620348449834e-03 -4.389216872661440977e-03 -2.175167527592872588e-02 2.536980092194772440e-02 -2.967233496762070391e-02 -2.780446785531531795e-02 7.600256225523504064e-03 1.427952813345190371e-02 -3.246898767161059737e-03 -1.003646275713946691e-02 -9.924490001152828922e-03 -8.066715937027638117e-02 9.188282864337790623e-02 -1.373231413833354321e-02 -3.267384544178196515e-02 -8.659291567426595504e-02 -9.773269569697722384e-03 1.418186637123666598e-02 -3.159942284748722824e-02 2.347543612471896662e-03 3.545593968504361874e-03 5.369857931297587067e-02 3.820558485122724918e-02 -4.260865710675629248e-02 -1.733667769778333631e-02 1.217630493771733151e-02 -4.094787404757589677e-02 4.919683949096168712e-02 -4.819666265041196163e-02 -6.462043867848851764e-02 1.936884831367958462e-03 3.983471391151938851e-02 -3.836772927694347135e-02 1.269241893018320175e-02 -1.785300001912084808e-02 -4.824759704782255465e-02 -9.630006774342617787e-03 -5.220856071492301770e-02 3.430777438195938001e-02 1.550320192064151559e-02 -3.280640022386885346e-02 2.322649366111046929e-02 6.866981711568392877e-02 -2.338043699416966076e-02 -1.336926165508496057e-02 1.562099529180459127e-02 -8.616341804208636768e-02 -4.564716967243215989e-02 2.193679176759685129e-02 -2.388677442255137968e-03 1.986517585167359157e-02 5.902000752964438324e-02 4.660154354902371499e-04 -1.443197917318554332e-02 4.659442411903387538e-02 -3.802791084439825081e-02 1.712392354307420289e-02 -7.677988389418699544e-02 5.754039789325476884e-02 -1.154645341340498031e-02 1.870038585964819977e-02 1.961402529155420460e-02 9.471865873275879663e-04 -6.848012589210136954e-03 -2.109824379179116652e-03 2.945474431392651818e-02 -7.841992079060122744e-02 1.435607047701258771e-02 -2.243682649991526890e-02 -4.679340235927060415e-02 1.750888166683526107e-02 2.493046219320441213e-03 6.020667892073549438e-02 -1.742142682151989752e-02 -9.498762102059943313e-02 3.773587520576655863e-02 1.194313566313775880e-02 -2.065863384075285192e-02 -5.140456449823098406e-02 -7.994763497885009479e-03 -1.999616315419219402e-04 -4.499316299107741779e-02 -1.099898582521974602e-02 -3.595126717286531437e-02 9.050265033599795301e-04 -5.664806722198791056e-02 1.342440206607106203e-02 -3.340967268858428818e-02 2.473513006464963387e-02 -2.664551279977437834e-02 -5.003831330268440451e-03 -1.438015253984342018e-02 2.197429362136681108e-02
