2.473918319452576009e-01 4.153097468147319560e-02 -2.215291526270438127e-02 1.959377792535925422e-01 6.612379387552679011e-02 -5.124988835113633567e-02 1.769045594043585634e-01 -1.923213094364132625e-01 4.706867129169161473e-02 -2.467523668144722404e-01 -2.590395218358954726e-02 -4.581028108838924168e-02 -5.969217032614991536e-02 1.216817705150404633e-01 -1.895111286526473537e-01 8.832862466148642955e-02 -2.165053418027589605e-01 -5.376925442016583512e-02 7.618077436944804826e-02 -3.801189510677103339e-02 1.513012411162319437e-01 -6.066407002836849555e-02 4.629434832967517510e-02 7.322034641932577241e-03 -9.639212242994910085e-02 -1.107718087451549233e-01 8.983729530751154158e-02 8.077599126360000825e-02 -1.071832952386982951e-01 6.002011155189731356e-02 -1.232861297432532033e-01 -1.674455545692774827e-01 -4.786228623226221335e-02 3.033875956538036392e-02 1.506236884991768721e-01 5.638105506206971679e-02 -1.704738258737741874e-01 -5.058456330450706445e-02 -2.946919448019456270e-03 -1.162198921902480170e-01 -1.142622551505130396e-01 -7.287960536547648249e-02 1.482834474773548905e-01 -1.089189046691444313e-01 -1.311757317177438820e-01 7.731269576119714770e-02 8.353212502139309437e-02 2.445642942594196748e-02 -4.293372689876517184e-02 2.240528846178731770e-01 -8.908602006753901792e-02 7.151045456505736309e-02 1.812989633144518054e-01 -1.775718839476785882e-01 2.010310704368337142e-02 2.123106732964747112e-01 4.584477539047834144e-02 9.229132481019411416e-02 -4.316498234594318140e-02 -2.445476711728191820e-03 -6.684545891734502976e-02 5.097894212148038062e-02 -2.050061579320565930e-01 9.076947883941134665e-02 -1.122323934087066238e-01 1.742924944132389353e-01 1.772382857098080688e-01 -1.363493008800416018e-01 7.551395965078193384e-02 -1.063641830472454586e-01 1.378503614434104796e-01 -2.491684167840325093e-01 8.079012141333986874e-02 -1.362651348757518699e-01 -5.281356304095374821e-02 -2.859117412259814389e-02 -1.351876535334536585e-03 1.720260074188428578e-01 8.948122429452108617e-02 -3.656676866630116651e-02 1.609715098885226015e-01 2.013553857917027012e-01 4.636663856184085331e-02 -3.546505740834366566e-02 -3.141518947824085972e-02 7.855622498492589867e-02 -1.533832322560294281e-01 1.848632585254457450e-01 -2.028062863440645985e-02 1.881417449879012049e-01 4.534646814396891407e-02 -2.506719910996895589e-02 -2.279400051772071945e-01 7.068042836132250317e-03 1.852822039986932456e-01 1.113249491770668814e-01 1.016228158909935342e-01 -2.104322028508751607e-01 1.630876570859553787e-01 7.566740522554353532e-02 1.247660774212276807e-01 -2.613676592164749790e-01 -2.029886521249458786e-01 -1.076099319444505653e-01 -5.498944302775971016e-02 1.116946605852193464e-01 1.566937306185123835e-01 4.617523740559432988e-02 1.283989525675401089e-01 1.268908442019902327e-01 -4.813831204570805100e-02 1.549088157455723036e-01 -4.929325174818547511e-02 -7.757493759917685749e-02 1.703170273212433750e-01 8.487609263225853740e-02 -4.264673772724984074e-02 -1.508538390728292045e-01 -6.408389443022792509e-02 -1.926502195609759438e-01 -2.384927964379383869e-01 8.730793948811163552e-02 -2.213812266598528533e-01 5.960813139824947676e-02 -4.623289797947994356e-02 -7.384865486362005363e-03 -8.872229436202572206e-02 2.263963213531903773e-01
4.153097468147319560e-02 5.275525917454511049e-01 1.136687566585768139e-01 -3.520766289354196332e-02 2.637793350578887530e-01 2.047110501265181348e-01 3.505190446933381110e-01 -4.473622617562071913e-01 -1.003273771837793621e-01 4.018715157297228502e-02 1.532380378019838618e-01 -1.284325426440790230e-01 1.764897482587878541e-01 3.643386603030678711e-02 1.674910249368879167e-01 2.097213860714922384e-01 -1.740125112730418200e-01 -3.416008972292705059e-01 4.116613768325175782e-01 2.307255323109771994e-01 6.113884415207295614e-02 4.095883616980312003e-01 -1.497029520630574762e-01 9.541232164385253511e-02 2.424854212146918264e-01 -1.849606516931184552e-01 -3.741759524958048755e-01 1.418134200856618343e-01 -1.647673181113744612e-01 2.494618078010971685e-01 6.313361445588148990e-02 9.910321261608336096e-02 2.154973119525153413e-01 -6.643724000422859821e-02 2.144853815225437194e-02 1.261923914651299529e-02 -2.096959301194398495e-01 -1.702121484627755199e-01 -1.657939560056493067e-01 -1.835462227299547167e-01 -2.250356454085662428e-01 3.497659969810212321e-01 7.276446628527693215e-03 -1.743776507142610066e-01 1.098806742984525797e-01 1.261437635315188210e-01 1.753078671782550835e-01 -1.101682316123724081e-01 1.916076430995352908e-01 2.364860678500926572e-01 -1.584972536707544566e-01 1.074694108994119351e-01 -2.071592387754271625e-01 4.017931162662408476e-03 3.876710458609704951e-02 3.442169319095996771e-01 2.738498898324261965e-01 8.823747535948622822e-02 7.959245253939511988e-03 1.956336058139399869e-01 -1.087036715687611926e-01 3.323325812886531172e-01 -4.518991677073507240e-01 1.570619324346978485e-01 2.087742625356641679e-01 -6.162148927928006586e-02 -5.412583633815305079e-02 -3.482651759414069903e-01 -5.220731391242298264e-02 -1.806957677291890219e-01 2.360050084008793181e-01 4.030353042861677115e-02 2.088637634901380213e-01 -3.368050386537146390e-01 1.659149502175575053e-01 2.186428955165521382e-01 -1.144687589832131536e-01 -8.228065752913966968e-02 -6.143296829047800722e-02 2.094450038095205247e-01 -6.802124641492761359e-02 5.241587390632094223e-01 2.585397416419176753e-01 -4.132971397651143131e-02 -2.724239531391822178e-01 -2.858628228891732515e-02 -2.556810303629011294e-01 6.231084657078085620e-02 -1.532467773143586856e-02 -9.564424700185898687e-02 -7.025543287871351128e-02 1.906738069078667830e-01 -3.301619187157921187e-02 -1.185179554257383833e-01 -2.153890033357962544e-02 3.611982194535749702e-02 1.987294602951584777e-01 -2.427714330982039259e-01 2.595109623273400001e-01 2.321064567522937716e-01 1.606415552997409249e-02 3.196557385338279211e-02 1.606200135232904447e-01 2.473840926190938247e-02 7.528737420942376631e-04 4.398827804403119407e-02 -4.638360407542664599e-02 1.009546782501948015e-01 1.036836584004750678e-01 6.379187816010842282e-02 -3.623222180381368562e-01 2.952924836646015905e-01 3.254757434853051967e-02 1.922887470710651914e-01 2.394807893012672328e-01 1.214070920616150129e-01 1.778758697834849911e-01 1.609982202218943614e-01 -2.404551013360513578e-01 -2.041759667421712623e-02 9.623100160929393132e-02 -1.897156173585624883e-01 -1.863571425000235676e-02 2.709182092503192515e-02 2.094045929510079396e-01 1.893692509658538026e-01 -1.630552065146435026e-01 -3.340773799025625185e-02
-2.215291526270438127e-02 1.136687566585768139e-01 3.259672934206376271e-01 -8.033716551895653257e-02 -7.754175463429538451e-02 1.493495782241379133e-01 -7.523878403180990493e-02 -5.373949055496636540e-02 5.272093745158051153e-02 7.372627795507723236e-02 -1.763085216305472491e-01 1.624591226272288080e-01 1.474590263474698515e-01 2.177022789987647644e-01 5.674808564882662110e-02 -1.733802411136004806e-01 -7.237989857805333938e-02 1.888216952959162476e-02 -9.314067584579970027e-02 2.076385379346916416e-01 7.710505260989024105e-03 6.769267737669389107e-02 1.771290932311707089e-01 1.356239514942619157e-02 1.684352420591204713e-01 -2.170319593375446554e-01 -1.035472629986381177e-01 -2.486996117024181663e-01 -3.225356290955322391e-01 -1.185216678964217257e-01 -1.906437206760628819e-02 1.722189814838425981e-01 1.820076359954941048e-01 -2.989838122487102900e-01 3.185388361107046457e-02 9.592852489468046973e-02 1.272622431831802736e-01 -2.289367913826889644e-01 2.233845829588321230e-01 -3.195271898143118849e-01 8.790713891111268455e-03 7.237750284072372309e-02 5.350407276899108409e-03 -3.351407175254116910e-01 1.378995425791149920e-01 2.861953129938249463e-01 2.226494974114429370e-01 -1.461283287501080330e-01 1.599408139216475788e-01 -2.154630217198009318e-02 -2.013725978358965329e-01 3.042566128349979970e-01 -9.334559886951931951e-02 2.293851181092790986e-02 -2.457239988252132579e-01 -3.829004423752611908e-02 -4.026995544715094438e-02 4.354768698091895929e-02 -8.844806131231346125e-02 -2.169049163002554903e-01 1.641959652053833763e-01 -1.413253065327889531e-03 -9.024133413045444529e-02 3.081015757249933040e-01 2.078706901087446213e-01 -1.591820095382601163e-01 -1.863701184990463333e-01 1.200011232306377046e-01 -1.152318237536800183e-01 7.360670343004940830e-02 -1.210461098368259408e-01 6.221804909475329298e-02 -1.429608716689265702e-01 1.157526817071441588e-01 1.750522338592279958e-01 1.594170332268241563e-01 -3.428207888327150510e-01 -4.365548203029415847e-02 -1.384377283263427683e-01 1.579385412150653145e-01 -1.696153685186719828e-01 5.298748777134673626e-02 -9.084925973985026604e-02 -2.800709904311808884e-01 6.337076423697177163e-02 -1.056588759648821180e-01 1.308129357867303388e-01 8.669507575441562364e-02 -2.667434422913681491e-01 -4.885030789347982044e-02 2.450670788504517861e-01 2.631474777482437077e-01 5.515866418821881861e-02 1.308587333869019875e-01 -1.456926037973503840e-01 -9.205834476887239659e-02 2.298737720201127488e-01 -1.164426542486934890e-01 -1.465203174130909614e-01 2.011733114823519575e-01 1.138396362502420295e-02 6.287806405734196191e-02 8.656890209391199242e-02 4.989278107543016622e-02 -1.031010793710164103e-01 -7.042801624731019616e-02 -6.510623345984065287e-03 1.819032229298626346e-01 -1.867796244689634289e-01 -7.297277356046072416e-02 1.131867097330536420e-01 -1.604588154761101004e-01 -2.033308068141393421e-01 1.495688811901458859e-01 -1.644440896509912764e-01 2.832736067516210543e-01 1.751541419168504143e-01 2.111590649300928713e-01 -2.426551036007168483e-01 3.761541747138297254e-02 5.461980563660941840e-02 -8.608206522387459869e-02 1.037609913596009986e-01 1.255931113226670115e-01 1.521269230907890957e-01 -2.327870413945035133e-01 -1.249789018548494307e-01 -7.384715186384249730e-02
1.959377792535925422e-01 -3.520766289354196332e-02 -8.033716551895653257e-02 3.998959704785425839e-01 -2.099056683510809942e-02 -1.541590205552998971e-01 1.867598600171821721e-01 -7.816131466912562553e-02 8.090281955414323212e-02 -4.368207664895058517e-01 2.077990580718768743e-01 -1.371296110416665714e-01 -1.677952979916298437e-01 9.001654182165136353e-02 -2.814661536571059219e-01 -5.085226719097959980e-02 -3.439410770188549016e-01 -5.051164018612756823e-02 6.547115118165372505e-03 -1.822084221824065153e-01 3.144553273799995385e-01 -9.876353941000715064e-02 -1.709158690532737168e-01 -2.477451658497719644e-01 -2.624552304882420486e-02 -1.596393456537655853e-01 1.441175801743075635e-01 1.488844592609013529e-01 1.310992571359734515e-01 -7.129512546951878582e-02 -7.674180717213396896e-02 -1.254558848887280809e-01 -1.680136116327249629e-01 3.670691304716752756e-02 1.899043478036760990e-01 1.868782198043222875e-01 -3.479158383402023436e-01 -1.392520874841237100e-01 -1.261893098404762159e-01 1.217537868029443110e-01 -1.380376756265477567e-01 -1.078541675756039681e-01 2.066090223595014597e-01 1.370157718271733382e-01 -1.701962999978909041e-01 -1.277329874829096212e-01 -1.081338078535998143e-01 3.318029391755857871e-01 -1.561571187964418683e-01 2.040441760817794103e-01 -6.291931521789163873e-02 -1.388633922863808656e-01 2.295846939535371722e-01 -4.327773753316234706e-01 2.511966328611260346e-01 1.600004441331441263e-01 1.854510282816560218e-01 8.776572769125341733e-02 -1.678044266850860500e-01 1.039896189056001147e-01 -1.842577643314193825e-01 -1.707991550491034793e-01 -7.336644442607288819e-02 -1.264602705089167833e-01 -2.781941158907388911e-01 1.321923052081700745e-01 1.554180007315341394e-01 -5.548578246093067295e-02 1.108437690868318837e-01 -2.995419406086040626e-01 3.288350334922498508e-01 -4.351056354503340939e-01 -7.851039532108183838e-02 -5.618393152496121284e-02 -1.672325180983620652e-01 -1.537215455331179537e-01 6.709734597147566648e-02 1.558480690921879019e-01 1.295259810340959605e-01 -1.416732283186945829e-01 1.345739739482761099e-01 8.264380669558706038e-02 -4.357567781849905342e-02 -4.629258006921587593e-02 -1.597671453241111539e-01 2.443979888521856936e-01 -3.196092902270257219e-01 6.065277852597768249e-02 -7.341375178461033435e-02 3.866941950800500960e-01 1.181782593634417115e-02 4.333115271553907716e-02 -4.227004478210334426e-01 9.137543226886934988e-02 1.369363480027774582e-01 7.224503666716607098e-02 -5.796242915275286872e-02 -8.977336105599341420e-02 3.376114597848912102e-01 4.656715671782155064e-02 1.753857237372286049e-01 -4.437381805984987881e-01 -3.087911455097433477e-01 -2.304046362888004587e-02 -1.712680178384870244e-01 4.781411787503466598e-02 2.489720982875561761e-01 8.424156739765473190e-02 2.667684524797070966e-01 5.102492404538953863e-02 -3.634372209208574372e-03 2.470067264403334739e-01 -5.567453252571094233e-03 -9.561364960454325768e-02 3.437875666259664342e-01 -1.194585315703066697e-01 -1.465456566494570123e-01 -1.985494652361834700e-01 -1.247124095846489783e-01 -4.358621616324110937e-01 -2.929358524662637464e-01 2.662192167157953482e-01 -4.195356973647993981e-01 1.527451513671166938e-01 -1.588423521683207662e-01 1.093893989597610888e-01 -1.202750406094741237e-01 3.948685229835671162e-01
6.612379387552679011e-02 2.637793350578887530e-01 -7.754175463429538451e-02 -2.099056683510809942e-02 4.064090488424582648e-01 -4.732051647457392179e-02 1.919118251450102897e-01 -2.658788962152457969e-01 -1.937724318737645834e-01 1.526177089223501315e-01 5.068436382835734416e-02 -2.054844182037146583e-01 -6.007408548816904614e-02 -1.426019559452168343e-02 1.060699588597677906e-01 3.569941788315352249e-01 -2.184657974864821686e-03 -2.732896217476401546e-01 2.572095205071427970e-01 -1.572665731173452167e-02 -3.325042166355056394e-02 2.146318448685182456e-01 -6.582613675719965751e-02 2.282492359684448746e-01 8.754596970623425289e-03 4.730239968784640675e-02 -1.618940593789019722e-01 1.653460681028631196e-01 -1.558166588597227065e-01 2.697246374146329839e-01 5.069423969873461042e-03 -6.873258661612488551e-02 -4.263152221713419066e-02 1.224303306450969520e-01 -8.990899405516170062e-02 -2.970362708197070711e-01 -3.055209753259946828e-02 1.500495847784177050e-01 -5.834825739217468221e-02 -1.686865761761840998e-01 -1.054075706183343897e-01 1.560860440222351098e-01 -1.042282066885389519e-01 -1.703856560385071939e-01 -1.015666593879522572e-01 1.342613690680860561e-01 1.565831600561798029e-02 -1.963125491724953819e-01 -4.792811078609408859e-02 1.538129001663441353e-01 1.543454673162973079e-01 1.283425138710040381e-01 -6.159878028687768708e-02 1.194802741072010788e-01 -5.441431676354296920e-02 3.342628320024129129e-01 1.145853801076896772e-01 2.606359542459581180e-02 2.951021210757612256e-01 7.605130492846023937e-02 -1.659490813467137393e-01 2.801795544608025046e-01 -2.775918895843153544e-01 1.538670731544650450e-01 -3.176410985081341756e-03 9.793411439114878270e-02 9.643883791067305034e-02 -3.095769940874371629e-01 -4.024279965269664250e-02 -1.245494475125233022e-02 9.032964126654863257e-02 1.694276305388329740e-01 3.414361985028873114e-01 -3.036204947383898678e-01 -6.793706894808956842e-02 -1.463808869242685939e-02 6.216930798328175467e-02 1.806914710686362974e-02 -3.578131579165948900e-02 -4.376233523260609354e-02 8.245403000533559068e-02 2.977687523818899895e-01 4.025103957886165262e-01 1.276521809981669975e-01 -1.112370265939134906e-01 -2.032364743338121310e-02 -1.046368052165008306e-01 3.724953739130272556e-02 1.732534534980999796e-01 -5.857768527810296166e-02 -4.644179881018010991e-02 -1.323332814813993619e-01 -6.969075724453700944e-03 -1.769811284526931483e-01 9.667693389291361072e-02 2.212392247598866657e-01 -1.363856421055210585e-02 -9.844603638507173904e-02 4.873777332301815202e-02 2.701212165883215555e-02 -1.156962475634243787e-01 1.506314556202685562e-01 9.595303032718591196e-02 -1.165788925696879530e-01 2.880300010298718627e-01 2.323984100918920492e-01 2.206822022763796007e-02 -5.551522890470900196e-02 1.408129687530943752e-01 2.618346634887597779e-01 -2.097778787489429086e-01 1.302648842527856232e-01 1.796773481142014545e-02 -7.157754955536395347e-02 5.173145670470381124e-02 1.363037660462275147e-01 -5.937179537722649114e-02 8.180977088809335621e-03 9.358211479821090806e-02 8.133227232455131350e-02 3.323948590402954484e-02 -2.394181183021939774e-01 -3.355086618239833205e-03 -2.743279387801920155e-01 -3.912774248140643563e-02 7.800225994948724317e-02 -5.596832279173546976e-02 -1.605996278218863316e-01
-5.124988835113633567e-02 2.047110501265181348e-01 1.493495782241379133e-01 -1.541590205552998971e-01 -4.732051647457392179e-02 2.667695423899404950e-01 3.902194482916002127e-02 -9.923183014588494999e-02 5.631079445330024191e-02 1.276881383013230842e-01 -4.585558518209165157e-02 4.469431102486264018e-02 2.620004386475280889e-01 3.662063916756087140e-02 1.320957912723320360e-01 -3.619612010759874071e-02 4.064586272382682275e-02 3.215611167956512577e-03 8.699494282248605714e-02 2.769335493966039730e-01 -1.295790928277197884e-01 1.611708070297236950e-01 5.150342874880543126e-02 8.136862623934998373e-02 1.509166030193617170e-01 -6.352337073154540326e-02 -1.831713843557963295e-01 -1.167663871276359289e-01 -7.443752342233576902e-02 7.982372236905550811e-02 7.505712560602870176e-02 1.419113030978635948e-01 2.699552607319156694e-01 -1.266997218850635931e-01 -8.270556650627351736e-02 8.992615885401739062e-02 -9.642693800070861049e-03 -1.314067338409840024e-01 1.685795014995905561e-02 -6.682005168467963774e-02 -1.155346462224910060e-02 1.422084529581112144e-01 -8.223811006691190972e-02 -7.423953472125070785e-02 1.836372585396917889e-01 5.357265902051314144e-02 1.129419353152658623e-01 -1.321026572324792425e-01 2.541010121305912195e-01 3.497764922042498337e-02 -1.626088160675298600e-01 5.224382500114035238e-02 -1.616483873018075001e-01 1.328024706195405080e-01 -5.106125601553565541e-02 6.585678789616570238e-03 4.960831989532585307e-02 7.433003783056971181e-02 -8.875044198369322346e-02 -7.901078226578963834e-05 5.271265658642030477e-02 1.810231501267714205e-01 -1.002274569992210040e-01 5.703001589268213989e-02 2.397229218190074507e-01 -1.324063085672771423e-01 -1.394547777810428435e-01 2.539488447751634195e-02 -3.939056258178244563e-02 5.576894612000797904e-03 -1.068536737523321720e-02 1.223490245153801281e-01 -1.543723684262114301e-02 2.744560200746950021e-02 2.584948492734848724e-01 2.582634113742434123e-01 -1.475976363531518454e-01 -1.411741984964087759e-01 -4.798591937640861449e-02 2.583559801260389421e-01 -1.311397603665095668e-01 1.432567583041713388e-01 -2.664456659159411198e-02 -1.278034764018182723e-01 -5.483857576446610899e-02 -1.927402222720827063e-01 -1.034875149071607346e-02 4.101321657226641298e-02 -1.270475137352775341e-01 -1.716758443505010390e-01 -5.179005632865140568e-02 1.260357937228112346e-01 1.439609387785036054e-01 -3.220100246047470638e-02 -1.134982051689827631e-01 -1.683069006615027785e-01 1.197537086986176641e-01 -1.768030606054640450e-02 2.673399036199552992e-02 6.830544866089161005e-02 -5.700293490339186642e-02 1.265976574012311895e-01 1.469760354714180761e-01 1.085979402633245779e-02 -9.690257230667750910e-02 -1.594765874730439126e-01 -1.655894124017229518e-01 8.364651892268015407e-03 -5.946092691960581239e-02 -1.652676314311461447e-01 -7.677687988515384532e-02 2.665195781428049415e-02 3.095436751213347451e-02 1.908022818204949955e-01 1.889001441619168539e-02 4.740348517437057568e-02 2.498979139707484254e-01 1.732665993734198717e-01 -1.565262368736148879e-01 1.304286886770057441e-01 1.252498852312032840e-01 -1.603634690221474313e-01 1.391081624527164273e-01 9.864214483407629519e-02 2.690926356409718556e-01 -5.017721995138051984e-03 5.514063314049776759e-02 -1.073290885647683879e-01
1.769045594043585634e-01 3.505190446933381110e-01 -7.523878403180990493e-02 1.867598600171821721e-01 1.919118251450102897e-01 3.902194482916002127e-02 6.033187003862692244e-01 -5.484692631505493354e-01 4.321536884580349375e-02 -3.127385270445380283e-01 3.077103214555607646e-01 -2.759821834449497358e-01 4.539830325156929067e-03 -1.805682132680524465e-01 -1.600049589159943109e-01 2.288965344744716135e-01 -1.653851613926251851e-01 -2.273779188216847325e-01 4.653668307887424138e-01 4.430077393245856338e-02 2.916535171615145527e-01 1.483768504450435344e-01 -2.885891993965405966e-01 9.921974064892933112e-03 1.768049376078386914e-01 1.966125751432185129e-03 -7.743173815839335394e-02 4.597288960829228333e-01 9.566611076362188659e-02 2.918967753654133079e-01 -2.423239503460672406e-01 -1.380406180380541054e-02 5.154249839037854108e-02 7.053342338334009365e-02 3.312251786355541183e-01 1.551234817210989936e-01 -5.239737973336217047e-01 -8.979098996613697412e-03 -4.525246461755933480e-01 5.276200874238345939e-02 -4.810792077400058431e-01 1.268319481198009469e-01 3.181249263431157326e-01 9.392541046600418053e-02 1.282370906509975039e-01 -1.210545078175306183e-01 4.975432001724593156e-02 7.871404337879428503e-02 3.571919519624508488e-02 3.799576469736438700e-01 -1.184760525016653326e-01 -1.526090640519475461e-01 1.219114700184796701e-01 -2.138724204609032675e-01 3.056257434626734604e-01 3.623598291930594795e-01 1.921152830768632358e-01 -1.586742504759652006e-01 -1.376182885855684046e-01 4.813415669733704938e-01 -3.043932705425783092e-01 2.472645568094678781e-01 -5.304817556916230359e-01 -8.874741176426577394e-02 8.158094726475834113e-02 2.267410421312164234e-02 5.444543982495567147e-02 -4.608899847654941984e-01 4.673560345383636835e-03 -2.486052783222262030e-01 4.240979142708674043e-01 -3.216657972607256943e-01 2.450191631465420961e-01 -4.464609303295650755e-01 -3.026775627589445468e-03 8.774417881811662212e-02 9.309968347955538404e-02 2.691125083632112669e-01 -4.073515205183593849e-03 6.783318164984049325e-02 -1.029101412630201336e-02 5.758132515280065533e-01 1.460598256657733574e-01 1.703439935831557728e-01 -1.876477077392246229e-01 1.310730987621975818e-01 -3.905569151871902123e-01 7.472739172843199940e-02 1.951276900207858100e-01 1.239757386986010818e-01 -9.625918610248516971e-02 6.697819922051680142e-02 -3.020663037309949117e-01 -1.450984742384948678e-01 5.081693374497499999e-02 1.733094539375191340e-02 1.272804045758826053e-01 -3.690689712474994888e-01 5.729888494224457673e-01 9.330856233746773198e-02 3.162482281111796967e-01 -3.536216668241099481e-01 -2.055449212527668268e-01 -6.973977896459179759e-02 -1.279521337021695127e-01 2.618227653979223607e-02 2.252250109160810754e-01 8.086859746549401873e-02 2.815882192734084355e-01 4.945663772391140772e-02 -4.403344431833247086e-01 6.290726697571060733e-01 7.595832749354060331e-02 2.348769541312090703e-01 5.463919559774241819e-01 -1.172300503824348222e-01 1.969030810892393596e-02 -3.698800978136460027e-02 -3.539771052247240452e-02 -2.541191816927633740e-01 -2.002301321993980032e-01 1.039923487718132922e-01 -2.455878763473111626e-01 1.625021855015021388e-01 1.479598376960906264e-02 4.732017136360979759e-01 -9.804601317005025296e-02 3.080893492259866862e-01
-1.923213094364132625e-01 -4.473622617562071913e-01 -5.373949055496636540e-02 -7.816131466912562553e-02 -2.658788962152457969e-01 -9.923183014588494999e-02 -5.484692631505493354e-01 6.315084386469249633e-01 5.076752004073768060e-02 1.658968597140177137e-01 -1.052793834321024274e-01 1.554112533264984108e-01 -6.589072991477218366e-02 4.504085934773629368e-02 3.240502579871408495e-02 -2.596448284247435678e-01 1.855510750137668030e-01 2.915115738544167834e-01 -4.504827688210043535e-01 -1.484441529858326336e-01 -2.473368918976337483e-01 -2.178256562004561026e-01 9.759771486755906833e-02 -1.575346643441830896e-01 -1.645643794952475758e-01 9.798227271507595204e-02 1.561974886082591052e-01 -3.158444098374010300e-01 2.149144003410640991e-01 -2.811120497146284980e-01 2.058347596102104715e-01 -6.045399357781078981e-03 -1.305145321370655143e-01 7.184426999673729913e-03 -3.018255681355180298e-01 -3.583235465108960960e-02 3.289593701727536179e-01 4.180572358467785771e-02 2.360660398240907454e-01 2.625068370342788504e-01 4.335756785088111243e-01 -1.885030860933586683e-01 -2.666350494656034575e-01 2.315059762798024889e-01 -1.204774647512686925e-01 -1.622449264781037903e-01 -2.478919202594922211e-01 1.506019486177183897e-01 -1.041428940017381233e-01 -4.030211696667386212e-01 1.437076713811961670e-01 -1.384474902607200075e-01 -4.979062036121652962e-02 9.980823399488712722e-02 -2.056315222620201666e-02 -4.363529341456205968e-01 -1.197312908876720094e-01 1.092815671351368284e-01 4.874356037884094994e-03 -2.771995133899946562e-01 1.645426686938130378e-01 -3.289475154286835568e-01 6.418001569529860895e-01 -2.113301339567732473e-01 -2.001891873479474948e-01 -2.914499758203294502e-03 -1.182713284984534055e-02 4.787674290710397518e-01 8.687999341172640555e-02 1.256457260849174473e-01 -2.796181658292579697e-01 1.753670973803235500e-01 -2.765851653632833140e-01 4.678782347536317721e-01 -6.720797033894261585e-02 -1.559536396805948355e-01 5.876104901830990490e-02 -2.359212145581844056e-01 1.053505741060643958e-01 -1.334909408908178108e-01 3.131346059648804775e-02 -6.600377827712401446e-01 -2.224509463684914701e-01 -9.510178000457732150e-02 1.035696349038381231e-01 -6.165152978528426475e-02 2.552179366450073594e-01 -1.470005496813114043e-01 -1.506976995248513196e-01 -2.759213505431962893e-02 -3.648517411679299410e-02 -1.247636049766920330e-01 1.937713760863667423e-01 1.093816648481796827e-01 -4.760291669862584674e-02 -9.203876452229366179e-02 -2.979003499333756633e-01 4.890042890806719500e-01 -3.769545506090781761e-01 -2.374783980515926263e-01 -2.603667619234421027e-01 2.022994794967165610e-01 6.277220781863980525e-02 8.807511150795041543e-02 6.396335038614950168e-03 -1.197739954126015166e-01 -1.941264129115187198e-01 -1.588831007228996284e-01 -1.406521496058872056e-01 -1.517179352335859266e-01 3.960166306920291923e-01 -4.698274296987313137e-01 4.319716274408859358e-02 -2.094211960443221610e-01 -3.448200281374886877e-01 -1.634461292153127632e-01 -8.868442629731516924e-02 -6.695294786492134165e-02 9.143587566423909407e-02 1.415391140439455075e-01 1.202998923946021065e-01 4.731733521302155382e-02 1.363258263600920506e-01 -6.970673533722199222e-02 -9.535747785797259179e-02 -2.612705924811615232e-01 1.921042863141783075e-01 -1.712899427811940545e-01
4.706867129169161473e-02 -1.003273771837793621e-01 5.272093745158051153e-02 8.090281955414323212e-02 -1.937724318737645834e-01 5.631079445330024191e-02 4.321536884580349375e-02 5.076752004073768060e-02 2.821257932958171621e-01 -1.980416791507942087e-01 4.561059218136624682e-02 -3.281075879103444864e-02 6.061646108353723611e-02 2.212378559794359739e-02 -2.531967984923746418e-01 -1.589877935504125372e-01 2.312783750317823003e-02 2.021381024745249888e-01 -7.673065895453301533e-02 5.774308670885440475e-02 8.893168163361303558e-03 -1.368976225514511313e-01 -1.539817144916720906e-02 -1.067662764655809143e-01 9.724827531011867587e-02 1.226448380337422095e-02 1.147231401023659225e-01 9.599853503719215850e-03 1.417931730053346162e-01 -3.746513915389055455e-02 -1.764225400451805426e-01 4.429101021946310612e-02 6.190096012471350828e-02 -1.079354173735959932e-01 8.992640795571810175e-02 2.840499439537911841e-01 -1.978645690893786335e-01 -8.953655859436325526e-02 -9.919106449337687648e-02 1.593820715976679847e-01 -8.366536230420432152e-02 -1.247410248241204028e-01 1.002905273251705753e-01 1.564720184787572188e-01 1.288669323817415446e-01 -1.480481057477648632e-01 -5.677416235815190004e-02 1.175782030031111147e-01 6.227633931982612392e-02 -2.298803013704596790e-03 -1.697508179058173361e-01 -1.424547016068306304e-01 1.216985076217158984e-01 -1.028783066130736362e-01 1.889438945988392293e-01 -1.209883111404880807e-01 -9.896710939437166482e-03 -2.696691120141764611e-02 -3.137725436801917511e-01 8.751757620919539682e-02 -5.762854867372256551e-02 -4.463899287154585865e-02 5.517726816965669301e-02 -1.572902493185958095e-01 -3.325457155959449327e-03 -2.739856754574152356e-02 -2.184878286339824935e-02 1.277627460686259486e-01 5.589669459327627904e-02 -3.487277332137498492e-02 6.564241655533202546e-02 -2.117114441313276973e-01 -1.212369615875702467e-01 1.283022377218966392e-01 7.821975856976501329e-02 7.532163107026577931e-02 -4.353141346616039992e-02 9.282943702821812304e-02 6.184271368209300762e-02 5.924286199951820514e-02 -5.352204529642249492e-02 -5.603329479069296681e-02 -2.158952899144600257e-01 -1.331180099372926418e-01 1.231642590724779315e-02 -7.018572100971744165e-02 -4.211069354244868779e-02 8.201974516419081873e-02 -1.589975933988464485e-01 9.716251028835748427e-02 3.963282120771877831e-02 3.749664173213369811e-02 -1.108102772244357187e-01 4.357778276086556740e-02 -5.055115340395327506e-02 -2.298733923369437326e-01 -1.998433406201759882e-02 5.013937445285276961e-02 1.606481384811508095e-01 -9.249264944176838199e-02 1.099593332309015958e-01 -2.287901914158498862e-01 -2.496797239058556606e-01 -3.033893436114173253e-02 -3.195443828612398729e-01 -2.294485726990161956e-01 4.007732172121412917e-02 9.855996643992280190e-03 4.974386685495690852e-02 -2.401846391562013350e-01 6.262886474737959508e-02 1.151583331271551075e-01 -2.832504062254746421e-02 1.774141422121190415e-01 1.614451643469908548e-01 -1.436611576943722379e-01 7.255806179586672677e-02 -4.438808128173171025e-02 -6.669498845060198300e-02 -9.541026422529895468e-02 -1.824539610213551655e-01 1.492460553311057148e-01 -6.331093364544948532e-02 2.841368606584987466e-01 2.204052476574231562e-02 7.755818481951033683e-02 1.268807465181197025e-01 1.687828587986025253e-01
-2.467523668144722404e-01 4.018715157297228502e-02 7.372627795507723236e-02 -4.368207664895058517e-01 1.526177089223501315e-01 1.276881383013230842e-01 -3.127385270445380283e-01 1.658968597140177137e-01 -1.980416791507942087e-01 6.433150942762720925e-01 -2.477352627788333983e-01 7.501869993764068156e-02 1.439063771737319197e-01 -5.802764965996323049e-02 4.062878046282992761e-01 1.223287921903984526e-01 4.059565079974393753e-01 1.377044929052532486e-02 -7.019130559590913698e-02 1.610814647169624136e-01 -4.323556533871322216e-01 1.447874102629802540e-01 1.973470830406924559e-01 3.358281090407407299e-01 -1.013569181157633441e-02 2.099201093807709362e-01 -1.797495281425509350e-01 -2.659534221128149745e-01 -1.868496607037605228e-01 1.102818931593081420e-01 1.996200217954083034e-01 1.311247508069844914e-01 1.332676334643596028e-01 -7.956479161688038634e-03 -3.988667769650112715e-01 -4.127611744781656822e-01 4.804894562448253637e-01 2.193201243557646729e-01 2.526747176790871685e-01 -1.710383373947909624e-01 2.647983928083553207e-01 1.285966816948350411e-01 -4.146530495989995124e-01 -2.017068781267903899e-01 7.284302410606734168e-02 1.882256668989980286e-01 1.084429815642050723e-02 -4.183916786751346595e-01 1.235941297661887345e-01 -2.362717147776183801e-01 2.240093557310332828e-01 2.082818519914043376e-01 -2.927264258466944491e-01 5.513267077542328698e-01 -3.611910544543788237e-01 -1.130644534009003360e-01 -1.619301523511973429e-01 -7.909245751889762768e-03 3.923293481237162261e-01 -2.325639994675375855e-01 1.398190126378824893e-01 2.069041106944636554e-01 1.526147301660891464e-01 1.843975453239779794e-01 2.401890752930833095e-01 -1.351920098413273708e-01 -1.695363903297200936e-01 1.202758219850382504e-01 -1.314404360560779694e-01 3.295405492428954974e-01 -3.771057442897999823e-01 6.607302928057501301e-01 1.349737234342064107e-01 1.172264899631355051e-01 1.384964283787949169e-01 1.197565278787148524e-01 -7.791312707707773177e-02 -2.642201164823625437e-01 -1.509246964543952407e-01 1.074476049272285738e-01 -1.264187670859670820e-01 -1.599329934719747881e-01 2.012736622028870326e-01 3.748815387216624523e-02 1.437463916454114754e-01 -3.240674005434291405e-01 3.467412545420465175e-01 -1.106925789651191372e-01 7.280347493387173685e-02 -4.282740766506141217e-01 -4.501166558430484688e-02 -1.395627713391986713e-01 4.952104325074369040e-01 -1.389154373021213862e-01 -1.498654502796316901e-01 1.429251102643146545e-02 -7.253915788543310872e-02 2.259144123968615525e-01 -4.707996474442385781e-01 -1.102158852947194567e-01 -3.857127076698221857e-01 6.691334486536670845e-01 4.431294935983207672e-01 -3.910608663979105171e-02 3.897721835430067450e-01 3.886289780001200844e-02 -3.044872572466734706e-01 -1.870766034387975896e-01 -2.271790034223168941e-01 3.820541208099489244e-02 7.292548311672322758e-02 -3.810968695466860900e-01 3.397289628644330900e-02 -3.988561541062309729e-02 -4.663458099433392956e-01 1.794698931802065633e-01 1.166947082379618250e-01 2.483840279086546310e-01 1.894414892202607448e-01 5.423207927763397107e-01 3.936011429072091006e-01 -4.617195544173268162e-01 4.681298198931780896e-01 -3.801100766329851832e-01 1.494454329073128807e-01 -2.259426404031272817e-01 1.600766079502975447e-01 -5.971955843452679824e-01
-2.590395218358954726e-02 1.532380378019838618e-01 -1.763085216305472491e-01 2.077990580718768743e-01 5.068436382835734416e-02 -4.585558518209165157e-02 3.077103214555607646e-01 -1.052793834321024274e-01 4.561059218136624682e-02 -2.477352627788333983e-01 5.841073186193149747e-01 -3.197984289754420839e-01 -7.014537944804501157e-02 -3.169243849946905001e-01 -8.755112288023106371e-02 9.609692889915281977e-02 -1.077866372007990209e-01 -1.694284479690638667e-01 3.563915637458739960e-01 -1.278250961031075217e-01 1.777347973527345359e-01 1.652736575737941416e-01 -5.814525396182015360e-01 -3.315691871383091849e-01 1.522773217203538532e-01 7.508580166223283170e-02 -1.219233337997421285e-01 4.018357592171584725e-01 5.805163626171957469e-01 1.891624452375434418e-01 9.618070576847182265e-03 2.453702539352741168e-03 -7.642907465210428686e-02 1.154490344347502973e-01 9.362808027801668154e-02 2.132294798409496150e-01 -5.051425051560464174e-01 -6.170448125281517704e-02 -6.074743412762696471e-01 5.658488332314989266e-01 -2.077044405395738202e-01 1.637064829184482762e-01 1.197040082897960628e-01 6.032171549764342444e-01 3.834499370484583530e-02 -5.416147389703709347e-01 -3.317645427059028318e-01 5.018748215487470743e-01 -6.731273279524750686e-02 5.487491350510403931e-02 -3.532014282155301887e-02 -5.720606420168975470e-01 -3.060012483541109385e-02 -2.456603595279678864e-01 6.487978172555732836e-01 4.232565618972954080e-02 3.697672643185943020e-01 -5.304025041884261743e-02 -2.145832533199447389e-01 5.944337137363798762e-01 -3.590307905904841501e-01 -6.125870770744292447e-03 -4.228990356018492991e-02 -5.463682967123213441e-01 -1.294682560646197855e-01 1.067158920338290296e-02 6.596737983387754301e-02 -2.412005395449235146e-01 2.165346938310087344e-01 -4.482958426303269017e-01 4.657474432037254641e-01 -2.417332006160025637e-01 9.003859547535285335e-02 -2.224149746473765288e-01 -9.650407975482135081e-02 -6.360605851040002090e-02 2.360562071595301570e-01 -3.001798575203990741e-03 2.143073964469447978e-01 -4.754683853167592650e-02 2.361390639293808880e-02 1.479715060751983502e-01 3.985228453952711913e-02 1.584411286463732471e-01 -4.064724024778052502e-01 2.098649558170777862e-01 -4.795525762821021276e-01 -1.700322511914492685e-01 1.146803200851951171e-01 1.378290073826335671e-01 -3.796181581674029082e-01 4.968139769229804048e-02 -2.521076189869942974e-01 -1.948747373643590630e-01 1.356072448316119478e-02 -2.676167395128057486e-02 -2.461238173385020545e-01 6.078686768689854636e-02 5.674806846384120584e-01 -1.441288282416980648e-01 1.376449206035762485e-01 -2.550306309658414428e-01 -1.215566605732188860e-01 1.277101484263706566e-01 -1.835349227395541571e-01 -6.559451382825683130e-02 5.048584747628608038e-02 -1.342068302504265120e-01 3.519774963701222670e-01 -6.975113134903314360e-02 -4.046255706994612011e-01 5.081926895031926295e-01 3.327437607948646181e-01 1.109711125648574909e-01 5.584773531527364998e-01 -5.394562330096388525e-01 -8.129859185737287053e-02 -1.134267445053544904e-01 -6.118404250199222655e-02 -2.552652203096245631e-01 -4.292259212694035653e-02 2.163765035996493558e-01 -2.406198929294112443e-01 1.590354262151118803e-01 -7.645574635535817842e-02 6.146995681971159087e-01 -1.525430789678012058e-02 2.552467253620035459e-01
-4.581028108838924168e-02 -1.284325426440790230e-01 1.624591226272288080e-01 -1.371296110416665714e-01 -2.054844182037146583e-01 4.469431102486264018e-02 -2.759821834449497358e-01 1.554112533264984108e-01 -3.281075879103444864e-02 7.501869993764068156e-02 -3.197984289754420839e-01 3.700114170998347052e-01 6.178187999286331028e-02 2.012777039507561150e-01 1.113963334755636025e-01 -2.163320312391870948e-01 -3.963917054055855760e-02 9.607656733490366197e-02 -2.429704550289259468e-01 6.858722550870281764e-02 -2.584820851079699597e-02 -8.046131292140798474e-02 3.158444805991015847e-01 6.499019723217824146e-03 -9.436070100913107606e-02 -1.812166076077678378e-01 2.508450165995463471e-02 -2.915821377981786533e-01 -2.918758261574000423e-01 -2.761815727966724920e-01 9.149845620854892003e-02 2.405303036697224728e-02 6.160473339158051287e-02 -1.305946242218379572e-01 2.442431070196498383e-02 3.287855237979677575e-02 3.591965087175810756e-01 -1.293491339584360300e-01 3.613002968549484106e-01 -2.860406854017868983e-01 2.009261095976277445e-01 -4.209977052894577076e-02 1.094953475227406978e-02 -2.978828532743391100e-01 -3.736733652727628786e-03 2.848225733775599511e-01 2.677801290032407189e-01 -1.346352554332853890e-01 5.851781041826494001e-02 -1.466084138685579685e-01 -1.047780053414627821e-01 2.969090841448844831e-01 -6.475469363535965583e-02 5.017986196511944885e-02 -3.565953120603349014e-01 -1.834952181229072832e-01 -2.029292159651904792e-01 5.265807072777702741e-02 -1.173075939256696364e-02 -3.613550854490112374e-01 3.774372450401547452e-01 -1.650223132271445847e-01 1.293517190967859720e-01 2.847155097484063146e-01 8.754741307734888178e-02 -4.476066146447242600e-02 -7.136258717345830838e-02 1.962799041917499820e-01 -8.756865815119720120e-02 2.043429752965580937e-01 -3.126757405031713732e-01 5.956577895299049186e-02 -2.207511594091406404e-01 1.868039563295873229e-01 7.405187372338009610e-02 2.149106158384401360e-02 -1.788905386979341428e-01 -8.142326176784174530e-02 -9.334904729494088171e-02 4.461412210914399851e-02 -2.724222405301210057e-02 -1.852809772449864611e-01 -1.988600998700973121e-01 -1.409586495651490856e-01 2.095218269117698207e-01 5.131356072746208474e-04 3.110481404397902327e-01 4.319026051337302580e-02 -1.405934103220381204e-01 -8.588505159856139881e-02 2.232265683468558359e-01 1.459881370302292258e-01 1.760359711878472511e-01 2.156991489572873955e-01 -2.300954214303047723e-02 -6.154945204854409685e-03 2.349899224048751234e-01 -6.033543181617012641e-02 -3.781190203882023315e-01 1.928111608001230881e-01 5.845459583032454678e-03 9.127050060546221255e-02 1.368671243340180144e-01 1.133299406831825978e-01 -1.835401166060458486e-02 2.245251412883246447e-03 -7.674425619195197890e-02 1.708202843487240663e-01 -3.430106981517538900e-01 -8.011553443552104151e-03 2.478385144508465365e-01 -3.861048406552061163e-01 -1.872077856759971903e-01 -5.674189815567719924e-02 -3.828356930615235965e-01 2.790851948291496187e-01 6.647012842742955341e-02 7.287306208019732334e-02 -1.114919632693571055e-01 8.797997620688552400e-02 1.042794684872012517e-01 3.296418255898048155e-02 1.538709819065340878e-01 4.582808539520435986e-02 6.985435666621314654e-02 -3.734908067544743804e-01 -1.143244288123605873e-01 -6.033824444724525393e-02
