3.219332966051697414e-02 -2.309602604138198678e-02 9.659561746445848376e-03 1.153168100756026514e-02 -7.300027216702178502e-03 -9.176152187049769690e-03 -1.356213941537993614e-03 1.533166160566469278e-03 2.538265716521376225e-02 -2.520439092607866180e-02 -2.022436260801251454e-02 6.949495138857932075e-03 -8.844913111100822373e-03 1.888221424550288324e-02 -3.873541133710187850e-02 2.463221063682039923e-03 -7.423854204845548206e-03 1.945802075272822299e-02 -1.049131553779632936e-02 -5.974499399580127969e-03 3.302870318014605820e-03 -2.755236548817464881e-02 2.255269725266605824e-02 3.346427012009015544e-04 -1.657841665069418810e-02 -3.097433561770925048e-03 2.437538384223678078e-02 -2.769886007708968929e-03 -1.493462781320503870e-02 1.411312566777309617e-03 -3.308805609633866385e-02 -2.283006361078569746e-02 -7.445191452688045344e-03 -1.223911408435576255e-02 1.759002628052474398e-02 1.580631371688946338e-02 -1.789453841336882851e-03 -1.502184452722390116e-03 7.671348211450477496e-03 -1.303151412836610172e-02 -1.824550517565618054e-03 -2.353036303923292799e-02 1.767232712742157485e-02 -1.437378113318415335e-02 -1.005932092069230892e-02 1.053179480340471486e-02 1.103282014375433703e-02 5.606779368823755928e-04 -6.914398919563539449e-03 -5.720375071687677695e-04 -1.740363098371033521e-02 1.301000061186748796e-02 2.725359416203131449e-02 -6.621741742993066809e-03 -2.495937473048488557e-03 -6.261670065262416561e-03 -1.503868333444442068e-02 5.029416391147159028e-03 -1.813183319402894914e-02 -1.041214614561278284e-02 5.931952076622978680e-03 8.675482125438005888e-04 -1.231469860617815087e-03 1.111323613118384360e-02 -1.378595332554342044e-02 2.510530640370270059e-02 2.424202702804159268e-02 4.498791494091478917e-03 1.653760436666628850e-02 6.631216474343417516e-03 -1.221112932970905111e-02 -2.773745729455725714e-02 7.233809747664748588e-03 3.776772344792514707e-03 -5.620562179466982895e-03 -4.579738179345245984e-03 -1.125454273326113690e-02 2.940350926794668349e-02 1.852286803892079503e-02 -9.282585287901793866e-03 2.005855394355093857e-02 -4.076863928140311150e-03 -1.177196703129848587e-02 -1.574346068301197762e-02 1.438284315090395532e-02 -1.033532287750851125e-03 9.381789418596228614e-03 3.316344536825141520e-02 -1.440869311889030752e-02 1.750104443240261751e-02 1.900218616643293071e-02 -6.854446716615491923e-03 -1.572629760435100346e-02 2.447761123787339441e-03 2.165848598248888354e-02 4.548513491118334924e-03 1.184438886485879999e-02 -1.523357195895802020e-02 -4.333910652892295629e-03 -3.686572317690787245e-03 1.637927573586428487e-02 -2.941593465706082364e-02 -3.803206741676192632e-02 -1.155530010239618453e-02 -1.917117168264343557e-02 5.109887621753195393e-03 1.568591553221808377e-02 1.941495619412192224e-03 -3.837644920654879020e-03 5.875192693529057535e-03 1.198960010759165737e-02 -3.709803689852664808e-03 -1.845202233942567702e-02 -3.805690503999166214e-03 -1.736048967189983069e-03 1.230232753105739776e-02 -4.718659738831857721e-03 -2.530540378131016302e-02 -1.394862350754954997e-03 -5.824530148264599888e-03 -3.602070583897385575e-02 2.085369774681288674e-02 -8.852261845385617570e-03 1.910433090209406881e-02 -1.209703013294531962e-02 -1.217312882047533011e-02 -5.445568657816637773e-04 2.282593040178036367e-02
-2.309602604138198678e-02 5.632609809373295695e-02 -1.107207414235492722e-03 -1.691501724359142965e-03 2.136347945130900178e-02 2.088426741063029515e-02 2.983778004689174521e-02 -3.257426977340211610e-02 -2.927733287505989226e-02 1.500891676035769236e-02 3.449044296831006717e-02 -1.918805160873891455e-02 1.807014412322232796e-02 -1.322520432928658840e-02 4.132851545647187735e-02 6.773271281957165928e-03 -1.506303386985373069e-02 -4.053142975273687360e-02 3.448195991960421175e-02 1.841306734361178310e-02 1.143152033280413378e-02 4.944229654784668831e-02 -3.467016689213505559e-02 -9.843769931963011581e-04 3.383846159285438387e-02 -1.400654298780696846e-02 -4.307711509707576325e-02 1.285404814443509569e-02 5.534185566642917976e-03 1.157906283726430237e-02 3.407428972170878367e-02 2.898507469430033553e-02 1.927183531322071083e-02 5.205979653104730355e-03 -1.002102204601901941e-02 -8.743923494985419639e-03 -2.165428184753476551e-02 -1.455454158777920795e-02 -1.955820532751777890e-02 2.407414419651922235e-03 -1.781422290862451352e-02 4.148226512577637276e-02 -1.003460501845925869e-02 4.459789193865312286e-03 1.515444287834413588e-02 -4.119979169555003026e-03 -2.181580205258951567e-03 6.805419795372282411e-04 1.709595335085430448e-02 2.277771342926164164e-02 5.387337891707202724e-03 -7.652169902170574689e-03 -3.322844323601280292e-02 -6.592801458675230306e-03 8.808330822071651703e-03 3.254594266600605718e-02 3.686777039677109624e-02 2.111093291391606674e-03 1.320583446352954944e-02 2.389161892861827591e-02 -1.830236549378476754e-02 1.556315179765249343e-02 -3.053029532371695151e-02 -2.958589981959748941e-03 2.196229510842217375e-02 -2.858653993828217874e-02 -2.660247150891031226e-02 -2.438564623315805230e-02 -1.920305026359115166e-02 -2.692414850621105069e-02 3.689879205031593168e-02 1.689874975943388494e-02 1.787535418954212070e-03 -2.314498181637713800e-02 1.387399160502710699e-02 1.684235270509589280e-02 2.153493418347219093e-03 -2.937350383868562315e-02 -2.125706589540880473e-02 2.105520486127852864e-02 -2.424881984798447215e-02 4.060353374114844538e-02 2.491783432674132479e-02 9.915193722090525491e-03 -3.501432774531513387e-02 5.160066553742563566e-03 -3.511456494441363846e-02 -2.659421043424394296e-02 9.561671811613511526e-03 -1.161600704396161324e-02 -2.124799917326997828e-02 2.291291269020337765e-02 9.888933834668631011e-04 -4.596449009504378902e-03 -2.272331252219211145e-02 -2.710344974920982433e-03 5.159251988764812329e-04 -3.977140975319405636e-03 3.066837409903780745e-02 2.168457864264716067e-02 -9.191473610278964868e-03 1.805607441363641513e-02 3.933932731168520575e-02 1.179805832116051674e-02 1.385529209904442886e-02 -3.542923762422703435e-03 -9.864142972390221517e-03 9.523163358085059288e-03 1.759865706826257634e-02 -3.204422929054674078e-03 -3.210659087762444269e-02 2.998887397045390049e-02 1.781416357109574106e-02 1.589319553296384552e-02 2.707438713375985573e-02 -5.679743697950952359e-03 1.493106270751786736e-02 3.319625471400419747e-02 -1.890932999492208125e-02 -9.023623798446230720e-03 3.389592312642050048e-02 -2.594447558456949160e-02 -5.081529678358817463e-03 -1.156601551029951686e-02 2.369190560789128860e-02 2.530570917695169897e-02 -1.296915603369247494e-02 -1.265262789120343706e-02
9.659561746445848376e-03 -1.107207414235492722e-03 2.763178674927007847e-02 1.067890353131636591e-02 -1.301709485730477567e-02 6.859368680498615159e-03 -4.271227776337566118e-03 -1.753712687823571689e-03 1.072168507946535260e-02 -1.128248393156130840e-02 -1.348491265907690584e-02 1.156608213885624778e-02 5.957485464635204654e-03 2.505817229471905480e-02 -8.140503907572912978e-03 -1.897595884143217157e-02 -1.855387273488167191e-02 9.028202777262486073e-03 -1.690026739752083923e-02 8.851408819049656068e-03 1.240963782554442563e-02 -6.822548945061584005e-03 1.643053617255658960e-02 -6.666055960970506018e-03 7.641765947180546685e-03 -2.168823935078000031e-02 5.041254166657648840e-03 -2.303600614599080054e-02 -2.557685316035020889e-02 -1.535014580973864846e-02 -4.462749936151324225e-03 7.552075649301710596e-03 8.007904905754086033e-03 -2.792839459777314917e-02 8.652474067770124858e-03 1.494985279699573809e-02 2.132953749152777072e-03 -2.189812022663994995e-02 2.219780939363129660e-02 -2.552210006721727237e-02 -2.660593034535493656e-04 -5.713358290702756984e-03 8.404621388454590683e-03 -2.653494749582223020e-02 3.224355147592457716e-03 2.307425598733714445e-02 1.398041294986052119e-02 -7.202482922136608677e-04 6.651508710574496365e-03 4.124114616717663821e-03 -1.608319043421081729e-02 2.458158507822140806e-02 6.825404150724255319e-03 -1.443850692975887258e-02 -1.857045872083906701e-02 -2.035824126365469184e-03 -2.682034089734351701e-03 8.969830069157157248e-03 -1.212744017694613458e-02 -2.217048129849979315e-02 9.812294716583272805e-03 -8.728160466884314628e-03 -4.362944255111731763e-03 2.438740944959381929e-02 5.074146831587602463e-03 -7.923388848467421280e-03 -9.393288666352543961e-03 1.820895571700478430e-02 -5.320378860320010284e-03 -2.776448286522706539e-03 -2.684663172448518032e-03 -1.273626591180597803e-02 -1.804592592595580941e-02 1.696941295601570379e-02 7.694672472328381758e-03 6.601401709061447375e-03 -3.025482914178038302e-02 5.478993631108174112e-03 -5.799698135993296318e-03 6.998209141224832203e-03 -8.371267193365400025e-03 8.295284439889278206e-04 -1.296681024269167974e-02 -2.768957887049258021e-02 5.874518266445880564e-03 -1.541869055027566670e-03 2.536455969502718084e-03 1.241389962185918995e-02 -2.864903660686801690e-02 1.428510762405045716e-02 2.466942784095729063e-02 2.151836475070122850e-02 -1.133753211820403770e-02 1.742339718297831672e-02 -6.339171280770593622e-03 -5.208003537425551221e-03 1.655731414583869882e-02 -1.112568825953392897e-02 -5.374074745559265752e-03 1.819138848460104610e-02 7.687928451330432351e-03 -1.155744168607401173e-02 -6.579800628313418019e-03 3.704281138729004734e-05 -1.332297211135178086e-02 -5.110712116946991915e-03 1.152374397898456478e-02 1.796340477114008113e-02 -7.217828008090043310e-03 -5.724574794432634763e-03 1.847249221242795725e-02 -1.021424753618184467e-02 -2.138659298451809146e-02 5.000038310987398212e-03 -5.417053302781552233e-03 2.353360859481338704e-02 9.266323194951721354e-03 7.708488636863878793e-03 -2.158538223070032014e-02 -1.305397625085197646e-02 -8.720648463792187929e-03 4.704279914005291170e-03 -9.330416148195061488e-03 1.544696268675635996e-02 7.618821677954616504e-03 -2.320186775951733546e-02 -1.077571950818445069e-02 1.117777683393305667e-02
1.153168100756026514e-02 -1.691501724359142965e-03 1.067890353131636591e-02 2.916944996063654608e-02 -6.450758522768613133e-03 -6.557675299960095613e-03 3.939874478727204039e-04 2.012791975731679855e-04 6.832794873045120246e-03 -2.550835857832978171e-02 2.951160742146128821e-03 4.327534835469466464e-04 -6.931299150791873920e-03 2.515201469413428162e-02 -1.588912012842721988e-02 -1.763294096435858577e-02 -3.057318170914386998e-02 8.162855174757219223e-04 -1.516108486360846774e-02 -5.638245126690008373e-03 2.248574363435422788e-02 -7.388852298335398493e-03 1.258999280296302457e-03 -1.778414152008000321e-02 2.475573536789408939e-03 -2.531758830331547194e-02 9.155299378931511592e-03 -1.149890864045125145e-02 -9.197239088888255545e-03 -1.810974762610007352e-02 9.559909191091044579e-04 -1.023514513218583191e-03 -5.842894206411412654e-03 -1.191019010802000545e-02 8.057881522523983528e-03 1.435229056602607689e-02 -1.311381259765355238e-02 -2.304249545059429416e-02 1.385142989124202827e-02 -9.658184114309650500e-03 -8.206028491976960233e-04 -8.128795241146942116e-03 8.186786485572500327e-03 -9.605627815064320119e-03 -1.257430788508418114e-02 9.096988258497369639e-03 -2.640378628360444272e-04 1.812014700624987873e-02 -5.623112920476935547e-03 1.344395969262116193e-02 -9.918543352580617631e-03 9.150205516512029125e-03 1.341610635494373815e-02 -3.283202282369533653e-02 -2.042965631336981711e-04 1.000416481638491221e-02 1.154095276664473049e-02 1.493428166589339835e-02 -1.137170443470325761e-02 -1.493236519913816208e-02 -3.518682254156010880e-03 -1.855651719521749302e-02 -1.423646095238602360e-03 1.000993450856175158e-02 -1.567559599386961211e-02 1.903076519026312670e-03 1.562005804442709919e-03 1.134601342287424111e-02 9.846968278483271813e-04 -1.832115524074273347e-02 1.697470003440530728e-02 -2.538293557877390610e-02 -1.920711367483912690e-02 1.066982888749654773e-02 -5.484658184747663243e-03 -6.383787415186371536e-03 -1.395583420934176470e-02 4.243444097903169808e-03 1.275075350570585879e-03 -4.364009536575335670e-03 2.625954113249927887e-03 -2.753175551111038667e-05 -7.562182437788987112e-03 -2.169427419179364644e-02 -7.297176100455473637e-03 1.205815324897763566e-02 -1.616893694988692787e-02 6.899225371777970538e-03 -2.435201271961264652e-02 3.014911930303560555e-02 1.625788410965740144e-02 1.425017107136055880e-02 -2.952195094141134984e-02 1.938956368636018945e-02 3.280199314504447360e-03 2.674864105710107656e-03 2.804767096596836543e-03 -5.027180647778620691e-03 1.091191470758700981e-02 1.361107969435061682e-02 5.735793521791161809e-03 -2.560826714083081282e-02 -1.598433078283932954e-02 -1.136024036275281842e-03 -1.287039745624318603e-02 1.441720555336350974e-03 1.751162859446255687e-02 1.469521980683347918e-02 1.114843053436711043e-02 1.480188377712319007e-03 1.646962900114734910e-02 8.923361268066878470e-04 -1.204385167842604402e-02 -8.846017112156934203e-03 1.063136946337620015e-02 9.386458773543658249e-03 -3.413971428368066299e-03 -3.750070581583953618e-03 -2.156912343236880303e-02 -3.229598158823208248e-02 -1.726493244668434943e-02 1.197109004725445056e-02 -2.902168183415652220e-02 1.200031762484220568e-02 -5.159836191019102555e-03 -1.499194725341662475e-02 -1.333139184836162200e-02 2.189469439666718448e-02
-7.300027216702178502e-03 2.136347945130900178e-02 -1.301709485730477567e-02 -6.450758522768613133e-03 3.315045248823951518e-02 -7.776098797164965500e-03 1.434096679611188141e-02 -1.509470657328780725e-02 -2.340284640528772497e-02 1.858701806018476371e-02 1.867064654172194763e-02 -2.071755255099325815e-02 -8.910982515171365220e-03 -1.950278758080733338e-02 1.682439535631202049e-02 2.803429708907360235e-02 6.967289013030534758e-03 -2.644755604796589915e-02 2.637339339199758909e-02 -6.837296014760243026e-03 -1.221387388209481265e-03 2.186629921009381611e-02 -2.163847902589308148e-02 1.002753104260474017e-02 5.122200617937091617e-03 1.248626529302808777e-02 -1.768985267015483684e-02 2.248324530902843371e-02 5.814060849543676093e-03 2.194486300038801449e-02 4.333944661831241017e-03 5.856458771342172359e-04 -7.510574910312032247e-03 1.567873994608353500e-02 -7.720831221114925896e-03 -2.699207722892700556e-02 -2.648051032606354039e-03 1.698590337296870117e-02 -1.984352339140775176e-02 4.294752604301994500e-03 -8.618706361633097016e-03 1.926828830155774552e-02 -8.989643751347227776e-03 5.028387015630022931e-03 -3.711872670891951977e-03 -5.497745679133416233e-03 -9.858348981820612075e-03 -4.536661514885752082e-03 -8.125348404621682633e-03 2.728144247421315262e-03 2.010004751421215138e-02 -6.173036529025158550e-03 -1.294136899521585761e-02 1.183445385656441487e-02 7.828762957488738863e-03 1.882032390383519410e-02 1.278560690261291120e-02 -9.446963476489473807e-03 2.630139794911493314e-02 2.114253814792977845e-02 -1.781160962306536574e-02 1.664751638925807131e-02 -1.468515969492635576e-02 -4.258907513719448201e-03 6.651859194762879636e-04 1.120218398717390349e-03 2.186612867294782971e-03 -2.810435670532759542e-02 -2.578129979158533952e-03 -4.939344783202757015e-03 1.025604544340246761e-02 1.997855170693970533e-02 2.771671941064358241e-02 -2.707630886185255839e-02 -1.043052537460617546e-02 -6.007062162578718362e-03 1.437134557618913525e-02 -3.020783955943091154e-03 -3.802963880104808826e-03 -7.573596811449301129e-03 6.639777163012698744e-04 1.732466659851962867e-02 3.192167235579206064e-02 2.295718751781949257e-02 -1.397807889071486266e-02 5.783760412235708012e-03 -1.041438416910536909e-02 -1.217571360748486917e-02 2.614125044247272989e-02 -1.045424494825427861e-02 -1.511537778404930046e-02 -9.690809041253732950e-03 3.767455329843862576e-03 -1.841432219869564360e-02 2.358255449051479668e-04 1.800388911530931627e-02 -1.131518881917433460e-02 -1.336623470772963906e-03 7.248785759855826474e-03 -4.396401196060521419e-03 -8.951269342160329129e-03 1.832563400623831926e-02 1.507866757738278093e-02 3.627729680428921325e-04 2.772541007384016903e-02 1.843545613013558224e-02 -7.549455385173450047e-04 -8.822808648962159744e-03 1.150826700391678614e-02 2.038244896223479624e-02 -2.521389937097686870e-02 1.486848693504225390e-02 1.230275335441863467e-02 -3.702576005632881272e-03 6.457067864860684299e-03 -5.448935476589755744e-03 -9.331791290387586243e-03 4.634327645732943396e-03 1.337594597887487025e-02 9.196584818063204686e-03 1.354076008300553365e-02 -1.633917118738587373e-02 4.887033456329003926e-03 -2.556127623194413834e-02 -8.156063851111620272e-03 2.220956938631902383e-02 -5.798689461475147258e-03 -1.725957378055551980e-02
-9.176152187049769690e-03 2.088426741063029515e-02 6.859368680498615159e-03 -6.557675299960095613e-03 -7.776098797164965500e-03 2.901221916937216788e-02 9.767082519644537317e-03 -1.089496504755659879e-02 9.182666124663788759e-05 9.024558058544566996e-03 1.680158561594845019e-03 -3.656996236927068274e-03 2.788532099020284497e-02 -1.108894228814507514e-03 1.786487650615887698e-02 -7.260233100930142333e-03 6.887964526508652324e-04 1.124848341941501910e-05 4.715498474135018832e-03 2.588650266083968379e-02 -7.400147950111781066e-03 1.478490956196485545e-02 -4.813248260781098219e-04 7.405419956761897897e-03 1.698839330374022488e-02 -3.209850444087784978e-03 -1.402156436066644661e-02 -1.095950407037869431e-02 4.601209123802121859e-04 5.072955694684467588e-03 1.733463992101040921e-02 1.951803403781501856e-02 2.623734219232560366e-02 -5.585441044949029758e-03 -1.121174403863091362e-02 5.338523681869773718e-03 -1.019271147084249880e-02 -9.095014890546180425e-03 2.028350811874687649e-03 6.241384739190844163e-04 -5.078700345750191726e-03 9.703762085699747103e-03 -9.203387439140642626e-03 3.384414334776318081e-04 1.905503664551827167e-02 -8.240336684615850787e-04 2.148139908295998175e-03 -1.148068408062533248e-02 2.510791243854558139e-02 1.474201872730261306e-02 -5.131267965562237056e-03 -1.995643438924804124e-03 -1.237157267904482119e-02 4.294842031891682975e-03 -4.133797755138446384e-03 7.460797323290693610e-03 8.457569534035768583e-03 7.147122804491719446e-03 -3.608778761345891265e-03 4.461471724923769182e-04 -3.686612787234618775e-03 1.328461906356267347e-02 -9.621930467923252989e-03 -1.990602492270680986e-03 2.244054028659013197e-02 -2.073540187785630554e-02 -2.067479576130136151e-02 7.861906299222327574e-03 -1.165259585600053778e-02 -5.210833730845359710e-03 1.090411019015126957e-02 9.543903571000132008e-03 -9.449154461416045536e-03 7.773064079788041293e-03 2.535647641053663526e-02 2.473010648447402163e-02 -6.940897940189402586e-03 -1.782355443080408525e-02 -1.128701091002192597e-02 2.691673421203160874e-02 -1.845532356353486031e-02 1.570842287182125721e-02 -2.045455645951048135e-03 -6.718509664282966420e-03 -7.235747184614026162e-03 -1.789156830616139490e-02 -1.123769050331925763e-02 -5.592898970505868171e-03 -7.703780705930330167e-03 -1.091859145274890093e-02 -1.094417881025128332e-02 1.009693774276712933e-02 9.733214919459765718e-03 4.672935977064657557e-05 -1.766132590342233202e-02 -2.152928854148648818e-02 3.593158536761439925e-03 4.555084073668369191e-03 1.236021655312301466e-02 6.258978032046977162e-03 -7.659862023111547319e-03 1.132202097391941768e-02 1.829088913394958174e-02 -3.740478431990300941e-03 -4.510386186287045594e-03 -2.173851417199527264e-02 -1.349918715015677000e-02 7.084471319310696544e-04 5.292235213318639830e-03 -2.321779177679744038e-02 -3.498199334137276888e-03 9.739011528206532875e-03 7.615287905020130983e-03 1.743935007472756371e-02 1.194544560857621791e-02 -1.699197751940426538e-03 2.408310293417598516e-02 2.134751707879569207e-02 -1.072082985869114193e-02 3.049835850361701066e-03 1.504422793709188008e-02 -1.881882551913870161e-02 3.224689907030450515e-03 3.508030585792274586e-03 3.066551313478067115e-02 7.804761905045187352e-04 1.198453920312161740e-02 -6.861097121586370341e-03
-1.356213941537993614e-03 2.983778004689174521e-02 -4.271227776337566118e-03 3.939874478727204039e-04 1.434096679611188141e-02 9.767082519644537317e-03 3.891333889577199001e-02 -3.415557117385194241e-02 -5.009710996028884054e-03 -6.673289857437017004e-03 2.462922890178740817e-02 -2.127670162868447803e-02 6.624758354166279326e-03 -2.025061898981597719e-02 4.486960444081664577e-03 1.738038834496109450e-02 -2.826065483071863761e-03 -1.907232228667676485e-02 3.322598279355910844e-02 5.991191829684248266e-03 1.249164914514079051e-02 2.196178066846070365e-02 -2.526409625634226316e-02 3.921567128390541189e-03 2.273300851941585307e-02 4.497988372591046197e-03 -1.736031867618074293e-02 3.128961523225576302e-02 1.025958079766045583e-02 2.111202312380229193e-02 -5.796206947780778267e-03 1.178403541209204451e-02 7.927474810172809375e-03 2.584484766225404913e-03 1.271544700271148506e-02 4.623265984503427233e-03 -2.900078663208177643e-02 3.400088576814110693e-03 -3.357049920565553097e-02 8.496461944709253825e-03 -3.212739052607960222e-02 1.771563878786564655e-02 1.424828987614604192e-02 1.038363662772248328e-02 1.980332577821517989e-02 -1.065363249559693470e-02 1.212741599741795975e-03 -6.283595705711183393e-04 6.265995570608725966e-03 1.585167093556046070e-02 -6.780415802909379097e-04 -1.246771514758253201e-02 -6.786638380854853082e-03 -4.313654429770791970e-03 1.887700583782375707e-02 1.832453968554280041e-02 1.436372389459436398e-02 -1.539511589665684167e-02 -4.313084086764683127e-03 3.600011108344529365e-02 -1.922634760292257772e-02 2.021499517499719678e-02 -3.174994810652513599e-02 -1.001846158877082484e-02 1.578028283335073875e-02 -1.125785408434832810e-02 -8.485867134884826635e-03 -2.810148347513425141e-02 -8.348073734334606269e-03 -1.254995565670496450e-02 2.305560529697716493e-02 -7.086637808628332494e-03 1.688501741129872294e-02 -2.724974403671480416e-02 4.325078535562525313e-03 9.147902895080039024e-03 7.927967749100157946e-03 6.435013345142365053e-03 -7.696229319976607454e-03 7.823368176363903331e-03 -1.199077702078613951e-02 3.642071233553789700e-02 1.395720415926754616e-02 1.627394374968874763e-02 -1.507975964590213373e-02 4.739181504100639999e-03 -2.159174284843788996e-02 -6.569119890409488328e-03 1.752891983806460427e-02 -4.636421102121621000e-03 -1.061842208899295252e-02 9.483256034860951603e-03 -4.867892871846473887e-03 -1.306043059774125020e-02 -1.032751387630896980e-02 -4.576620321398759163e-03 5.198029631888858790e-03 -1.444802391554803403e-02 3.236600359982014924e-02 8.326709712494911875e-03 1.477992226330951918e-02 -7.100472144095066641e-03 1.936338982813597988e-03 1.531641476958761584e-03 -2.864599396283625931e-03 -5.321587856635372031e-03 5.539906891965496946e-03 7.332433820986451745e-03 1.364795935515161589e-02 -4.493633588832481388e-03 -3.183914242936041611e-02 3.827446040722063542e-02 5.854507811986763531e-03 2.568765548219331674e-02 3.163387246983575402e-02 -1.077499992428719577e-02 5.049355309947426394e-03 8.711550206914376454e-03 4.449662117744175908e-04 -6.384024072209744556e-03 2.839720820766792643e-03 -9.985200383329634593e-04 -4.684559949990041959e-03 4.685711758238965061e-03 7.388630051595817226e-03 3.539931796176883777e-02 -2.570854026802967419e-03 7.457170363643680217e-03
1.533166160566469278e-03 -3.257426977340211610e-02 -1.753712687823571689e-03 2.012791975731679855e-04 -1.509470657328780725e-02 -1.089496504755659879e-02 -3.415557117385194241e-02 3.416713496363030927e-02 9.616450859239912205e-03 3.051728426383295070e-03 -1.848475187267160577e-02 1.524649348485906421e-02 -7.946150716706930697e-03 1.231118108782271008e-02 -9.893650676608467531e-03 -1.450370213446770112e-02 8.021158376706647233e-03 2.199536399392554645e-02 -2.951152116957874577e-02 -8.647989977208721951e-03 -1.374000003779594914e-02 -2.418716315350226756e-02 1.889773373183261870e-02 -4.874982291287422928e-03 -2.237410133869879511e-02 3.134744721486796160e-03 2.010829234109614422e-02 -2.285616131289568143e-02 1.405176111307333310e-03 -1.619178405322932099e-02 1.065819190685648229e-03 -1.329104467652144836e-02 -9.735375225426272372e-03 1.595242044687474612e-03 -1.120398362609653468e-02 -1.468878116007449374e-03 2.134831518599175290e-02 1.733037838958093740e-03 2.282750283057070201e-02 3.356738052550872677e-03 2.783212353882564410e-02 -1.991028802110650017e-02 -1.192110452711642871e-02 1.843077500738421253e-03 -1.712924478043514886e-02 -2.971547374365465007e-04 -7.405568315238148479e-03 4.889246578902929803e-03 -7.793403806483106822e-03 -1.624516539308122967e-02 1.822559204057846213e-03 1.259648954356703404e-03 9.770668544034950484e-03 4.669627590277622767e-03 -7.867481035364330341e-03 -2.047758621881597477e-02 -1.398787834573885988e-02 1.097372390211499328e-02 7.635563622142276386e-05 -2.553086762164817614e-02 1.310148805663502967e-02 -1.823777635407594286e-02 3.293985552773207731e-02 -1.459999756165790159e-03 -1.744459019502119651e-02 1.265616970358422223e-02 1.072414823691869926e-02 2.565644443447842593e-02 1.163920410839640839e-02 1.120024669222224704e-02 -1.957059650263081457e-02 3.550834517560351455e-03 -1.347080110459108332e-02 2.502481543191712940e-02 -5.827315717909889101e-03 -1.002397635587864641e-02 -7.564611969607651278e-04 -2.795151622558608891e-03 1.147969729902699292e-02 -9.359186509229821746e-03 1.291231658950497789e-02 -3.672846284764461067e-02 -1.491475280470969632e-02 -1.091039975530687552e-02 1.390996348685510572e-02 -5.093986981061979051e-03 1.830677222925347972e-02 5.267326340248132746e-03 -1.250980684661387281e-02 4.717552668033655160e-03 4.595128973324620093e-03 -1.428124435197827662e-02 3.622892633015736569e-03 7.873998395100875736e-03 1.074212606394254164e-02 1.207072670914341233e-03 -1.068172088564167156e-02 1.758048521804916539e-02 -2.471692557263744858e-02 -1.563672739027490918e-02 -1.200268477198069943e-02 3.058422661983132250e-03 -8.009490917112284739e-03 -3.019022060176900901e-03 -1.021181034087482965e-03 1.581268881484349529e-03 -5.266340510373244965e-03 -1.208473423988552092e-02 -8.794653591648488380e-03 6.817105694529231605e-04 2.701342671095360512e-02 -3.011617299904180770e-02 -7.656868832471758245e-04 -2.203523130072929104e-02 -2.359327384932762353e-02 -1.292838688784571951e-04 -6.871543714522833184e-03 -1.301353686097843874e-02 5.267985433589015588e-03 6.377794117674901939e-03 -6.552136556533805223e-03 4.883951865436890645e-03 3.940965918487226646e-03 -1.950141870470764116e-03 -9.704141565525469665e-03 -2.483081352390491964e-02 8.642212992289873344e-03 -4.207220607871015039e-03
2.538265716521376225e-02 -2.927733287505989226e-02 1.072168507946535260e-02 6.832794873045120246e-03 -2.340284640528772497e-02 9.182666124663788759e-05 -5.009710996028884054e-03 9.616450859239912205e-03 3.878626885587593831e-02 -2.587491918799870311e-02 -1.974868028642242160e-02 1.044985123638022748e-02 8.978241163539068441e-04 1.526023325816800412e-02 -4.077509559856022647e-02 -9.837712783482907217e-03 2.717209248956388868e-03 3.425424297723781569e-02 -1.705464056424304403e-02 1.734029770973281089e-03 -3.780806058053468987e-03 -3.258283804516473592e-02 2.348571012524223317e-02 -1.973333334786271914e-03 -1.204239235956774436e-02 2.144015742335724992e-03 2.770911927609784331e-02 -7.581646257716200855e-03 -3.144501593429620614e-03 -2.475767488328632117e-03 -3.236545217906115768e-02 -1.603705153140620385e-02 1.489281147314484464e-03 -1.558884635649432186e-02 1.518298632011715402e-02 2.931306441797671206e-02 -5.445711677602080129e-03 -4.031965620331411440e-03 5.201036877421031691e-03 -7.248705821263551124e-04 -6.156092352001270144e-05 -2.744032215323814056e-02 1.627905013715466934e-02 -1.855420429740767914e-03 1.356880322549899745e-03 3.574950206109095093e-04 7.605259654656920318e-03 3.234242142105606382e-03 1.982748838620898742e-03 -4.776209715318517970e-03 -2.333838864901001744e-02 2.382499153848209941e-03 2.708355314023587826e-02 -3.789975506931455695e-03 3.892022489346951605e-03 -1.902868385471699619e-02 -1.884932234649735680e-02 3.309215484393416336e-03 -3.185267344419025204e-02 -7.383185868492177055e-03 8.307893621167896855e-03 -8.535700219671187722e-04 8.510696079376755055e-03 -1.254043718689219886e-04 -7.414409182294053394e-03 1.689694551523251292e-02 1.629655393956466400e-02 1.706169729922876396e-02 1.630546527390778350e-02 9.378021502194062650e-03 -1.370212393855097834e-02 -2.871994090196966845e-02 -4.037357045177917929e-03 1.618016952702360997e-02 4.131970405981245584e-03 4.045835265703497628e-03 -1.174052548719355452e-02 2.544345024342604261e-02 1.818651932500771687e-02 8.862847856883398018e-08 1.220091217118022403e-02 -1.245019103311635969e-02 -2.623793272785230127e-02 -1.957495790272641492e-02 1.796847716803214728e-02 -9.974816932664266195e-03 1.206659707664309647e-02 3.037264603252108272e-02 -2.073777045480045336e-02 1.316595455188269460e-02 1.553639089467636659e-02 -5.762166206552413183e-03 -1.020494668228404296e-02 4.476703610577547135e-03 1.387215422271222652e-02 -1.323936079839456784e-02 9.420829694661399939e-03 -5.510512621359484227e-03 -1.220553158397584851e-03 -9.999765933731094916e-03 1.685357817080963827e-02 -2.996565482718871118e-02 -3.983445360818864411e-02 -1.064286148042592473e-02 -3.307640814177538469e-02 -1.284225042454082907e-02 8.317626840649738895e-03 -8.994022999736491029e-04 -6.246605508352437094e-03 -1.337328963238365587e-02 1.634495429893516663e-02 -2.992356509664499242e-03 -1.431225327756108744e-02 6.534110525428425686e-03 1.100545116276957329e-03 1.623740386006054196e-03 4.160767296213452315e-03 -2.228757347249881587e-02 -1.455060099704143586e-03 -2.346498497103043004e-03 -3.437337017232717368e-02 2.355620785541714599e-02 -3.880566463414831038e-03 3.124223147599953718e-02 -3.218273725049428276e-03 -9.210791421969708598e-03 1.280810411340235939e-02 2.374406479912173629e-02
-2.520439092607866180e-02 1.500891676035769236e-02 -1.128248393156130840e-02 -2.550835857832978171e-02 1.858701806018476371e-02 9.024558058544566996e-03 -6.673289857437017004e-03 3.051728426383295070e-03 -2.587491918799870311e-02 4.491994112227381403e-02 4.732281797345999630e-03 -1.093772679296261575e-02 9.113892719860459610e-03 -2.392372752370302419e-02 3.866956064181336500e-02 1.556139709905400223e-02 2.766951107178681687e-02 -1.219750232673065017e-02 1.081988423203707021e-02 8.240740420851367515e-03 -2.436461889363155178e-02 2.058566750952200639e-02 -9.102198364972256123e-03 1.996870600689984801e-02 3.619471307783000014e-03 2.302350776424317083e-02 -1.896351612940409478e-02 -1.893689820822373662e-03 8.309963520405460116e-03 1.663756927773744551e-02 2.389701805520197744e-02 1.279348641097794066e-02 7.479163787654646844e-03 1.594337767465959718e-02 -2.974422603199906520e-02 -3.570078046757534096e-02 1.657695379023760643e-02 2.208636704624994743e-02 -2.582301298359214025e-03 7.782290028761772345e-03 9.562315196282691540e-03 1.742604181101639269e-02 -3.029715873791502534e-02 7.335172369308140539e-03 5.830940624377118318e-03 -6.395637524308279108e-03 -1.401455457151010511e-02 -1.974758780045522341e-02 6.971691647737630372e-03 -5.248310023066245049e-03 2.773049569132391909e-02 -6.892633816871831035e-03 -2.439326812199175618e-02 3.321817943409832025e-02 -8.135557453894215474e-03 4.147969836390876311e-03 2.318389202511788715e-03 -5.886546185675065046e-03 3.532255943172146057e-02 4.939458001462625897e-03 -7.741936456389815306e-03 1.679790290384380186e-02 4.353695292799032723e-03 -7.076217342046354879e-03 1.563821855610437669e-02 -1.452751318453631736e-02 -1.497158460240732500e-02 -4.320911673024003044e-03 -1.043052079332064744e-02 9.005706535928787934e-03 -4.898455858051426262e-03 4.753652090809943470e-02 1.381616873785200712e-02 -3.822391806572380136e-03 6.248174146316210452e-03 6.806046534684664223e-03 1.210867725623588319e-02 -2.386595837768386991e-02 -1.235973525015637842e-02 7.781365465130263455e-03 -1.205944595911863197e-02 -3.134884744825247268e-04 2.352372531837297956e-02 2.075530450060934090e-02 -3.505287018993988400e-03 -1.556886026219594238e-02 4.272632041929776657e-03 -2.331836683478878333e-02 2.308334433919768600e-02 -2.994655492620178217e-02 -2.427664973383832081e-02 -1.455023281770465547e-02 2.980611347060069249e-02 -1.791773456595394803e-02 -1.416769359462494333e-02 2.047071151102646588e-03 -1.825027763730931521e-02 1.886073327702599348e-02 -1.125553269878911029e-02 -1.331777932015461297e-02 -2.815009120572590368e-02 4.785026753548646261e-02 3.877357041808495580e-02 -1.936420346406471761e-03 3.621633478974753406e-02 3.109173049093348108e-03 -2.148807314318713912e-02 -2.049696552850225131e-02 1.413855421536179113e-03 2.995179078265368736e-03 -1.165341788422053805e-02 -5.172560566640431283e-03 2.113638293918266436e-02 -3.330984988128867300e-03 -1.192843533829239695e-02 -7.333781762252231107e-03 4.824386001620524847e-03 2.063024744453642936e-02 1.980505435900126177e-02 3.073562034763083553e-02 3.538596225465884260e-02 -3.619703546404595684e-02 2.462123759906326495e-02 -3.558325528001098775e-02 1.120031347017427445e-02 7.045431582230677302e-03 1.312054065847451968e-02 -4.029804252467499015e-02
-2.022436260801251454e-02 3.449044296831006717e-02 -1.348491265907690584e-02 2.951160742146128821e-03 1.867064654172194763e-02 1.680158561594845019e-03 2.462922890178740817e-02 -1.848475187267160577e-02 -1.974868028642242160e-02 4.732281797345999630e-03 4.382067345078771714e-02 -2.350616428845441266e-02 -6.497614781980588436e-04 -2.587023466376541306e-02 2.317474941849852893e-02 9.492459488027377157e-03 -6.052457508304596133e-03 -3.160553425440000563e-02 3.293614655569965244e-02 -2.118083166036613483e-03 1.229061862335317258e-02 3.471608150655678543e-02 -4.548638354350825752e-02 -1.226092015999957242e-02 2.216247597823712071e-02 3.987962191908662579e-05 -2.864064752418980439e-02 2.744725695475087532e-02 2.927517223898605872e-02 1.224259421574198058e-02 1.967477131873241955e-02 1.515609573180305529e-02 5.136534924749792909e-04 1.355946975029410050e-02 -3.208769243884632312e-03 -4.170912638780582826e-03 -2.555048802397239666e-02 -3.787478083594377886e-03 -3.670421194577762336e-02 2.631250730975345092e-02 -1.580857298912590261e-02 3.123903167348748844e-02 -3.055403518923044664e-03 2.929847963477415565e-02 7.054780594673494554e-03 -2.551371122431853045e-02 -1.704293249993520110e-02 2.027894796749485362e-02 -2.872858929266889944e-04 8.953037110043155639e-03 9.056192919815188661e-03 -2.873260573210809424e-02 -2.184126165487417989e-02 -8.885335789341622728e-03 3.098275419987586710e-02 1.781674951726441511e-02 3.230832044803870484e-02 -7.076098326924474755e-03 6.448966401030294462e-03 3.860745481290497882e-02 -2.391917075713617322e-02 5.181767081535810539e-03 -1.477554628866050573e-02 -2.458125803684986857e-02 4.606958734161616456e-03 -1.545741948587829248e-02 -1.220431659702731972e-02 -2.640249068450192457e-02 -3.556855685143541120e-03 -2.774166466449088514e-02 3.456721948527528149e-02 6.816883587150181049e-03 6.720056480687148365e-03 -2.483905884292750971e-02 -3.307325258935139671e-03 -1.759301393906541344e-04 1.635406708597935549e-02 -1.607404499649577045e-02 -5.643825077656160032e-03 2.782448398036271777e-03 -1.223423749998544738e-02 2.269954720311171195e-02 1.929684433778658045e-02 1.952344809848767168e-02 -3.253125212285607609e-02 1.518363413614882453e-02 -3.296167238284957585e-02 -2.826761841920000934e-02 1.827399212456525673e-02 -4.659292092542785708e-03 -2.703632812825891227e-02 1.053848848633875089e-02 -5.766174090353366061e-03 -1.220945624693905128e-02 -1.253681334951174155e-02 3.076993335684079581e-03 -1.368973856734857081e-02 2.976755904790124967e-03 3.370244972352202245e-02 3.356703551536860397e-03 -1.767544558184549813e-03 6.376710796463486153e-03 2.011266968434263780e-02 1.449990147294155651e-02 8.220992138363376195e-03 1.421845307333491045e-03 -3.636415615456901635e-03 -1.782184586778392177e-03 2.098093918994451551e-02 2.035229749503964913e-03 -3.494985051751820643e-02 3.293058100828341606e-02 2.514628845725064982e-02 8.761105066885675752e-03 3.089085464449707261e-02 -2.669773492017981156e-02 -2.182566105743151581e-03 1.340701559314498061e-02 -4.962888314972503309e-03 -1.061225272732076869e-02 2.094093588232365591e-02 -6.589168356776338789e-03 -7.456737150230697414e-03 -7.644180536999369870e-03 2.166895729132086584e-03 4.051136156709160552e-02 -9.649653438914995718e-03 -3.576671072778953454e-03
6.949495138857932075e-03 -1.918805160873891455e-02 1.156608213885624778e-02 4.327534835469466464e-04 -2.071755255099325815e-02 -3.656996236927068274e-03 -2.127670162868447803e-02 1.524649348485906421e-02 1.044985123638022748e-02 -1.093772679296261575e-02 -2.350616428845441266e-02 2.987798122727535269e-02 -1.430728500533671186e-03 2.357073864808864952e-02 -1.002412510083052280e-02 -1.961001854162788827e-02 -9.559306458815898522e-03 1.353121758279883687e-02 -2.178292003150649955e-02 -3.462772921867484071e-04 2.368516319812601079e-03 -1.642925254118658696e-02 2.547081545998113386e-02 -7.897266677642482066e-03 -1.282751657077761329e-02 -1.804420810732722952e-02 1.121509944347393387e-02 -1.951107401594982457e-02 -1.937922904911674668e-02 -2.424391364374438307e-02 -3.334610134327783710e-03 -8.311467204349701557e-03 -1.134768720562405724e-03 -1.099723056383917867e-02 9.331217815332380761e-03 1.528077531551738470e-02 1.956870784813640601e-02 -1.540510279507430018e-02 2.550329743028707449e-02 -1.847908133321336105e-02 1.546055952716424327e-02 -1.177191362772087024e-02 7.874764095641953801e-03 -1.912307170002328430e-02 -7.440342701413578223e-03 1.837115410397306345e-02 1.962572349118420212e-02 5.723800187853516838e-04 -4.463192497172322783e-04 -1.095908473070072650e-02 -1.728703179284290029e-02 1.920053068576676319e-02 6.279471613092263600e-03 -6.812254257252306489e-03 -1.772694308673587044e-02 -1.630937598542747322e-02 -1.473743687523913423e-02 8.909401135862523441e-03 -1.460505436256221388e-02 -2.685888538632719841e-02 2.854097390392771813e-02 -1.819256144246997678e-02 1.309706368569428514e-02 1.848506572450651225e-02 -5.693461380210963763e-03 8.393641558680749529e-03 6.596800514951374830e-03 1.549507026032447693e-02 3.280363055323897922e-03 1.104361122642723118e-02 -2.047171192571858866e-02 -1.283877500763858613e-02 -1.884167735161479743e-02 1.487586542943679022e-02 7.967549166433352328e-04 -3.085796084851575877e-03 -1.339768268626644922e-02 2.173929644329928614e-03 3.371646588878822719e-03 -2.067131709307923424e-03 8.216248157524237358e-03 -1.801573558787685284e-02 -2.269192074689813793e-02 -1.762683145326650325e-02 1.487953233759005400e-02 4.383238259643778070e-03 2.066533401043184684e-02 1.349532225041304330e-02 -1.912042638555053187e-02 5.680176718365416086e-03 2.165464798710065725e-02 8.615791785567704017e-03 5.055784663474397400e-04 1.984379105842311308e-02 9.390847452156651440e-03 -3.056459081928591384e-04 1.830799811715889611e-02 -6.609667549610172103e-03 -2.325180166372219429e-02 1.140713757561784454e-02 6.989420383264352207e-03 -1.160003663740944747e-02 -7.967903484042186679e-03 7.183717297134392665e-03 -1.552308981196334238e-02 2.612183024669015329e-04 1.299696732591127551e-04 1.315345200087824490e-02 -2.271522609461660430e-02 -3.842575754902300051e-04 2.214998421331003386e-02 -2.683251008639159219e-02 -1.750997725717086395e-02 -7.775394984369298455e-03 -2.350688999008532232e-02 1.844499975918925325e-02 5.472326232984472873e-04 -7.994351185864246104e-03 -1.304942670357939899e-02 -3.291393394902828850e-03 -8.060571099668956130e-03 1.625978593108262302e-02 1.853998202643733105e-03 1.608820576142794972e-02 -2.677107330156408907e-03 -2.825286574974432072e-02 -9.255167789320810010e-03 9.653851701707552926e-03
