3.028534372482847292e-01 7.969502215342733065e-02 1.077125030761066082e-01 8.933569378114679382e-02 1.037436399881851018e-01 8.500188740794951958e-02 -4.070287058755860110e-02 -7.086820899675011498e-02 1.883029407355067339e-02 -1.041810629274524287e-02 -1.997860755371985153e-01 2.761535652737701074e-02 8.940979644337417043e-02 2.959928628432501596e-01 -5.951208467344443198e-02 1.323381782616066538e-01 -2.153385757411637180e-01 -2.033054761068791086e-02 1.045615657160739106e-02 1.106864094176901042e-01 -8.783673026789279303e-02 -1.690837921514729046e-03 2.324329896026579578e-01 9.822273603114974050e-02 -1.879261362193484775e-01 -1.666945074870861132e-01 -5.587004359216857230e-03 -2.275673223999191974e-01 -2.665760303506015116e-01 1.358279631579779878e-01 4.078083617340875350e-02 -2.086883121159644749e-01 8.213722604817511042e-02 -5.972054348941171348e-02 -1.257069488228574616e-01 -6.394541168517749175e-02 3.355181151169905202e-02 -1.215482805001991962e-01 2.329135069451712670e-01 -2.458553344237238147e-01 1.439200641112756140e-01 -3.051036404046652412e-02 -1.184140133526493666e-01 -2.658990908946989862e-01 -2.315213959669371324e-01 2.080611236429883992e-01 9.626296459772790137e-02 -9.595899932379188535e-02 9.122274640731428685e-02 1.593560760079863470e-01 -1.199522768184802107e-01 2.160558071272547231e-01 5.519378893323081264e-02 1.963292975102414947e-02 -1.609820565028488581e-01 2.017795529490880035e-01 7.865372081256721826e-02 3.723546914945645159e-01 7.200926636089931276e-02 -2.475568258362237650e-01 2.250241509680601243e-02 1.841984282097628156e-01 -1.003006232036941225e-01 2.126596466687490083e-01 -9.106054484875575339e-02 2.377251498493961890e-01 2.246104740792216614e-01 1.268946935917833994e-02 1.764943734105602902e-01 -1.062683747594464906e-01 6.474908343942058567e-03 -1.346201956277275763e-02 1.303784037508030069e-01 1.178843314457884636e-02 8.691300526020909190e-02 9.105392495446654189e-02 -1.511226446559642000e-01 -2.944139127299088762e-02 1.957622255025538993e-01 8.224700535144732760e-02 2.365635096835091156e-01 1.334125990165992426e-01 1.182487238877586305e-01 -2.227394012853986527e-01 -8.376051891105529279e-02 -1.248798921921084465e-01 -1.161689438075666353e-01 3.021337832360754261e-01 -2.120525164313845357e-01 7.910172727232020473e-02 -3.567749161578234046e-02 -6.608251009903669260e-02 -7.878486050412950026e-02 -4.147258138864882288e-02 2.477010659729349529e-01 1.530946296145234420e-01 8.466048211520774136e-02 -1.051763984959738357e-01 -4.494810149724054460e-02 4.730247297257240274e-02 -1.340891190917951892e-01 -1.605108527956797260e-02 -3.806912241874648578e-02 -1.672582819706329993e-01 5.092525176927828467e-02 1.494638895824125235e-01 -3.073926339774415983e-02 -9.850902270132667893e-02 8.395450623623373909e-02 1.613993418986499617e-01 3.630930219453565311e-02 -7.136175669900261809e-02 -1.300414787832695866e-02 -2.152050154494321299e-01 -1.575524759293537788e-02 2.222120713538698333e-01 9.576995147973212108e-02 -1.150918431365479527e-01 -1.788619320440096305e-01 3.827606894422462200e-03 -1.316947935846176088e-01 -1.479299929339685515e-01 -1.120308478672827346e-01 -5.115378972145448455e-02 1.129345846788001040e-01 -2.439320177949164115e-01 -3.307828268839665270e-02 2.179969717728773293e-02
7.969502215342733065e-02 8.438810212193549321e-01 5.164539119735658268e-01 -1.366803423642553306e-01 4.506019120359568420e-01 4.785636955786712887e-01 5.247460400917042245e-01 -6.398072498443206912e-01 1.284503252929964090e-01 2.247823091843791643e-01 2.176663731530968648e-01 -2.691322594954956848e-01 4.747330116838620051e-01 1.978055853112784812e-01 3.492813664993437567e-02 2.945376638462164354e-01 -2.062606914938742986e-02 -2.326061812936579543e-01 5.183026304070501578e-01 5.926543058148541210e-01 -2.023854134581572206e-02 5.359499813398765911e-01 -7.949963009365786093e-02 2.824846900067591871e-01 6.857175344304160536e-01 -1.408452357882604145e-01 -5.521622639342572691e-01 8.515669682917538508e-02 -3.255219051696509602e-01 5.114945383768511045e-01 -1.798611618698755521e-01 4.119610962731106718e-01 5.756000551968888379e-01 -4.521903953133090681e-01 -3.716598857385810389e-02 1.689739900432585262e-01 -3.468551364575521712e-01 -2.757348400143789235e-01 -1.971356822091045458e-01 -3.202319661763053382e-01 -3.990929960228724038e-01 4.537397561600700069e-01 -6.427915307712865622e-02 -3.213944166968961680e-01 4.788635820485308003e-01 2.854762652485099417e-01 2.384209539899273533e-01 -2.684886098009552913e-01 5.166080413236788793e-01 2.594579935663480219e-01 -3.514538344230908606e-01 2.735912213570920182e-01 -3.190248762589674714e-01 1.580635432946193575e-01 2.352931729030462507e-02 3.981397661069566718e-01 3.423968693661377238e-01 -9.562969146528507366e-03 -1.839681714064042573e-01 2.901893789302262827e-01 -2.442819551922947863e-01 7.342189601277253619e-01 -6.512877717536370570e-01 3.212748436178380906e-01 5.358851862972977553e-01 -2.119534487557363234e-01 -2.262700943752914695e-01 -3.416445706105126767e-01 -1.634108643365202729e-01 -1.908372341525032823e-01 3.026777391527724070e-01 1.583639903717879716e-01 4.463420791237913132e-01 -2.971460538182523758e-01 4.704626140462407347e-01 6.026104767361808445e-01 -4.579481425818687779e-01 -6.281907922916624143e-02 -1.910088008010988880e-01 5.269411323270782876e-01 -3.139076096885594080e-01 7.895198051650514914e-01 3.712627366612757385e-01 -2.885229963072069581e-01 -3.702844760959461690e-01 -3.437760275993776982e-01 -3.446867779602064696e-01 2.663334560985903265e-01 -2.887537597571300796e-01 -2.123151117055624149e-01 1.341730106423908997e-01 3.640794787671286503e-01 -2.248312569680096379e-02 -9.374361804434676315e-02 -2.231880036255569910e-01 -1.981652242058634938e-01 3.169476548920558967e-01 -2.432336748994100573e-01 3.775588651196025713e-01 2.898976285770701322e-01 -2.845536772380558715e-02 1.017640964788112667e-01 8.194971483863364159e-02 -1.158009777029769261e-01 -1.775149598312510402e-01 -1.823132571175818673e-01 -5.456736847839785409e-02 1.959760113922978941e-01 1.197735091812580505e-01 -1.471246035493031235e-01 -3.841209584177993630e-01 4.855272218371680659e-01 -1.621253330820915661e-01 6.055823447377428614e-01 3.211202264682848084e-01 2.927529350277815468e-01 5.459966129967648296e-01 4.140923371710293899e-01 -4.014182485587761140e-01 1.189192427607700525e-01 9.879916927564033613e-02 -3.901684036331244942e-01 1.193560347566924029e-01 2.441768655840168556e-01 4.224161797929250062e-01 2.488387564020061171e-01 1.132973177768826015e-02 -2.087182972636493217e-01
1.077125030761066082e-01 5.164539119735658268e-01 5.794804858590603125e-01 -8.206480054289473636e-02 2.159038243680528046e-01 3.873444345858541027e-01 1.793961487897707541e-01 -3.556017328525366006e-01 1.060474490837238493e-01 2.106440333786937513e-01 -5.415786195539733228e-02 -7.578492685170150345e-02 3.776582389613876156e-01 3.166178420790490278e-01 4.388590059599366960e-02 5.492321031551877092e-02 -1.048173253070835975e-01 -7.574412000257696453e-02 1.617453707593883017e-01 4.817859449583336007e-01 -3.394787570198910115e-02 3.040607653484218020e-01 1.247064734404825098e-01 1.701718112881885347e-01 4.441397583609666966e-01 -2.328532093575279294e-01 -3.335301561494133926e-01 -2.564962966314544568e-01 -4.312121029179344367e-01 2.419978444825237052e-01 -9.126049455160184509e-02 3.162310185248835559e-01 4.524749443713103059e-01 -5.133756882340887451e-01 -7.670123197265812931e-02 9.746947964962877908e-02 -9.030701529528008253e-02 -3.260228213981821721e-01 1.303048475963047292e-01 -4.192300762904850320e-01 -1.476860411310636223e-01 2.547014955422521321e-01 -1.004399554064033667e-01 -4.404818497039514891e-01 2.911041083137452246e-01 3.746435605943413405e-01 2.248281636304099163e-01 -2.414984919047553358e-01 4.050118333967043238e-01 1.631686414151290732e-01 -3.175951669537403488e-01 3.927514287405347582e-01 -2.027414917536651262e-01 1.148578271508793741e-01 -2.027978276008516878e-01 2.162678980697579634e-01 1.811551818274552694e-01 1.240429737269153898e-01 -9.536626538237297224e-02 -8.715961226808625895e-02 -7.221076828518464830e-02 4.234115648196966619e-01 -3.941463633987332682e-01 4.093790433707188980e-01 4.124662573806357480e-01 -2.003933562515864686e-01 -2.346018179092961287e-01 -1.375007023145756804e-02 -1.058881788743639141e-01 -1.119317482982124662e-01 8.809503672747510949e-02 1.744768718455324275e-01 1.660520391324094847e-01 5.072562071104344712e-03 3.963989121659750037e-01 4.520029140178715710e-01 -5.682868022131291053e-01 -6.813379939810405850e-02 -1.369269085255632179e-01 4.113856583876846496e-01 -2.571317412318921969e-01 4.468824301568390944e-01 1.801872936323010987e-01 -4.435242670054441172e-01 -1.746653528341916839e-01 -3.267441931766206786e-01 -1.520187674212886420e-01 2.576357606816956913e-01 -4.265879617978804994e-01 -1.011340973989656583e-01 2.073150402522453417e-01 3.661089428704508153e-01 -7.491849490948437364e-03 1.569574325584025898e-03 -2.056447259807082095e-01 -1.249443856450214163e-01 2.770668237819406965e-01 -1.901133513147448828e-01 9.216967774877508901e-02 2.593647463763498195e-01 -7.878476236172611558e-02 1.419039023545800027e-01 9.999889418145491149e-02 -1.108117021621561338e-01 -1.063411130039750296e-01 -1.073910233121006114e-01 -1.436481743415464474e-02 1.503345091634159247e-01 3.256122207827742612e-03 -8.934164095127919425e-02 -7.804395440560391028e-02 1.139073318120349398e-01 -2.021943936255390650e-01 3.495398192450006603e-01 6.385185131493741062e-02 3.811019303342955689e-01 4.407766991299391646e-01 3.697738403279139940e-01 -4.164731642118721378e-01 9.445479739597591184e-02 5.779587934143620015e-02 -3.477782154870227016e-01 9.466962157021853452e-02 1.560844959007167687e-01 3.666357871417485481e-01 -1.103696614404096471e-01 -6.857401699520916660e-02 -1.868439565740393493e-01
8.933569378114679382e-02 -1.366803423642553306e-01 -8.206480054289473636e-02 4.094399231140755657e-01 2.355114139363426867e-02 -2.546000788930324887e-01 -3.282687349702387986e-02 1.372704865129807661e-01 -2.670942160555907566e-02 -3.003163878231889239e-01 1.280608793797978207e-01 -1.292784404952256605e-01 -2.540523988203821082e-01 2.438814901482003195e-01 -2.043702902197808979e-01 -1.221434792706872635e-01 -3.452843439421481309e-01 -4.142000878064223263e-02 -2.449881424211385328e-01 -2.818817449597266767e-01 2.557481853975873687e-01 -1.116618770965947111e-01 -8.016315822299301119e-02 -2.289463603030683636e-01 -9.222812993896330191e-03 -2.055986123886494876e-01 1.548579997822204790e-01 -1.192642276049013343e-02 -1.042465882062667062e-02 -2.477954026659302811e-01 6.451913765199375483e-02 -5.348436216288421363e-02 -2.836847027472725880e-01 1.960079723776892921e-02 -7.989765696991826469e-03 1.062202408650785024e-02 -1.357700241801214347e-01 -1.033069654503615264e-01 1.310412496561112194e-01 5.730888065267247290e-03 2.146846159103707810e-02 -1.630154832481391924e-01 2.647248576337169271e-02 -9.088085793329691089e-03 -2.682931414741199783e-01 2.302090636536909679e-02 -1.726015762104640139e-01 2.486523373259358349e-01 -2.689132611301382481e-01 6.381989623130915334e-02 1.335669993883613349e-01 2.731650683046376454e-02 1.717743482647017539e-01 -4.188648307124007708e-01 5.862397032479670089e-02 1.268140416371565382e-01 1.662476386011996765e-01 1.614086450068211442e-01 -8.226431013119117966e-03 -1.634003149790678455e-01 -1.281813260623270445e-01 -3.128642370423927455e-01 1.200182606715318456e-01 -1.081769552368001168e-03 -3.958866919293326236e-01 7.973489383496951133e-02 9.369955471091986898e-02 1.448926225685421565e-01 -2.290183732233157243e-02 -1.979268934588207796e-01 2.049548997457180388e-01 -2.916591604600060061e-01 -1.873022085605198783e-01 1.324829008901875771e-01 -2.608442128403525850e-01 -2.791218425957195937e-01 4.808062352365925080e-02 1.920028850327233291e-02 1.792596965455708208e-02 -2.694887349899878215e-01 9.413538456338525762e-02 -1.470402849944056622e-01 1.639198882624416653e-02 -1.084080561737183895e-01 -1.175443419803317291e-01 2.406988450632358556e-01 -1.763905405547488425e-01 -1.864682161282103789e-02 -1.528692764205114574e-01 4.198504808009796418e-01 1.682377980580301025e-01 4.311487886517599913e-03 -3.684793676867962886e-01 2.278939384562651271e-01 5.360451469011593556e-02 1.075356755694339139e-01 -1.761248223770033317e-01 1.295568800710037438e-01 6.429472298319435786e-02 7.205160404942706487e-02 -2.836492565440435626e-02 -2.825888407442461170e-01 -2.140851050879031547e-01 -2.163357719026723705e-02 -1.958180100227363205e-02 7.442809636368392934e-02 2.283058918658093239e-01 1.569932085874218841e-01 2.111100743656083856e-01 7.360071619188936209e-02 2.714454020684712310e-01 -4.104273734973730436e-02 -1.660170648875961275e-01 -2.201558542834959331e-01 8.959252426527224145e-02 3.373438782025344612e-02 -2.438371857976602552e-01 -1.397215317712574012e-01 -9.434008309865342390e-02 -4.069181797653069199e-01 -2.045143407637501631e-01 1.649537249284702967e-01 -4.030869512699500889e-01 -1.951286782382936902e-02 -2.541521026404774397e-01 -1.577589244537493662e-01 -1.060938870751065161e-01 2.255929531014566891e-01
1.037436399881851018e-01 4.506019120359568420e-01 2.159038243680528046e-01 2.355114139363426867e-02 6.287246007883687815e-01 -7.209219124550900193e-02 2.146051813804931707e-01 -3.508176180903410102e-01 -2.538928972298186704e-01 2.184849358777812001e-01 1.222538072386352287e-01 -2.454217588994767052e-01 -8.456388926363696268e-02 1.989425356492224573e-01 9.364175920324893654e-02 4.396522666425095038e-01 -1.452656960540584519e-01 -4.245211211461426548e-01 2.993536263058236280e-01 -1.304259927248596455e-02 9.303239774113879201e-02 3.785675558180692790e-01 -1.010482528310583106e-01 1.886588496793855929e-01 2.178580365376966144e-01 -1.192463047955866079e-01 -3.401582686060488636e-01 1.290887922567513779e-01 -3.677587495441768661e-01 2.912027428475739699e-01 -3.693081609195816850e-02 5.411393261972336638e-02 -3.334273109067981827e-02 -1.518905357471067030e-01 -7.445094198388899076e-02 -3.075503247217851732e-01 -5.133519904662893658e-03 6.007959203623003223e-03 6.792216410721638349e-03 -3.722003066215994194e-01 -1.483947183227329603e-01 2.944263279240634246e-01 -9.667970180380619505e-02 -3.818842298179591643e-01 -6.734122938413504567e-02 3.569327251292517822e-01 9.237892960744163717e-02 -1.709264749490898017e-01 -5.201440739021033488e-02 9.628756957918409298e-02 9.198866804488180227e-02 3.626764649635797477e-01 -1.839729261359463464e-01 5.012957836207021511e-02 -1.318610672429948449e-01 3.984006340098747989e-01 2.417952859085841510e-01 3.224792035495678555e-02 3.037575624056404466e-01 2.436569810788226723e-02 -1.880060740452756674e-01 3.286077470702988834e-01 -3.749535841520019730e-01 3.872432815087011870e-01 4.742884764358373112e-02 8.016666834821475907e-02 6.309889214548616843e-02 -3.763549247666524988e-01 -9.663031540139772890e-02 -1.027541674440833469e-01 1.131985248824172452e-01 2.070131864163520519e-01 4.633543143363716421e-01 -3.491053951258851207e-01 -8.370727226329313653e-02 -1.141200252224327735e-02 -1.868638899122792574e-01 8.820811056149308743e-03 -8.847388545604611965e-02 -6.154503124933541347e-02 3.329548040598866859e-02 4.061144197349780272e-01 5.825379175765554862e-01 -6.031666549271661598e-02 -2.474720140134774871e-01 4.272169043863423277e-02 -1.618047841437283696e-01 9.876572515751362580e-02 -1.678877547522917429e-02 -6.725491968014220973e-03 1.931265127853551977e-01 9.905668705757665615e-02 -7.881023935812377090e-02 -1.028983389162669432e-01 5.103797493963291992e-02 3.388897167847648717e-01 8.793376483365987484e-02 -1.576071752933572989e-01 1.830046343263885952e-03 2.332750256876038319e-01 -1.219910885036961934e-01 1.795105424416934825e-01 1.231788588311651250e-01 -5.728947808253843921e-02 3.046300201836897315e-01 3.299496417074861410e-01 1.169442226093111575e-01 1.267355384432920229e-01 1.094350957867425561e-01 3.761110923711848408e-01 -1.954267249653214855e-01 9.169295135146608711e-02 -2.014780663602196153e-01 3.027951564496017284e-03 -9.608174044779252063e-03 3.654327303766330415e-01 -3.085837211346571449e-02 1.100196152064044086e-01 -9.447748465061568679e-02 2.397122703697297796e-02 6.770105987351179855e-02 -2.621095942593926753e-01 -1.896578893766436708e-02 -2.642315835567972115e-01 -8.601696302255905369e-02 8.045599687834283087e-03 -2.445531771466596116e-01 -2.293379265175799486e-01
8.500188740794951958e-02 4.785636955786712887e-01 3.873444345858541027e-01 -2.546000788930324887e-01 -7.209219124550900193e-02 6.572773807939145119e-01 2.850094453915633097e-01 -3.561677473374119107e-01 3.805761213391154474e-01 1.562887374239214922e-01 -5.793788378992579396e-02 -3.668228387194358547e-03 6.707145835547038137e-01 8.896491977211194724e-02 -1.751277570663037700e-02 -9.846452292967579345e-03 1.675521437709593942e-01 1.982456069437860680e-01 2.727345455673090280e-01 7.443330128864157347e-01 -2.612351346633346449e-01 1.915967960778543755e-01 1.829055698751246573e-01 2.708083376444896384e-01 3.942557142992724195e-01 -6.616557464441921894e-03 -2.602293086932594424e-01 -1.670399023531300153e-01 -1.204520626026554242e-01 3.826680566837109554e-01 -1.478738426764519553e-01 2.910967173713958078e-01 7.292814551504721576e-01 -3.384418536287029378e-01 -6.977084410395277547e-02 3.748974116615175767e-01 -2.524040790649446642e-01 -2.639657001790292057e-01 -8.894018342600858162e-02 -1.034660214623422808e-01 -1.792176034649593241e-01 1.861179176309232519e-01 -8.355053259180554581e-02 -1.053667318702924682e-01 5.109696807930009799e-01 6.407673612414185871e-02 2.276532559502793263e-01 -2.730890615631678120e-01 6.866390811250827619e-01 2.212139391400310962e-01 -4.870204685981852077e-01 5.290018894420587398e-02 -1.635637906964697574e-01 2.848952587301949446e-01 1.435523974110182628e-02 8.464980592946698412e-02 7.617193607356154139e-02 7.640996328043102304e-02 -3.865768250281720331e-01 1.600664851716461778e-01 -3.200985540693311593e-02 6.229422628964101927e-01 -3.571792279528907543e-01 7.877768920442286549e-02 5.675223151016890455e-01 -2.052104266256107035e-01 -2.195191522527485672e-01 8.270401377839924420e-03 -1.033532675631131624e-02 -4.196477665823462183e-02 1.120830824675469878e-01 9.760678268688871562e-02 1.444652854013031840e-01 2.995524743375479332e-02 6.675986521954223596e-01 7.430056407910786698e-01 -3.704019215878752158e-01 -9.357470080212891561e-02 -4.849999882289982717e-02 7.011726551978159083e-01 -2.738054922433388882e-01 4.854258984592484949e-01 -9.741648350482233487e-02 -3.019916799514896222e-01 -1.108665630096913601e-01 -5.544776171489915750e-01 -1.642142323786739688e-01 3.200756430246499140e-01 -3.229440075123582998e-01 -3.061651599219386011e-01 -9.210900790316750575e-02 1.963585744937441369e-01 1.451281342883957715e-01 -7.883994255933923778e-02 -1.850812994613151852e-01 -4.816986645892736285e-01 2.958212600980889007e-01 -1.406133930562930012e-01 2.966661460376162629e-01 4.398324238900557653e-02 -1.529804889813520148e-02 5.883430330119510110e-02 1.692009463961271706e-02 -1.734161224360442344e-01 -3.900169373669549189e-01 -4.465940288878009201e-01 -2.520971381421063806e-01 -3.243692863966919637e-02 -2.847605985819632538e-03 -4.478454738110486666e-01 -2.163508808451321264e-01 3.464349961488289442e-01 5.474105204558591536e-02 5.533233938699710919e-01 2.578932867326451106e-01 6.680165857537638530e-02 6.951104999602553125e-01 3.133093448271799808e-01 -3.234383323383467901e-01 2.551972746812076753e-01 4.157723286812144148e-02 -3.100854359133045079e-01 2.278389146622025463e-01 4.283706272428998152e-01 6.270131456091225797e-01 1.342472268927150658e-01 3.016327652116043145e-01 -1.050493225553400384e-01
-4.070287058755860110e-02 5.247460400917042245e-01 1.793961487897707541e-01 -3.282687349702387986e-02 2.146051813804931707e-01 2.850094453915633097e-01 5.407970103529653461e-01 -4.580281099393870847e-01 1.957073077624535695e-01 -2.760967226622702830e-02 3.645976833524453009e-01 -2.829031111518892083e-01 2.902665110677611349e-01 -5.534926085763842984e-02 -1.120955107292711944e-01 1.480939234989639974e-01 8.459163208692244140e-02 -8.879563458276523713e-02 3.988732968884371455e-01 3.363288411800577915e-01 8.938047327890970284e-02 2.976605650965297167e-01 -2.320131400435367919e-01 1.213603453493376921e-01 6.001509929936965637e-01 4.373201567250272620e-02 -2.980109691017456819e-01 3.407358526553725397e-01 4.928513211997498367e-02 3.192625095101221944e-01 -2.376979523440486131e-01 3.673318381959961298e-01 3.507388079568990458e-01 -1.983332640167675687e-01 1.193594953557015337e-01 2.917155705790661080e-01 -4.659356916314906782e-01 -9.734154129028427249e-02 -3.987868958026377086e-01 4.772573403577209245e-02 -4.694311148720018423e-01 2.445593928763579450e-01 1.136588036535348262e-01 6.711585813887720187e-02 4.914114816110290995e-01 -4.041316556570323515e-02 6.370660214562944013e-02 -6.046953908269495775e-02 3.121940492720630678e-01 1.799856704916095174e-01 -2.022735108823720263e-01 -6.950610649748643899e-02 -1.402154375543063214e-01 -1.466724061036913350e-02 2.692544540004917497e-01 2.134113608218161651e-01 2.233309312779279965e-01 -2.379495528378337277e-01 -3.210533426905454180e-01 4.790697336061153777e-01 -2.700413432259954893e-01 4.377098888799574317e-01 -4.336590630486693021e-01 -3.528868636177408952e-02 3.497487256523686971e-01 -2.226840838115082821e-01 -2.066157185545873798e-01 -2.882305879137306293e-01 -1.921107910513367434e-01 -1.362752195695288160e-01 3.466453637378431041e-01 -8.898458899749046858e-02 2.559746345016737368e-01 -2.526774571788716894e-01 2.721447276590354680e-01 3.828250580752713406e-01 -1.037614539181599960e-01 4.794094719963545165e-02 -2.015231721589309521e-01 3.248046986904965516e-01 -3.093802745444372837e-01 5.399481769519319796e-01 1.346337270676185582e-01 -9.632943998306078143e-03 -2.493434665455555865e-01 -1.482106633587235711e-01 -2.942509319728375261e-01 6.938443948699386798e-02 -4.691637167899966043e-02 -9.977232795920756847e-02 7.757069321698915887e-02 2.171332124915809070e-01 -9.400737305936879284e-02 -1.694459035029995814e-02 -2.438935759741189258e-01 -3.171480565616493497e-01 1.444350796019726879e-01 -1.034955444920643425e-01 4.767490907812652057e-01 1.294223417091333594e-01 1.406064735011816891e-01 -1.322278290582695193e-01 -1.031452459025057750e-01 -4.855175780292603216e-02 -2.983889628525210336e-01 -3.113575127843140056e-01 2.567875492388409231e-02 2.043007972160289787e-01 1.509746110341152192e-01 -2.950520274354076489e-01 -3.151317197459992392e-01 5.698533983023964522e-01 -9.645784501747484141e-02 6.060919844519795374e-01 4.235921476191656931e-01 -3.642431167322138230e-02 3.268928265521247045e-01 2.496255840551529215e-01 -1.491135759245032777e-01 -3.725700555270530789e-02 5.770247810974608697e-03 -7.459537670908153451e-02 1.630198717803914288e-02 3.314149630848703398e-01 2.112753200841359924e-01 4.407250535244474077e-01 1.408495263109930118e-01 1.122439614802064889e-02
-7.086820899675011498e-02 -6.398072498443206912e-01 -3.556017328525366006e-01 1.372704865129807661e-01 -3.508176180903410102e-01 -3.561677473374119107e-01 -4.580281099393870847e-01 5.809137716960012243e-01 -3.070399421643219690e-02 -1.816907518753808626e-01 -1.079678025173071571e-01 1.904968061862810091e-01 -3.460045552678004399e-01 -5.473403217404668175e-02 -6.954455339611483045e-02 -2.776577651225156096e-01 -1.918326586101428213e-02 2.030457085545035179e-01 -4.439660562213133543e-01 -4.327334536754897654e-01 -1.193397438570480661e-02 -3.852965611534118207e-01 3.746462872211670653e-02 -2.818648388663403392e-01 -4.695668863407161386e-01 4.916664846106118258e-02 3.821011149417328223e-01 -1.150997570897666494e-01 2.832315216720886486e-01 -4.227991276761873807e-01 1.714303004384888640e-01 -2.915720553369983703e-01 -4.215547503446194777e-01 2.913972044663478145e-01 -5.048529008362080683e-02 -5.431393879418692366e-02 2.387734809021292148e-01 1.188174750579392008e-01 1.655433572223025951e-01 2.949680943036502856e-01 3.662008362708951137e-01 -3.253500127123629126e-01 -2.209852382446665306e-02 2.861035572476285926e-01 -3.863967770742007257e-01 -2.451353428221131336e-01 -2.325895978502320327e-01 2.922833876183656421e-01 -3.778024183374961709e-01 -2.516967071658179345e-01 2.232407107124561585e-01 -2.325969193785657196e-01 2.022840007311066945e-01 -1.593709700779612493e-01 4.945762953853335975e-02 -3.345161159470852463e-01 -1.711171957713846226e-01 9.508888912577539987e-02 5.777222125682422715e-02 -2.392813519412314571e-01 1.714015943507750661e-01 -5.781176292049967635e-01 5.857943410614087076e-01 -2.814225908044358238e-01 -4.722782416325964627e-01 1.780036117526366535e-01 1.895939624745962282e-01 3.329810614398396873e-01 1.629423486448675074e-01 8.617230539959822022e-02 -1.936360713815758750e-01 -1.400997254475170595e-01 -3.778207559691093564e-01 3.016338775045657172e-01 -3.406292706994302755e-01 -4.402119271496858777e-01 3.072837095277007324e-01 -2.890121396640297005e-02 1.888981525991486055e-01 -3.904771505988037794e-01 2.457828349667494361e-01 -6.680780098865262140e-01 -2.985970207483439331e-01 1.141426943706833619e-01 1.922715290292760781e-01 2.518369941499518649e-01 2.203910852717557711e-01 -1.780921843641357638e-01 8.942489166349446017e-02 2.009612963263435192e-01 -8.845856819768556367e-02 -2.562563191081509428e-01 -2.205878862308161339e-02 1.248913606549381106e-01 1.722187510415240652e-01 1.032017933228773637e-01 -2.938403934409752338e-01 2.909656312067870343e-01 -2.756716837301006473e-01 -2.322687397335841120e-01 -4.624317802331438104e-02 -1.020804720257680598e-01 -9.878390090750241437e-02 1.192893824444889034e-01 4.812242431084996080e-02 8.163422978086012916e-02 -4.382446649761948150e-03 -1.375511969414060509e-01 -6.405446625681085471e-02 5.261192647074843659e-02 3.511630001960847069e-01 -3.952149412477559687e-01 1.090196737344888006e-01 -4.601172106549543672e-01 -2.323851371478179439e-01 -2.486519778645984446e-01 -3.860986635438251602e-01 -3.271545549598043889e-01 2.132858849599451878e-01 -1.196889884296049172e-01 -8.212691929402747559e-02 3.117168848087630284e-01 -1.160445576369090182e-01 -1.136195543122563850e-01 -3.224784322424080196e-01 -2.076019322775354836e-01 1.326116886868391846e-02 1.545654993059867310e-01
1.883029407355067339e-02 1.284503252929964090e-01 1.060474490837238493e-01 -2.670942160555907566e-02 -2.538928972298186704e-01 3.805761213391154474e-01 1.957073077624535695e-01 -3.070399421643219690e-02 5.113466585056711811e-01 -1.610337873208659287e-01 1.517865141008584162e-01 -4.538741879255572126e-02 4.141225577433632066e-01 6.347874549381193887e-02 -2.805791536935294817e-01 -1.874076845563151794e-01 1.349189848243572687e-01 3.339490297879397218e-01 5.061767776446801648e-02 4.191671869888841662e-01 -1.391878833124914894e-01 -3.355576121228991127e-02 1.685212012188000777e-02 -6.238090579469134957e-03 3.309937181688515362e-01 3.947905808762982444e-02 -3.452253309424663241e-02 2.022975366378260836e-02 2.310958056256018911e-01 1.151907021168578626e-01 -1.711171270024124114e-01 2.072707294061632288e-01 4.296005837547726136e-01 -1.642333284310372454e-01 -1.267111872786060543e-02 5.593504319415524284e-01 -3.848069119882510658e-01 -2.165037923699117961e-01 -2.101438306824059687e-01 2.681463478663299038e-01 -1.409260678246229415e-01 -2.575421460170841670e-02 8.648760360103223410e-03 2.679750337575508290e-01 3.865456546353885359e-01 -2.303222671607191852e-01 -1.124940604564643280e-02 7.898435223840274966e-02 4.122440263667303539e-01 6.101632933348076493e-02 -3.740187278962442408e-01 -2.493990109973050484e-01 -1.576865846413887324e-03 -8.702372556260919156e-03 3.232215292963722120e-01 -1.016360378870846543e-01 9.931131518355280907e-02 2.203302123552357966e-02 -5.995732774157327416e-01 2.534231260024287224e-01 -7.727393040789283518e-02 2.548261170265403996e-01 -8.957273109055634286e-03 -2.596904625147090639e-01 1.861834745661797574e-01 -1.056746456916760196e-01 -9.103291835063341553e-02 1.446272631128902864e-01 3.549531444446765022e-02 -8.769067704578684119e-02 2.010105755590568810e-01 -2.263895722588335491e-01 -7.034176211107977250e-02 1.608061770967890991e-01 4.034307492883770219e-01 4.544008976204569894e-01 -8.022751415911860695e-02 -5.605097584883494272e-02 3.716808564261683823e-02 4.143392926190234693e-01 -1.746601943066397600e-01 1.229994020763947316e-01 -2.978927157476158882e-01 -2.022330638790816315e-01 -1.285744387705229086e-01 -3.040210519355384666e-01 -1.762091771947198737e-01 2.007479412212954395e-01 -2.926410262315987665e-01 -5.169632929038637387e-02 -5.509092130998635012e-02 6.562248942622715686e-02 -4.998229565787912915e-02 9.843332911012374342e-02 -1.258985944972136062e-01 -5.636292503472467574e-01 4.894602761468124646e-02 1.323514502880853150e-01 3.667306895443113168e-01 -9.568095940818613365e-02 5.488484222076123187e-02 -2.573151014847727125e-01 -2.696408069226083892e-01 -7.163293619791748224e-02 -5.969560553258068669e-01 -5.601235608341027516e-01 -1.733170000353998763e-01 2.619837556520904567e-02 8.262380140039245202e-02 -5.768821664320293863e-01 -1.673508049357703628e-02 3.413106434234051689e-01 2.645115093425320918e-02 4.651303474683629036e-01 3.415266483890780913e-01 -2.235523526590215415e-01 4.312732127655985459e-01 6.026310923624188243e-02 -2.124397259620091905e-01 -3.984643922912400535e-03 -1.240363276817951499e-01 6.372260499632309561e-02 1.794313131591543375e-02 5.748226197241959046e-01 3.205140882601420493e-01 2.286557066960689111e-01 3.934164497270782879e-01 1.430014573431646618e-01
-1.041810629274524287e-02 2.247823091843791643e-01 2.106440333786937513e-01 -3.003163878231889239e-01 2.184849358777812001e-01 1.562887374239214922e-01 -2.760967226622702830e-02 -1.816907518753808626e-01 -1.610337873208659287e-01 4.050497218623921869e-01 -1.944315659186965362e-01 4.977817076248240019e-02 1.423680828628694217e-01 -4.676961528342097468e-02 2.770640196461133242e-01 2.203955374011400126e-01 1.679046472321384376e-01 -1.226710216121496277e-01 1.837811161443272667e-01 2.029385082584415079e-01 -1.871704342113194031e-01 1.930343157749462579e-01 1.282144261132983909e-01 2.744979915783271052e-01 -4.790780735818201200e-03 6.792102455109708115e-02 -2.035669693268344904e-01 -1.363342689586110879e-01 -2.625832260874268465e-01 2.499271549743206922e-01 1.437366692044788480e-02 3.767727358951684230e-02 1.821505557167210909e-01 -1.110466124643989944e-01 -9.874870136123171938e-02 -2.682878037849645292e-01 2.451873281419103545e-01 7.411052413592683630e-02 9.248584353565950100e-02 -2.801479536526497172e-01 3.926953934571954935e-02 2.008098581044270026e-01 -1.388838284189009842e-01 -2.835769526750233083e-01 7.888549525557582431e-02 2.326846451506626168e-01 1.680094808764450165e-01 -3.234525872322799867e-01 1.635420069885754335e-01 4.035112850972726734e-03 -9.215635884112085424e-03 2.466744345080270073e-01 -1.853031313121546175e-01 3.772998758697104771e-01 -2.750810245537855248e-01 6.882339880135522614e-02 -8.053433661722177173e-02 -2.328354003772571679e-02 2.831727562321942337e-01 -7.011486620635197509e-02 6.485828346767001651e-02 3.093847198723581604e-01 -1.974141429101464451e-01 2.724711894998032014e-01 3.129708880621676625e-01 -4.714682448637644296e-02 -7.930436813459822154e-02 -1.407944376811501030e-01 -2.038838475199604428e-02 1.379302614933820559e-01 -1.958312161131470774e-01 4.155206880157489291e-01 2.608784443792715457e-01 -1.323584354060009238e-01 1.571013316078889999e-01 1.758181717081279960e-01 -2.056596440098360512e-01 -3.737335623166378878e-02 -5.890330542982695483e-02 1.648372707894451838e-01 -5.290706310152415437e-02 1.963289608068987946e-01 2.340176090015098631e-01 -1.505091876851574924e-02 6.342726741104290356e-02 -2.069497093254787368e-01 1.298302527428518982e-01 4.872917469397636953e-02 5.920471409706958704e-02 -3.060419900943769367e-01 -3.785875651667920672e-02 3.321571512920667296e-02 2.766448422071311475e-01 -2.138005063271181116e-01 -2.794397309545128619e-02 1.380503786931243093e-01 1.525958374122274586e-01 -1.652109069134412300e-01 -1.882540630262722059e-01 4.146073441349546612e-02 -1.126420098551300930e-01 4.047930401128169708e-01 3.010482620651580565e-01 -4.945958712175260036e-02 2.811489067047499568e-01 1.662966362910417162e-01 -1.128395694007316014e-01 -1.193695273600425405e-01 -1.410841532243168606e-01 1.830718392115892046e-01 -1.775139194025977252e-01 -9.669798572736930387e-02 4.634246426438556193e-02 2.545560156219834821e-02 -2.008547304483729867e-01 2.265722902400812977e-01 1.549791376108707319e-01 1.924586398477510507e-01 2.804783461475212139e-02 3.519860639953324433e-01 2.115863494020862878e-01 -3.360843251733617865e-01 3.050029226207547350e-01 -2.307191649592069682e-01 1.785867765526486795e-01 -6.852859174213961346e-02 -6.925497628692024732e-02 -3.374887595972345111e-01
-1.997860755371985153e-01 2.176663731530968648e-01 -5.415786195539733228e-02 1.280608793797978207e-01 1.222538072386352287e-01 -5.793788378992579396e-02 3.645976833524453009e-01 -1.079678025173071571e-01 1.517865141008584162e-01 -1.944315659186965362e-01 6.163493238400619134e-01 -3.250616820680686803e-01 -5.181970932338657299e-02 -1.679321289017401964e-01 -1.896955822763653488e-01 8.341452780667892378e-03 4.519536363743287266e-02 -1.065652319595823960e-01 2.347758009116602262e-01 -6.350729632896390253e-02 2.213912446508009557e-01 1.962889479437651130e-01 -5.130817717437459180e-01 -2.179746789585460254e-01 5.220527197554125642e-01 7.443668526655987383e-02 -1.847468203750333438e-01 5.003478672288604878e-01 3.996504686762835101e-01 5.187594180257676379e-02 -1.608083134009325732e-01 2.990839437974120996e-01 -2.358275859392047064e-02 -4.594861979844055283e-02 1.394295378771036875e-01 3.186190586027053961e-01 -4.736082604622238734e-01 -4.728375659421544391e-02 -5.402965640511165901e-01 4.025816476758684037e-01 -3.677736297681611921e-01 1.697036918995617760e-01 1.531257064334171358e-01 4.257555790250984740e-01 3.120282509863814280e-01 -3.295660007629776511e-01 -2.121667201926174806e-01 3.323603599185175894e-01 -4.038445958487092008e-02 -7.322187174941231780e-02 -1.450859121132591287e-02 -3.572201689475389408e-01 -1.021836104589882027e-01 -2.478609932089030077e-01 5.471299908339091189e-01 -4.140176252749802610e-03 2.924273754094073863e-01 -3.105016534031769249e-01 -3.602818330694209648e-01 5.790137975759062083e-01 -3.121206485658723495e-01 8.574692709431584736e-03 -6.355020220273607801e-02 -3.502442902950233528e-01 -9.064230632667757970e-03 -1.685299314729688525e-01 -1.274924905559177701e-01 -2.066410058973097152e-01 -1.228611279922926375e-01 -2.141772487502470179e-01 3.890990422932325554e-01 -2.394102914607301180e-01 6.250135331980787023e-02 -1.764850360697608200e-01 -6.840111096150786052e-02 2.472558536285947642e-03 1.425751054229315029e-01 2.375631476459390615e-02 -1.154122323794749966e-01 -3.652406106524525714e-02 -2.307554046534647796e-01 1.387301130163831053e-01 3.790072406914708064e-02 1.149257496177574639e-01 -3.127725083679994134e-01 1.816070936442337469e-01 -2.791212929439079726e-01 -1.806639936934648916e-01 4.000536377185857223e-02 9.227424417784051147e-02 5.735180825198783749e-02 1.547779614710698970e-01 -2.182860327017971669e-01 6.915784855098676409e-02 -2.197004979761621457e-01 -2.443732930658736591e-01 -1.440344779229736083e-01 1.560665374518061532e-01 4.568234442384858651e-01 2.725379865884873781e-03 1.639785162415203779e-01 -2.700188698623631200e-01 -2.036520657237660126e-01 1.650305652197159856e-01 -3.274937071645052100e-01 -2.708939871051013193e-01 9.450606125779420497e-02 2.138721363085467619e-01 1.937355336607477774e-01 -2.674828207571077754e-01 -2.051939604408566098e-01 4.716613830305417809e-01 -5.255437876335674469e-02 4.351759465728708420e-01 4.127828328176239014e-01 -3.278583138784000317e-01 -1.962356933497132194e-02 6.560621269652366916e-02 -4.028788563604879941e-02 -2.343448850804324690e-01 -1.030726274245904149e-02 2.385263013329839699e-01 -1.177032330527414267e-01 3.149630408457479436e-01 -1.457087968135641620e-01 5.563254571316086361e-01 6.660357523620005771e-02 1.361396560239236109e-01
2.761535652737701074e-02 -2.691322594954956848e-01 -7.578492685170150345e-02 -1.292784404952256605e-01 -2.454217588994767052e-01 -3.668228387194358547e-03 -2.829031111518892083e-01 1.904968061862810091e-01 -4.538741879255572126e-02 4.977817076248240019e-02 -3.250616820680686803e-01 2.947312171209949261e-01 -1.850008884276188289e-03 -2.861002029273887817e-02 1.117363122016557381e-01 -1.060820624140929452e-01 4.623675037113179898e-02 1.291434746039170633e-01 -1.614955690010461964e-01 -2.650351686783043725e-02 -1.392137733686304446e-01 -1.808292061467755008e-01 2.453690634486847821e-01 1.694213612888072207e-02 -3.716652927841892495e-01 7.915622267044520807e-03 1.552528255296167226e-01 -2.255499957956417501e-01 -4.975515823079783295e-02 -1.316722586690150520e-01 1.090922385854550397e-01 -2.065073414417874509e-01 -3.193118395423329842e-02 1.096221663425099302e-01 -1.411456578607291242e-02 -7.538225178722963993e-02 3.029915428942154265e-01 4.393677383587343138e-02 2.172945340774777301e-01 -5.430749330144168247e-02 2.574820559370378237e-01 -1.241854678300436943e-01 -2.014168881386787027e-02 -5.633921425718330794e-02 -1.550007349886793895e-01 3.001485363556432792e-02 1.057705647165621543e-01 -7.788026842449992382e-02 -1.340976475709501278e-02 -8.122831079624071027e-02 -1.819738007882249625e-02 3.897431498671193734e-02 5.504426184240997916e-02 1.350554907126109705e-01 -2.052849026322581538e-01 -1.825598061316638376e-01 -2.352021893506538730e-01 1.054658760019693137e-01 9.756034926957211917e-02 -2.491815470992174431e-01 2.777313404905669136e-01 -1.415268525102917618e-01 1.842047899698996127e-01 3.330506298919746339e-02 -2.347883618282449458e-02 9.799768458251581493e-02 8.495386076662750363e-02 1.457971368485366515e-01 1.193765008238239500e-01 1.657681597900165504e-01 -2.868490734987286239e-01 7.521955242502369188e-02 -1.472951615887301002e-01 1.261248476584989897e-01 7.266455362068572829e-03 -5.781477738929724497e-02 3.820997076055251268e-02 -2.627611947984475477e-02 1.127217494748829901e-01 -1.885158250464209068e-02 1.482456385791340314e-01 -2.335357924549271436e-01 -1.929616886456245461e-01 2.597787571132318188e-02 2.313660021577527148e-01 -2.647764966051269903e-02 2.463700969318027567e-01 1.788790297332733606e-02 5.419246644909201521e-02 -9.629029634125371717e-02 -1.049923908489434621e-01 -1.034600516340569432e-01 1.923810380351465843e-01 -2.644377238660827398e-02 1.358404314647926325e-01 7.618656216266599113e-02 6.621898023720758364e-02 -4.239946924259088701e-02 -2.832136432033070528e-01 -6.281106919441779846e-02 -1.491532576860264518e-02 1.050884826726895815e-01 1.088571264133055133e-01 2.597694871438602227e-02 8.733229264093725353e-02 8.836436939029479465e-02 -1.161209095610175601e-01 -1.429674044762813678e-01 -2.034154489302071322e-01 7.375575704612316597e-02 1.040603807524757285e-01 -3.048047573058810245e-01 1.089000995093645924e-01 -2.395568357714522312e-01 -2.613459486720506320e-01 2.350758124770080046e-02 -3.659804465348959202e-02 -1.055723736143772823e-01 7.672926659867393417e-02 1.474603936245403868e-01 3.647910319245318417e-02 2.384271074323001532e-02 1.239253322469282548e-01 -9.000396377897014466e-02 4.457403909803379222e-02 -2.337617025723204289e-01 -1.758842342180140864e-02 -1.108072514347808145e-02
