3.171154156626573156e-02 8.549082019028018259e-03 -2.071360134255848667e-02 2.127240541893724024e-02 -8.796989859677365603e-03 -2.919144588701562404e-02 2.752508940159295592e-02 -6.544162990951847125e-04 6.190201592318106232e-03 5.273721649713001593e-03 -2.086265781770185040e-02 -1.552803335816321968e-02 1.197621172789612755e-02 -1.428116549322028424e-02 1.769456889622358616e-03 -3.303838716352024640e-06 2.563210457392978148e-02 5.623043205299532894e-03 -8.700979062479493112e-04 9.751179572439466064e-03 -2.873353663339914613e-03 1.087004409669281493e-03 2.265825477992620268e-02 2.639718752416411393e-02 9.196181375043507855e-03 -7.890311236463444858e-03 -5.765662600211364508e-03 1.232643187346925753e-02 -1.353973767532981598e-02 -2.476132826546665992e-03 1.322443017018791640e-02 4.195802795520279203e-03 1.631123855035090638e-03 4.085756212539328434e-04 1.590167334472442117e-03 -5.753085731891846404e-03 -2.275184927594972942e-02 -1.771348460816928082e-03 1.512658665984510306e-02 -6.805972257286131179e-03 1.445164958123644657e-02 -2.477326741216553940e-02 1.769213268886056512e-02 1.429193232777812477e-03 7.723956164502784362e-03 1.147457952340770427e-03 2.500560948847911635e-02 -1.253823454455965485e-02 7.270072831208841159e-03 1.109134695803470558e-02 9.914272115751264491e-03 2.875269828489323762e-02 -2.670584998257807471e-02 -2.498704677159108850e-02 3.464584237842229138e-03 -2.467020631276105325e-02 -1.086418265631043309e-02 -3.574041400460829018e-03 -1.550123701217429387e-02 -2.044229792599319001e-02 2.002948523009825607e-02 -2.028000584106168583e-02 3.895674138371147451e-03 2.507397617050348415e-02 -1.375919744356897401e-02 2.559515797147028128e-03 -1.011510141043358083e-02 7.161956429312769934e-03 -6.945445667682666711e-03 2.830406287702469381e-02 -3.657327819398558159e-04 -1.918623848078689423e-02 9.605532624079291676e-03 -2.703968118145164395e-03 4.348111131492284932e-03 8.722173170874701273e-03 6.340136450852408047e-03 -9.255102049377282938e-03 1.233731335748087035e-02 9.536386170692860015e-03 -2.065770454609541784e-02 1.483691774975325929e-02 -1.667052345571294961e-02 -6.636837553655683397e-03 2.257877784900861468e-02 1.945671038297202074e-02 -5.644544729655270703e-03 -3.127816357142266992e-03 2.534723180614380580e-02 8.611349994837575947e-03 1.333561916659187566e-02 -5.841846025540566555e-03 2.132640383490979133e-02 1.389940973725000729e-02 7.472190804958261804e-04 -9.165298308804090480e-03 1.922081089548690822e-02 6.799535023868755711e-03 6.446601439735199363e-03 7.744985079086866633e-03 3.409512594513047692e-04 7.996031531393915648e-03 -2.313001887179572461e-02 2.129945089094984270e-02 -1.104732724202324608e-02 -7.304415796542183641e-03 -5.501758807759384376e-03 5.342256720814570446e-03 2.643651014284372977e-02 1.206033614144522668e-02 1.447916645573397824e-02 -4.215170469249980741e-03 8.037297693151687628e-03 9.654096904292015432e-03 -2.091912141334649131e-02 2.142673341886217053e-02 -8.787463905948193765e-03 1.205530534614889480e-03 -5.709252832658498304e-03 8.417714196681297736e-03 8.485382100099645233e-03 -9.206716191251690037e-03 1.043889596186587006e-02 2.171244588159582795e-02 1.129091606073147520e-02 -7.326982176756170577e-03 8.662413018407377069e-03 3.205094351917510344e-04
8.549082019028018259e-03 3.692483893819769464e-02 -1.305813929770819996e-02 3.626351854430048122e-02 1.181552729291282348e-02 -2.156634406996137121e-02 1.429809474093681441e-02 -8.801146825145489405e-03 -1.386742166873195826e-02 1.079074080084177142e-02 6.627462446995230523e-03 -6.877588519730140453e-03 -1.857996295960346461e-02 2.133113690831203377e-02 -7.915027830721282171e-04 1.651514431842645431e-02 1.992773230541052681e-02 -1.528846416332879654e-02 1.452991158018512169e-02 -2.730631174478905659e-02 2.282469714895142207e-02 7.821950010750772925e-03 1.111371259197975643e-02 1.136784181795330584e-02 -4.030831590966441058e-03 6.746995772120643886e-03 6.246163189756430943e-03 1.073620349777775797e-02 -3.038289040984083061e-02 1.187277267594883355e-02 -1.262755655346638889e-02 1.194332047151161827e-02 -9.311439063257501147e-03 1.799015195267134742e-02 -1.628889618711871004e-02 1.225747101887951496e-02 -2.196797049518790009e-03 -7.277374744425629295e-03 1.727647500168288941e-02 -1.557437390279651536e-02 -1.630198731975559612e-04 -1.823809695521971114e-02 6.255681611192213075e-03 -6.013139499541414121e-03 -2.612083371197840981e-02 6.809171938525931597e-03 -7.863900824372795778e-03 -5.835919373283425179e-03 -2.674651340931244806e-02 -1.089669698361291766e-02 6.794263000966054532e-03 2.233561380371830093e-02 -2.343201498990672010e-02 -2.942291750203943415e-02 -2.380660107317408847e-02 -9.424499264147649311e-03 -8.977165911092039111e-03 -1.911669961235526113e-02 4.560824051347230935e-03 -1.850083885543320900e-02 2.417892480916831663e-02 -3.211502854646857558e-02 2.680535971003694673e-02 2.245999419303352715e-02 -3.450934322328695625e-02 7.818505885350466450e-03 1.213704567758347279e-02 -1.189179584013205435e-02 2.155017043550319124e-03 4.285755534627721033e-03 -3.201704140335476841e-03 2.984687570283774604e-04 7.213495697678255769e-03 -9.288579891298201843e-03 -5.941826227079860870e-03 -2.296866784231399450e-02 1.189416201001443005e-02 1.633010419111446607e-02 -7.833388268482986000e-03 -2.601818661069017422e-02 -2.980233973423376467e-02 7.225919892313401906e-03 -1.210048026778890590e-02 5.064245346897969973e-04 -6.142408778634571125e-03 3.529103591401713813e-02 -3.652397030537310896e-03 1.327724012203202603e-02 9.921205370151561093e-03 2.170236148361453718e-02 1.187728659330572999e-02 1.506202367654808048e-02 -8.170118579384296267e-03 1.444236718200363895e-02 1.273834218243097803e-02 2.999004763695198306e-02 3.395212578188106650e-02 -2.109644762755805494e-02 -2.909099093612777659e-02 -3.833795985911043862e-03 -1.938014535272235966e-02 5.191458947557659430e-04 -9.967446236156050909e-03 -2.989722472784773783e-03 -7.577856203423724373e-05 3.019612167626608765e-02 7.776104608311312609e-03 1.818921536345797368e-02 -9.302338487734455527e-04 1.103740797600999239e-02 1.580255631119556470e-02 2.707805594558130354e-03 -1.824444518447477723e-02 -3.415484511182347634e-03 -2.130458845382027580e-02 3.502570168787010746e-02 -2.133058260215373036e-02 1.793957395760189394e-02 3.352130996926520543e-03 -2.094983344535151365e-02 4.665097207146732920e-03 3.015086161036565141e-02 9.390133282226173148e-04 -4.620377882610917676e-03 -1.180634382518873544e-02 1.829113593401697838e-02 -2.263104899523771599e-02 1.015342815630349959e-03
-2.071360134255848667e-02 -1.305813929770819996e-02 5.038493114255604421e-02 -2.821417691053299329e-02 -4.056130793271096185e-03 3.530990127381222060e-02 -1.718006813809898337e-02 9.774687085784782709e-03 -4.922104424212001526e-03 -1.907677672538736144e-02 2.551191328471924969e-03 9.753601288825523158e-03 -1.298984409881822266e-03 2.022988525464142207e-02 -1.371397581885761170e-02 1.085436996795266160e-02 -3.613725470045811572e-02 -1.467643127374656555e-02 -1.131264823364699435e-03 -6.664328312529084171e-04 -7.284922912302923409e-03 -2.711846735351098551e-03 -1.187616924140883629e-02 -2.040866983384605204e-03 -6.055672660999861408e-03 9.751215167611329906e-03 2.754420185612644137e-02 -4.302446315427409587e-03 2.429323818675427349e-02 -1.378189244869803924e-02 -9.475011121015617863e-03 -2.505800536949855800e-02 2.367480709519775156e-02 -1.453818223534135423e-02 8.850808846235553792e-03 1.055759585689669891e-02 -3.357164017817868430e-03 4.348533236854298240e-03 -9.980545866428169183e-03 1.448013939916738789e-02 -2.064825222630623999e-02 3.810948038229994977e-02 -1.436151240182878194e-02 -2.060069543045374776e-02 -2.030582236018345019e-03 3.306668515696340252e-03 -2.540502910462372893e-02 1.324851482461843546e-02 2.368230739647590873e-04 2.820760964811023456e-03 -3.380198450408159177e-03 -2.936407469005434395e-02 3.763237201503148027e-02 1.785434931810636269e-02 2.435816822091103548e-02 -3.679989772218432258e-03 -1.074950861666785964e-03 2.456374133617403310e-02 1.523596691998538874e-03 2.146486790545601431e-02 -2.861794562526741303e-02 1.281826881782494043e-02 9.733143776368597972e-04 -3.835047370351344492e-02 6.591137994825069062e-03 5.546758652975998516e-03 1.209110236855729173e-02 1.789410329897770519e-02 2.021934266876652259e-02 -3.073069147198136467e-02 1.415178629804671531e-02 -6.573668125048673198e-03 9.740601825868789795e-03 4.195128881373690402e-03 3.427613392037524766e-03 2.019965514402672670e-03 -7.923418784870302212e-03 -5.514950447037105484e-03 1.266158446236184502e-02 -4.205925194894808523e-04 4.312478907315724780e-02 -7.551834945962595906e-03 2.849325798977674074e-02 -4.221426215571707531e-03 -1.260229739923863796e-03 -2.051237899468189019e-02 -9.482071770130528696e-03 3.132640053447396933e-02 -3.800646023279400515e-02 -1.153254218820517867e-02 -2.650181964600829485e-02 -5.148821766179294962e-03 -2.227884696975340750e-02 -2.728821285546796649e-02 1.514128260802738261e-02 -1.768226325841165594e-03 -1.476041546261424448e-02 2.257938298087694071e-02 8.529786310769260724e-04 1.219729587241988322e-02 2.290877849073662959e-02 -1.314814686597061237e-02 2.423345234639511306e-02 -2.145532170339231604e-02 -4.206835066167756085e-03 -8.413542478452244820e-04 5.151767757741543795e-03 -2.060389575007109605e-02 -1.559482479744877560e-02 -5.170804082587359893e-03 -1.074937720509775915e-02 2.677692625260660875e-02 -1.459004725197535039e-02 4.895098463702892561e-03 2.815620908379533327e-02 -3.259497567026860970e-02 2.257226065972640222e-02 -1.688533553578855720e-02 -1.341361997669202055e-02 -1.142950465848497667e-02 -2.568913932046081386e-02 -7.364430098268197333e-04 -3.499020711842189962e-02 -1.057602464245108349e-02 4.520413061530847293e-03 1.123285918318922202e-02 1.767579106132416769e-02 1.080927335934330456e-02
2.127240541893724024e-02 3.626351854430048122e-02 -2.821417691053299329e-02 4.788825983011098242e-02 1.262602800150038410e-02 -4.170916944709064655e-02 2.111600597496439760e-02 -9.369202586772580263e-03 3.844322722007286700e-03 1.256601234180913101e-02 -2.920264637224318123e-03 -3.675864077762366032e-03 -1.345359932894128231e-02 1.799077418506831588e-02 1.853332308480704809e-03 1.785285156086152203e-03 3.864199257629490764e-02 -1.585724624401566203e-03 7.752294621921721222e-04 -1.994023746731374627e-02 2.471816517571816252e-02 7.168784272487166605e-03 2.284564436502433890e-02 2.361733462179659362e-02 4.144569157552876852e-03 3.153782436734404223e-03 2.422415317000238804e-03 3.319090302910830768e-03 -4.045760617005996623e-02 1.810281015808620428e-02 -7.080570283946640946e-03 2.489298168657174196e-02 -9.825281069783630208e-03 3.174951671233708361e-02 -8.225931687515295257e-03 5.680918586929870236e-03 -1.937673352921850944e-02 -7.847976845233993470e-03 3.281179885538706986e-02 -2.037287524786426246e-02 1.130791029001588892e-02 -3.959835544404070179e-02 1.697539756792212917e-02 8.019522002468402501e-04 -1.898576559902043909e-02 9.516310715901647689e-04 -9.658445918134584730e-04 1.477637912229095825e-03 -2.122675420927813347e-02 -1.138292509621146968e-02 -9.510159574307053970e-05 4.122638255867552837e-02 -4.312571749256802200e-02 -5.026077745570367572e-02 -1.870557772648687167e-02 -2.387685813841829499e-02 -5.206535429446624945e-03 -1.869967332989475040e-02 -1.234225264529439751e-02 -3.925023073761457759e-02 4.274311244514109737e-02 -5.034324636243895507e-02 3.286545703037721533e-02 3.508425686165990431e-02 -4.968490971785779337e-02 6.467734846449482711e-03 7.421867901161756723e-03 -1.431965684920545601e-02 -2.491941393074285482e-03 2.304701872390355413e-02 -9.609350737959687291e-03 -1.521310934340615491e-02 -1.865730282726051027e-03 -4.450350944386371674e-03 3.238920040439955371e-03 -2.119691685469220557e-02 2.222457822818709947e-02 1.793168038859634800e-02 -5.846459910510312143e-03 -1.886884452553391420e-02 -3.948260186374744074e-02 2.962446483372541302e-03 -3.404155323212291334e-02 6.522096538469954186e-03 1.140461905236714486e-02 4.609322470718500708e-02 1.251378668223518875e-03 2.079814140012539031e-03 3.249451591935211686e-02 3.186293366296585883e-02 1.801237914677984026e-02 8.167533269527536832e-03 -3.862947980575342968e-03 3.540900894377161517e-02 6.933737472217148777e-03 2.444722922430186268e-02 4.411310811073027027e-02 -1.380605997898030034e-02 -2.204257532061128233e-02 -5.928814173559512381e-03 -1.772672838698935091e-02 -6.332835770223853647e-03 -2.640549172812556994e-02 1.019749773743585525e-02 -1.180530387594496550e-02 2.418394121515345108e-02 -2.335400945613340298e-03 2.836495733345685555e-02 1.575813742978163581e-02 2.938140978114134935e-03 3.378280621399323141e-02 -4.034265045764748314e-03 -1.033755620718404371e-02 -6.980974904281964447e-03 -4.128920774563193258e-02 4.845867838887113477e-02 -3.139993829304313366e-02 1.132686861873651897e-02 -8.822762186441036707e-04 -7.977733332028861743e-03 5.405789816779980710e-03 2.193916601750437595e-02 7.001008759602925235e-03 1.527481038660651221e-02 -1.013496817601554877e-02 1.998532607869927917e-03 -1.639932060137391789e-02 -7.892864280757694306e-04
-8.796989859677365603e-03 1.181552729291282348e-02 -4.056130793271096185e-03 1.262602800150038410e-02 5.904101330772315581e-02 -1.800584520140108280e-02 -1.797151215598470630e-02 1.876455935569863384e-02 -2.141470310460057841e-02 3.048478938029028015e-03 9.490291630159875327e-03 -1.683624319470916619e-02 -5.492178081618045299e-02 3.360803375310627422e-02 -2.237488680472204602e-02 2.298980516788265774e-02 1.448634223393354889e-02 -5.584746911697385796e-03 2.385855098844054389e-02 -5.020993820648914086e-02 2.447111372587670863e-02 3.867207235795994819e-02 -2.129828783249345433e-03 -4.465213949221263218e-03 -2.821111956531742460e-02 1.220489180740743501e-02 2.167784974878961962e-02 1.756975549995887231e-02 -8.307399887943954508e-03 2.032406181678385326e-02 -2.375585384834612984e-02 1.962860204426108632e-02 -3.194153218142393308e-02 2.120753316252346407e-02 2.615890970062230078e-02 -6.405111922821359917e-03 -2.923660548102219661e-03 2.703789577143176845e-02 -3.800825556684892057e-03 1.629351480055107187e-02 -1.075288432957779289e-02 -2.423591070547417500e-02 3.677971711161254383e-03 -1.285514581515556816e-02 -4.905496072896850523e-02 -3.047839555310289869e-02 -3.061068715369162641e-02 -8.300106830550145823e-03 -5.131458512479681461e-02 -5.418908693758799772e-02 2.490111395106869505e-02 4.216059215302458019e-04 -1.832145829394041248e-02 -5.846591869912713853e-03 -2.656410971762308837e-02 6.471452058885080773e-03 -4.509604842669121504e-03 -2.249082609338102015e-02 -1.390823529915943173e-03 -1.695628318311256585e-02 2.071292940945426014e-02 -8.017324227772099077e-03 9.532864233302382889e-03 1.669705384098729879e-03 -1.177057047617180614e-02 3.791973353125727142e-02 3.041299599391401529e-02 -4.616145612161296624e-02 2.824386408287375000e-02 9.700509259203227846e-03 1.413997259399250167e-02 -6.021402810134278590e-03 -2.569564057414764138e-02 -1.916545026874035690e-02 -2.892843251452187001e-02 -4.986614610880433368e-02 5.592375602981084458e-03 3.816898171668599293e-02 -2.713345576937383277e-02 -5.257847177518391868e-02 8.005750994011159036e-04 1.473684698578274282e-03 -1.147091357391238388e-02 4.125478687231627639e-02 8.413606333907212821e-05 1.069223578162475929e-02 -1.215729541477242673e-02 1.681412307124332400e-02 1.770406839993757253e-02 1.932938017794514490e-02 -9.743625946028679555e-03 -2.566212891201725271e-02 -3.616594699699485216e-02 1.390836532279176793e-02 4.104716584936539403e-02 6.022224263932603183e-02 4.460370766806029223e-03 -2.949539043731285587e-02 -4.890267348326970964e-02 -2.599042558833475694e-02 -2.723128914524899566e-02 1.203141553879420213e-02 -5.284201332144787024e-03 -1.384140860562055320e-02 -7.406091951967804128e-03 5.661722401847524982e-02 1.349807277284209399e-02 1.420910421223972424e-02 -1.925795527566064947e-03 1.681924751431296272e-02 7.615201912575727053e-03 2.148324976679579293e-02 -1.836330692880432450e-02 -4.143812052407943453e-02 -1.671929709147686530e-02 2.321969952192485392e-02 -2.160118958368512435e-02 -2.210569400005275506e-02 2.844024949813736547e-02 -8.133308864034623914e-03 -2.403486720712442321e-02 5.611420331471704548e-02 -1.917211704675173684e-02 -4.276461031298974327e-03 -5.348120647860250820e-02 7.323984801312228773e-03 -3.977074191856318219e-02 1.940362513216331575e-02
-2.919144588701562404e-02 -2.156634406996137121e-02 3.530990127381222060e-02 -4.170916944709064655e-02 -1.800584520140108280e-02 5.709495649550404284e-02 -1.805331479957114280e-02 3.081766380060729522e-03 -2.198751204533980208e-02 -1.748794820507222972e-02 1.705243005544510373e-02 8.208147765256239292e-03 1.343091208215452768e-02 -6.553933407133756030e-03 -4.503721789869893043e-03 1.221804063525648576e-02 -5.596394580982626960e-02 -1.887934166773497582e-02 1.582155419275416142e-02 1.625936825788777337e-02 -1.673905306481930644e-02 -3.492218704633100190e-03 -1.973238314431367824e-02 -2.574351686701168221e-02 -1.560156804239963904e-02 -2.387670216821012256e-03 9.168218266078977108e-03 -4.047658241685288087e-03 3.194671207512965461e-02 -1.502536532238154220e-02 1.945106681518023271e-03 -2.708290820822754907e-02 1.850697117558831872e-02 -2.717111737151622214e-02 -1.067781631323919643e-02 1.488718534895144873e-03 2.975624558072371972e-02 3.045220245366168314e-03 -3.969093760510944424e-02 1.352817767694024752e-02 -2.799915858678480793e-02 5.561319182417218121e-02 -1.439742203756771109e-02 -5.444546092432448609e-03 1.512102735817304373e-02 8.527443600400837556e-03 -5.737000848165358172e-03 -1.842890307230288108e-03 1.934350647572803325e-02 1.757541762636105273e-02 -3.999529579918438722e-03 -4.923101081904615595e-02 5.507965466847724451e-02 5.383995559615169235e-02 7.550512190952218122e-03 2.983238210871994381e-02 6.354805914280455860e-03 2.259088880068631233e-02 1.523331884303254224e-02 5.253603438213529792e-02 -4.953166313222792660e-02 5.191537449227485307e-02 -2.237293112600029221e-02 -4.371133530684576107e-02 4.553461425346184283e-02 -3.782587188062971895e-03 -2.510008246552136116e-03 1.655284473813619511e-02 5.841989412557410666e-03 -3.405339050410314400e-02 7.989680283445215955e-03 2.433360801524132172e-02 1.688813226715693908e-02 -9.749063296812181907e-04 -1.436824638691746453e-02 2.064016857109587239e-02 -2.681440630500506184e-02 -1.188522361743233301e-02 4.868992440976019527e-03 1.607295269049268879e-02 3.268607964314387826e-02 -4.571859001532777543e-03 4.305613113403231745e-02 -2.021826679252891265e-02 -2.298785511139641094e-02 -3.730684298851244529e-02 4.109537684835919006e-04 8.289952520329805022e-03 -5.125759678652448692e-02 -2.877460868623173129e-02 -2.454873108835332537e-02 9.335797302861126648e-03 -5.411609052594832086e-04 -3.910516169869120151e-02 -4.225342589995940978e-03 -2.177282601990699132e-02 -3.715447851332405460e-02 3.111717651733193844e-03 1.869288204401208311e-02 1.300089582426896401e-02 2.098365078937058578e-02 5.781923221446969713e-03 3.794796740970779458e-02 -1.844896665898082544e-02 9.008474001104932807e-03 -1.917562498480297750e-02 1.718175595131736164e-02 -2.336144019439623243e-02 -2.544563042188623461e-02 -4.547293774486445457e-03 -4.217407455586178605e-02 8.371908921443817903e-03 4.623012625504380191e-03 9.258493225200651114e-03 5.392363149028851083e-02 -4.870744456525752386e-02 2.852770789586584269e-02 4.315126553627392052e-03 -7.873699075662703162e-03 -6.449650955106570570e-03 -1.018629816592787375e-02 -1.601145347177144324e-02 -1.131703786889909531e-02 -2.214546908412837189e-02 1.355849733481372631e-02 2.157428912417318906e-02 6.906556076144088757e-03 6.666008440488209452e-03
2.752508940159295592e-02 1.429809474093681441e-02 -1.718006813809898337e-02 2.111600597496439760e-02 -1.797151215598470630e-02 -1.805331479957114280e-02 3.167472939023244921e-02 -5.993750573144687038e-03 -6.948845148172271479e-04 8.097005873793421083e-04 -1.486181520693116362e-02 -1.412676965397227646e-02 1.731584040356337964e-02 -1.184899952935699122e-02 1.970510349764452180e-03 4.800902345178837023e-03 1.457423038608796594e-02 -5.835988772059793987e-03 4.527676672120156849e-03 1.343082153100491442e-02 -1.597570833579032602e-03 -4.194769557083023043e-03 2.088871148261660371e-02 2.328461851993714540e-02 8.473671856079041317e-03 -4.058671656989598815e-03 -4.226598430473842150e-03 1.276499707388961159e-02 -1.509428933960093103e-02 -3.202225545375598798e-03 1.037666045046947358e-02 -2.958794635567100952e-03 5.220815293063207560e-03 -2.169616905950401582e-03 -1.048643607339640009e-02 2.180345827409080686e-03 -1.575610742558508984e-02 -7.275881002130054481e-03 1.194495128949361537e-02 -1.113989482685383281e-02 5.895607985634753259e-03 -1.230715471135009412e-02 1.607467351382951479e-02 -9.750953576597542853e-04 1.175390150616366369e-02 1.087844185447799268e-02 2.339805475290928152e-02 -1.357143067993225524e-02 1.129887973831996892e-02 1.973386553282147765e-02 7.960418779959914717e-03 2.445898650773261490e-02 -1.596430932402090677e-02 -2.071852271086767686e-02 -1.183862685536391261e-03 -2.026923131821764881e-02 -1.491064009908369715e-02 -3.053175537766969830e-03 -9.522369404703818346e-03 -8.864905675381326566e-03 1.077344441856659465e-02 -1.703139467546688560e-02 5.109508434822350453e-03 2.105596311195100448e-02 -1.197907205748651414e-02 -3.216483025021274131e-03 -7.991153806360782805e-03 1.395377017636523914e-02 -1.171661007706027192e-02 1.912956124159944510e-02 -2.184269143294746262e-03 -1.255744334412485161e-02 1.971897879130133854e-02 -2.315986249860609546e-03 2.490482151008736791e-03 1.490124492610183857e-02 5.897911786011279973e-03 -9.153949103048926797e-03 1.295363772438483732e-02 1.340587945606515168e-02 -2.492020567746540752e-02 1.559108487053376818e-02 -9.671942948091514364e-03 -1.794652430146529906e-02 1.441975268684159671e-02 2.098014448522528622e-02 -3.901040180536128298e-03 1.586675491469494072e-03 1.237571437578224159e-02 7.967575239526266187e-03 1.285480499919083690e-02 5.085483807581296992e-03 2.113839918787781269e-02 8.644679530192539776e-03 -3.472079512214603942e-03 -1.440421126156343073e-02 2.128021480294193732e-02 2.514789664399257312e-03 9.802460023189858707e-03 1.181256697930982251e-02 9.663420154387947995e-04 7.917234925048576358e-03 -1.885850437306104202e-02 1.430038959039197852e-02 -7.626522017640111756e-03 -1.150359599415086767e-02 2.908867849092537910e-03 5.355776759103758611e-03 2.059081305156424194e-02 1.222477588214332389e-02 9.439828891249625251e-03 -3.364881024191956720e-03 3.750007053514789468e-03 1.825500064996158148e-02 -1.019695249845564179e-02 1.554197118561419233e-02 -8.091773740098102616e-03 1.184195535723689928e-02 -8.400731562252449283e-03 -2.721177372071292584e-03 1.011315138120708924e-02 -1.238130485097566590e-02 9.961127231734267368e-03 1.460972203303498827e-02 1.833891899743204934e-02 5.789863191480684734e-03 8.307783962428334085e-03 4.131907779260710740e-04
-6.544162990951847125e-04 -8.801146825145489405e-03 9.774687085784782709e-03 -9.369202586772580263e-03 1.876455935569863384e-02 3.081766380060729522e-03 -5.993750573144687038e-03 2.637175481135291266e-02 -1.032879813183159787e-02 -9.643038258690603270e-03 -6.274607419808626418e-04 -1.782389008088608104e-02 -1.549127216598781415e-02 8.048827948460696852e-03 -9.133053802316045550e-03 1.613469894873647767e-02 -6.655776232496296921e-03 8.012729715453992610e-04 1.243597601036961625e-02 -8.682591428553137342e-03 -1.171154392484185722e-02 1.623225166939143427e-02 -5.704083933847135454e-03 1.766431343791746537e-03 -1.988598271573512391e-02 7.683373264790990635e-03 1.227236403367621721e-02 1.790720272323578777e-02 2.042689984976711962e-02 -1.154399298750263467e-02 5.214630791113558823e-03 1.196820322613748131e-03 -7.613913161580681058e-03 -7.512917785780465034e-03 2.069957992056715296e-02 -3.350734027954088007e-03 -1.021395305520750828e-02 2.807391625330287604e-02 -1.092408937356193800e-02 2.802191116280393704e-02 -1.027300600518233492e-02 -1.674909984054833312e-03 -4.258546085939529137e-03 -4.166843542970683975e-03 -1.048988052612408357e-02 -2.123911249434833060e-02 -6.643150699300268310e-03 -9.701641555057696417e-03 -1.006264629749165605e-02 -1.688985111119589710e-02 2.142464584509292530e-02 -1.208556589292166666e-02 2.382580381551784553e-03 9.069215917470865168e-03 1.508091465459065203e-03 -1.731468834490527573e-03 -4.231555665110215726e-03 -3.670788207886279287e-03 -3.968228049793047149e-03 -1.718709597190329211e-03 2.878729108054197544e-03 8.817836896271000896e-03 -1.249023440981883752e-03 -8.843493837729209800e-03 1.006467489134113720e-02 1.808181023943893420e-02 2.428661928229726517e-03 -5.045662204275845608e-03 2.265081670876900252e-02 1.646477203985433286e-03 2.616818252796087457e-02 -1.248030626850285887e-02 -1.551814798663294021e-03 -1.717562420958154007e-02 -1.480955572798184176e-02 -1.013764241870981735e-02 -6.903436824105377463e-04 -2.174230907319421504e-03 -5.636548939149270410e-03 -1.068955974808514717e-02 1.580999891633276880e-02 8.651862607982393344e-03 6.807807472971272311e-03 1.910994936712804085e-02 1.160845860675494522e-02 -1.089226032721284446e-02 -2.254603071440810028e-02 8.659427008297587366e-03 3.151792691547441322e-03 -7.909186101836645361e-03 -1.345290603329819985e-02 -2.261841165855665858e-02 -1.036106572216956984e-02 -4.409887042422770513e-03 2.158615642256990139e-02 1.311583376921997973e-02 -1.484030394793761296e-02 1.705172149986674147e-03 -7.663191312638879815e-03 -1.354561367843772762e-02 -4.910450554822439091e-03 1.100658721465594750e-02 4.349794843192846851e-03 -7.472854878844154697e-03 -5.848849518638172054e-03 1.092669810050975014e-02 2.655379724308455040e-03 -1.529929642220586618e-02 2.080203840952254534e-03 1.584556553815437072e-02 -4.416344200772605137e-03 1.270192289590168361e-02 4.876609893562097210e-03 -1.162892426531940068e-02 2.286587116592654016e-03 -5.598271585434267186e-03 1.162256705939995922e-02 -2.299353451047464469e-02 1.088872701005108232e-02 3.975506825150703152e-03 -1.516044388345295403e-02 1.026779348461195202e-02 -1.632336209626378612e-02 1.820759785453950064e-03 -1.564396980047664046e-02 1.099015801775274489e-03 -1.939014257949879961e-03 6.282611846368057681e-03
6.190201592318106232e-03 -1.386742166873195826e-02 -4.922104424212001526e-03 3.844322722007286700e-03 -2.141470310460057841e-02 -2.198751204533980208e-02 -6.948845148172271479e-04 -1.032879813183159787e-02 7.368181676645325917e-02 -4.378303021217903358e-03 -1.640797821263708170e-02 3.749258359496414339e-02 2.702571733149592217e-02 4.261837587024827276e-03 1.923350446949044154e-02 -6.176517383664283795e-02 2.621650686689891777e-02 3.892978086348647393e-02 -7.325689220404639490e-02 3.175887546408391604e-02 -5.208851471747262367e-03 -4.274168232136628387e-02 -2.184871513208279761e-04 1.482331713091586400e-02 4.510191321799329051e-02 1.187496222677241961e-02 -1.463715687187724587e-02 -4.452778070589811371e-02 -6.344201503632138431e-03 2.726774088083602429e-03 4.342820809050112335e-03 1.343006712509851701e-02 1.380992316713072939e-02 2.593172587106977109e-02 1.312661075977231834e-02 1.157500164822266447e-02 -3.802970587374043809e-02 -2.029722645820025359e-02 5.301651785086256702e-02 -1.415259948993321214e-02 2.849629356763262733e-02 -2.207895080292637119e-02 -5.817786831632050688e-03 1.689244017268873646e-02 3.453047743744133008e-02 4.749623895352142813e-03 -7.460156264693947221e-03 5.190185334565914493e-02 2.753503559859954777e-02 1.170203106301167389e-02 -4.502316365380286400e-02 3.184063891618520853e-02 -1.864029401636920630e-02 -4.872795506927938419e-02 3.693389263960179802e-02 -3.466198584337992772e-02 1.234567821092103640e-02 1.184370698984647634e-02 -2.338400155090197136e-02 -4.213704269071570641e-02 2.405465055593885085e-02 -4.957998530446737495e-02 1.943968463275951714e-02 1.227490053555977366e-02 -4.421084130465646050e-02 -4.000169070265910398e-02 -9.833972766266834559e-03 2.226892357607994713e-02 -2.261393381819853596e-02 3.602663436693361899e-03 -2.148250957993636315e-02 -3.284838016055222770e-02 -2.487937528056285985e-02 3.682794205377366153e-02 6.088446338370736427e-02 1.739776761296644297e-02 3.957849813982323300e-02 -9.065889858289563272e-03 9.443022002876251889e-03 3.259619287675777355e-02 2.744146543704797155e-03 -3.060847074966151909e-02 -4.154068859934344216e-02 8.439570563298264341e-03 2.912357864671568861e-02 6.784162591931572166e-03 2.016319783878944491e-02 -2.350468171977803181e-02 2.716605093774913937e-02 1.411325280284001990e-02 1.343518602190684960e-02 -1.008489813475743797e-03 -7.600630628084678597e-03 3.612023647178894126e-02 -3.921302556925834737e-02 -3.310166304141719945e-02 1.627377959975183710e-02 4.371709135391475126e-02 3.273190800281449570e-02 -5.869773081268209181e-03 1.342038586778113336e-02 -5.213093694699746927e-02 -2.639901312239132172e-02 7.847802847599380516e-03 -1.046566341645846152e-02 -3.735393056955191998e-02 -4.112488000122550835e-02 8.757984791370245284e-03 1.580214968520034235e-02 -4.508806345910173347e-02 5.200235246501881681e-02 -1.876067604260983276e-02 5.241476801227916600e-03 1.262202047094850531e-02 -3.528374165439008420e-02 1.713297462553763431e-03 -4.043930393126513381e-03 -1.572344384336743853e-02 -1.822197144250334994e-02 1.784792422151433577e-02 6.277109932622895044e-03 -4.176553858266848079e-02 2.328149627822348640e-03 2.761224465677652312e-02 2.238808558486600139e-02 -4.863018026168819397e-02 4.484597750106495556e-02 -2.613526158685735082e-02
5.273721649713001593e-03 1.079074080084177142e-02 -1.907677672538736144e-02 1.256601234180913101e-02 3.048478938029028015e-03 -1.748794820507222972e-02 8.097005873793421083e-04 -9.643038258690603270e-03 -4.378303021217903358e-03 2.921826956656398827e-02 2.324202635461399685e-03 -4.276814041617101568e-03 -6.525647797238822573e-03 -1.541142193672785307e-02 1.779270212036754978e-02 2.584522701559510260e-03 2.342766596190044154e-02 1.095280056239766008e-02 3.712641654311777100e-03 -1.597593640421751324e-02 2.426517149790070535e-03 -1.457096818556196955e-03 -5.796294483229950424e-03 -8.883126789802558293e-03 7.334265323670013069e-03 -1.212905861560255663e-02 -2.647212636130279878e-02 5.941589193390244515e-03 -7.337248963740754075e-03 -3.523351218999944460e-04 4.241048843860744169e-03 7.910520926779695400e-03 -1.494115926108714049e-02 -6.676230756742236594e-03 -1.331795671662009545e-02 -3.684400672626547777e-03 2.155823004042152838e-02 -8.669322289539852303e-03 2.461365219909411833e-04 -9.865674976727826714e-03 2.324840559163796061e-02 -1.638997850028394224e-02 -7.731975490927186362e-03 1.231907730753043287e-02 -1.519214601565909914e-02 6.632717447898549626e-03 1.490975267866978364e-02 -1.168575491525740244e-02 -1.193825433818142788e-02 -2.697157511075688220e-03 4.788563661664540019e-03 8.093928486393718938e-03 -2.015944749003114461e-02 1.647926601933827947e-03 -1.281740918123733600e-02 1.298170622500213235e-02 6.747781799174487442e-03 -1.918810443566366583e-02 2.253694242376262299e-02 -7.413240242144502126e-03 1.161653596406158478e-02 1.420398269440488167e-03 -2.475244712026102283e-03 2.441976065152637321e-02 3.776492424160068830e-03 -3.856609809195004832e-03 -1.082253267793279600e-02 -9.650611954430040121e-03 -7.016619536133689508e-03 1.266745327912256270e-03 -5.937920420663601352e-03 2.402200754270809174e-02 -1.754187905979060370e-03 -2.996699486515809648e-03 6.963283694983679563e-04 -1.106493933760077653e-02 -8.283662986632399708e-03 -6.780978921705176597e-03 -4.668716808931106833e-03 -1.307208523764991949e-02 -1.563061714185673065e-02 9.754503840118187996e-03 3.760683854498421581e-03 1.790056597385890043e-03 -1.822521520148257662e-02 4.921459637123475062e-03 1.718630012451790971e-03 -1.540217149252331476e-02 1.346432780353793747e-02 -5.048038380826720337e-03 2.237368571969172368e-02 1.275972948814478418e-02 1.776560936610512356e-02 -5.655573263909472945e-03 -5.009240098201468532e-03 1.500187923034897002e-02 4.393742401214838222e-03 -1.440731199820245376e-02 -1.661643451103865521e-02 -6.050159898942748631e-03 -1.857195646280684551e-02 9.681971559233082739e-03 1.136537858055787194e-03 1.189022477487248868e-02 2.473733942491786186e-02 1.380138477322095762e-02 -1.103090556942064142e-02 1.976532384624691446e-04 -9.582417504077298323e-03 9.329371418536085495e-03 -5.969217637254397441e-03 -1.944691588611823646e-02 2.478488898371184780e-03 -9.877001495006854515e-05 -1.502272664522403232e-02 2.156345410263529883e-02 1.453444217510214184e-03 1.810518357578890999e-02 1.171516120941148292e-02 3.215712836593312765e-03 2.973721436302134702e-02 1.514631094559469593e-02 2.483615625653878486e-02 -1.586238058267852233e-02 -4.966783879217406134e-03 -7.278129508272330843e-03 -1.669897514453986750e-02 -1.612560646030588435e-02
-2.086265781770185040e-02 6.627462446995230523e-03 2.551191328471924969e-03 -2.920264637224318123e-03 9.490291630159875327e-03 1.705243005544510373e-02 -1.486181520693116362e-02 -6.274607419808626418e-04 -1.640797821263708170e-02 2.324202635461399685e-03 2.469449947308058335e-02 6.599790144424994009e-03 -1.354614459442855280e-02 1.077222126402937845e-02 4.114753714963285264e-03 8.261267872195018555e-03 -1.535445320963266420e-02 -8.258538581571567977e-03 1.352035631243715674e-02 -1.388055312466569997e-02 5.024732237068086152e-03 5.383487344617700864e-03 -1.420564701157112780e-02 -2.123389964709270633e-02 -1.684716451466342774e-02 3.255759764004352835e-03 9.675852004473675530e-04 -3.393115519903839965e-03 1.251203552876972063e-03 3.475748334903267303e-03 -5.823897008624301548e-03 8.071790516555047562e-03 -7.066889017067876436e-03 4.877690670269159250e-03 -1.330559795538583702e-02 4.222481616418252530e-03 2.441663443121823082e-02 3.056303100550163045e-03 -1.387589935217230924e-02 2.543062886077594557e-03 -1.242678613566247821e-02 1.202534102060909792e-02 -1.053378434461602238e-02 5.725211747027475484e-03 -1.219717147192367519e-02 -1.759891120370241742e-03 -1.362965950514041964e-02 1.456370844216675967e-03 -1.095812637524990613e-02 -1.084697260403826025e-02 -3.433705940329234187e-03 -1.868374153167429511e-02 1.092755219322646271e-02 1.615849511592170468e-02 -1.904929732361123479e-02 2.416455761955442136e-02 1.055390716820985356e-02 -6.907775861761836916e-03 1.503673232211011866e-02 1.194655831981161070e-02 -4.523009697167440675e-03 1.269309237732848053e-02 4.535473351958973186e-03 -9.012302421319557180e-03 6.741797694928847867e-03 8.537062826632341563e-04 3.079670853001311142e-03 -1.215932316288167829e-02 6.302987323108194193e-03 -1.745918566705527419e-02 1.244194369085662322e-03 2.228989420390338830e-02 -2.030128642604712465e-03 -8.613829993628177931e-03 -1.377887547360776531e-02 -1.247731167313756960e-02 -5.473475737061160584e-03 8.827147425016536320e-03 -1.712411182832978065e-02 -1.335853561306293152e-02 -1.489766566289784169e-03 -6.532422154802801188e-03 9.783529794180846964e-03 4.032893917186801402e-03 -2.331511368606039789e-02 -4.434703091080681968e-03 1.836082449936907992e-03 -3.355438546715075639e-03 -1.397051568683752888e-02 -4.546259361335039557e-03 -5.419565709772878812e-03 1.416332109072754482e-02 -1.084442469604761199e-02 -4.749927588658110246e-03 1.061435450406939878e-05 1.433891029335947025e-02 -8.661523494550500343e-03 -2.028755541483223679e-02 -1.137717479815769477e-02 -1.103128011202482786e-02 -1.014316583882672422e-02 1.109025937658651706e-03 1.893738277090900937e-02 -1.365642902901954316e-02 9.811014969719533685e-03 1.316352459932191264e-02 7.914662916494709377e-03 9.086035834884298966e-04 -2.243292981467831862e-02 -3.412657206436103818e-03 -1.383896421837625332e-02 -4.571572696895553727e-03 -1.202231730039984197e-03 -1.118317737106750732e-02 1.068646412317758067e-02 -2.337791845856397599e-03 1.398843290594350107e-03 1.170222112296144708e-02 7.148571851898035887e-03 -8.404051114270644218e-03 6.075621668192670265e-04 1.511780624229075096e-02 1.203911241150587130e-03 -1.878742716678459893e-02 -1.259425513728300479e-02 1.385631650658803761e-02 -2.062191526177192119e-02 -3.541194616351243593e-03
-1.552803335816321968e-02 -6.877588519730140453e-03 9.753601288825523158e-03 -3.675864077762366032e-03 -1.683624319470916619e-02 8.208147765256239292e-03 -1.412676965397227646e-02 -1.782389008088608104e-02 3.749258359496414339e-02 -4.276814041617101568e-03 6.599790144424994009e-03 4.513439248876694593e-02 1.766823875952051176e-02 1.093847818010034931e-02 1.065151365827177350e-02 -3.855559151767171122e-02 -5.156344572276094773e-03 1.377191942022388919e-02 -4.056297284041309598e-02 1.825900438160632869e-02 6.919677681892080941e-03 -2.419830451569825874e-02 -1.493433864016686279e-03 -2.914474914425162991e-03 2.047090749621745601e-02 -2.979794471957554437e-04 9.014059417092309739e-04 -4.705909645547901726e-02 -9.743523867116868353e-03 1.106353210031097226e-02 -4.943172046038561002e-03 9.366861222584678751e-03 2.280530921352137350e-02 2.517691047471005278e-02 -5.888836418504193697e-03 5.310791672647858890e-03 -5.858412387289848970e-03 -2.262864938074947777e-02 2.212997480835818265e-02 -1.887302299452774113e-02 5.447735821188641817e-03 7.130890870115740715e-03 -2.848227000122985006e-03 9.819376887195517892e-03 2.029805318032369341e-02 1.021331782817811763e-02 -1.627549289519516704e-02 4.568327097683172466e-02 1.885331059421042899e-02 1.066347278832573825e-02 -4.783372230730600222e-02 2.834618165681466930e-03 6.381714836542894988e-03 -1.781212935131670783e-02 2.008240313880263819e-02 -7.220019004846994597e-03 2.399961161719664157e-02 2.264570176804364329e-02 -1.420869690272937719e-02 -1.000701210663302275e-02 1.658483170939390339e-03 -2.044205249252640383e-02 1.595325056533759139e-02 -1.191814960908506131e-02 -2.584357821050884199e-02 -2.424989090250033105e-02 -2.157658255326861015e-03 1.039569961813683815e-02 -1.131313990646540604e-02 -1.242613359543709960e-02 -2.536011753934256860e-02 -5.016673836907269320e-03 -1.404208205767696477e-02 2.804344305899093143e-02 3.220517582570444487e-02 9.869676437764537263e-03 1.304697874039271836e-02 3.258693578406681064e-03 4.966432695566575482e-03 2.033316320255800988e-02 8.688288052949515172e-03 -3.540198064804233463e-02 -1.680457005335541168e-02 -5.146346350966880985e-03 2.306226220646840838e-03 1.744400911096728344e-03 2.769491172082290745e-02 -1.270832123418163574e-02 -5.111934832108546399e-03 9.280283573102803343e-03 -3.173732316164394433e-03 1.620159993057168971e-02 -1.209884926304862461e-02 1.755943296007346499e-02 -2.857729021339623990e-02 -2.156508288407995438e-02 7.239561115289511704e-03 2.203541204895308192e-02 2.096509958240713387e-02 6.667729036065703219e-03 2.195402061394672102e-02 -4.276439852794576557e-02 2.999511382239388856e-03 -2.769995680924601674e-04 -1.001176244199093214e-02 -2.185251920190405678e-02 -1.757699234218837794e-02 1.332476919775459415e-02 -5.384425885624046296e-03 -4.723083750365628802e-02 1.982259345199602341e-02 -1.078998768169372492e-02 1.010422204988778092e-03 1.381112707088476624e-03 -5.676427934708616445e-03 -7.063553479444861609e-03 -4.415827073433146489e-03 1.165837563846594711e-03 -2.511098970280466192e-02 8.035103778087682863e-03 -4.102159109495031285e-03 -2.394586234859137283e-02 -1.462847279331711383e-03 1.109642128114732285e-02 1.551931237703232068e-02 -1.951819987642228540e-02 2.009430656484857691e-02 -9.995084124054361835e-03
