4.321736663522351973e-02 1.770043730136058174e-02 -3.458880361203400811e-02 3.200690086864491080e-02 -5.617965137370129099e-03 -4.014379634621347698e-02 3.589560253224138159e-02 -5.133019193772075809e-04 2.584213831151230441e-03 1.052534605748926128e-02 -2.510156178934866769e-02 -2.338414612362477510e-02 1.091885062091059282e-02 -1.872122115910040963e-02 2.102643293979400137e-04 4.489514347172993483e-03 3.731571363113064810e-02 5.471667215078266332e-03 2.861016130462413522e-03 7.514646404164535866e-03 -5.864577002826448435e-03 6.662054399243654348e-03 2.868230295386668682e-02 3.128013258102774197e-02 8.470492412086347289e-03 -1.090090143280066787e-02 -8.930246321685021693e-03 1.787147861282404812e-02 -1.765978097444921222e-02 -5.685126445776907123e-03 1.920770324504175036e-02 9.673331737895670204e-03 -7.059870834009190042e-03 2.141478748197540860e-03 2.173574461399168658e-04 -1.180335732386103044e-02 -2.802435093035724606e-02 2.326909810685980420e-03 1.773103399165142438e-02 -6.144453242736762355e-03 1.928529324231203351e-02 -3.795108841716295783e-02 2.513844720081886280e-02 4.110072413969411906e-03 4.630893129069845598e-03 -1.601628445885283029e-03 3.406116456952908850e-02 -2.045809123486775488e-02 4.614639424305479881e-03 1.095220648338928945e-02 1.717244900797597687e-02 3.591203061565943072e-02 -3.900034206210025584e-02 -3.065778377255955200e-02 -6.398318576443713136e-04 -2.950767729355682767e-02 -1.245946809862278314e-02 -9.347021049467024723e-03 -1.732071597315107750e-02 -2.788015189100372798e-02 2.945340170443997221e-02 -2.553103358747781798e-02 1.067972042213161631e-02 3.605583061345665752e-02 -1.788317314228600116e-02 6.021555353871228811e-03 -1.403172579984265575e-02 3.274764467541423866e-03 -5.573350303756925347e-03 3.806688423623857953e-02 2.859558175528677530e-04 -2.050003238966006600e-02 1.147654618195461523e-02 -8.589024117348726881e-03 -5.332895481220405361e-04 8.197813331341147203e-03 7.183234261628603477e-03 -9.612819360233729876e-03 8.999541903718063715e-03 7.233356973418586869e-03 -3.270225201676141974e-02 1.957944965041935256e-02 -2.403657716336986966e-02 -5.133045176001911972e-03 2.608989878547591720e-02 2.774148656326820561e-02 -7.364232422930858807e-03 -6.884380279799659844e-03 3.788106416860850117e-02 1.237399511571869552e-02 2.532515288669596673e-02 -3.144373920435134580e-03 2.801486537678533548e-02 1.978479344072495497e-02 2.228350656193158873e-03 -6.887714897247735821e-03 2.377007000842255857e-02 2.166043222102489920e-03 4.878674060665283939e-03 2.429816940140025298e-03 -5.805430449510537612e-03 1.627946499322585269e-02 -3.088792180606978258e-02 2.771443210507929661e-02 -1.125257425967459216e-02 -4.052108471164774309e-03 -2.866508131622667009e-03 8.946686726228557027e-03 3.508653404005854931e-02 1.795444353143269001e-02 1.728141410419739218e-02 -6.909639710015852074e-03 1.423047637572618686e-02 9.474109711987281288e-03 -2.790885982454396549e-02 3.592110135820385936e-02 -1.292046817262947761e-02 4.882305984477351181e-03 -3.955911915861664609e-03 1.190901364457951604e-02 1.434705327854038544e-02 -6.404746921547042025e-03 1.578364437664585285e-02 2.844413173141936702e-02 1.022815239387402618e-02 -6.332701108183800068e-03 4.142868071251770180e-03 1.211818815496771813e-03
1.770043730136058174e-02 5.423603221740633251e-02 -2.355159683861958800e-02 5.330927205177046074e-02 1.724249931156255147e-02 -2.814045940630806666e-02 2.534933372096622936e-02 -1.448450348510992546e-02 -3.245289605737126243e-02 1.391773026755718269e-02 6.398682883313430367e-03 -1.790855573286181598e-02 -2.970948777929302217e-02 2.809855260521734038e-02 -3.128925443157976310e-03 3.494720656138666781e-02 2.631155577026174017e-02 -2.796279641487127432e-02 3.327820982522412818e-02 -4.043643896686865274e-02 3.042516580118867844e-02 2.041650956603173472e-02 2.192414889782943674e-02 1.686787651843182217e-02 -1.346023071586924420e-02 3.996062775796320292e-03 1.135525999408237147e-02 2.137021473297294819e-02 -4.169487174836888910e-02 1.620104527997815944e-02 -1.388131077988809595e-02 2.098672280422177877e-02 -1.864926809469937691e-02 2.447590427031918689e-02 -2.631421137454633546e-02 1.374374231021278404e-02 -4.571691158916793042e-03 -3.933328375904594602e-03 1.677637437287078995e-02 -1.711342815758738062e-02 -6.354690084164141446e-03 -2.481842744570401244e-02 1.531616971645882036e-02 -9.871145108687110967e-03 -3.967940127188148564e-02 9.692806599177001409e-03 -7.252628956058250476e-03 -1.943909067683570122e-02 -4.145696480833598735e-02 -1.534508370638548377e-02 1.822788638820844326e-02 2.755696023592756755e-02 -3.102532531252209097e-02 -3.514814960917295866e-02 -3.565369169541707933e-02 -1.458376697747627848e-02 -1.326318405517016435e-02 -2.539544683795006558e-02 4.562557541174137258e-04 -2.298239199379296938e-02 3.552616923832594559e-02 -3.776526100333125330e-02 4.092212856022459794e-02 3.066306084080510155e-02 -4.280811365591376955e-02 2.006693084084586534e-02 1.587855410830337974e-02 -1.807281617982140279e-02 1.401547323076870848e-02 9.645195887795422751e-03 1.571182209147393809e-03 1.278673730336285725e-03 1.647847647198871432e-02 -1.726473768157983646e-02 -2.152188930659195559e-02 -3.153413370836747470e-02 9.783227969256562406e-03 2.390892783938155380e-02 -1.159626520392725499e-02 -4.066199511943719563e-02 -4.326260942013708533e-02 1.284315941833797867e-02 -1.543189004507042675e-02 -1.185436669794538624e-03 -8.725996615990525701e-03 5.173589819815274660e-02 -8.088289920957131979e-03 2.305724505185960393e-02 1.573567977707853241e-02 2.967022283247567477e-02 2.256774038470913887e-02 2.410856546251482699e-02 -6.584901605203640450e-03 2.158920483939058901e-02 2.659737704046243392e-02 4.282095143172682389e-02 4.599147092915540497e-02 -3.511378444695201217e-02 -4.254776180867718416e-02 -6.390190644030578453e-03 -2.559936791522794686e-02 1.075797205200058025e-02 -1.105394511257928869e-02 5.536192282679079256e-04 -4.390527187465446783e-03 4.581649183248942547e-02 1.531785197906459020e-02 2.335222798131818267e-02 3.895607327203483208e-03 2.103951143995689763e-02 1.679295754346939867e-02 9.896078392035340815e-03 -2.046999032796378154e-02 -9.210198658387879975e-03 -2.496225300300001018e-02 4.970965658754218641e-02 -2.949233568013074833e-02 2.749729255605340081e-02 4.252167496203693858e-03 -2.585145303015710938e-02 2.189813420367497411e-03 4.591861618830077318e-02 -1.353186397493480984e-03 -3.073537903658821267e-03 -1.670125265152614877e-02 3.108385693416773621e-02 -3.755242215982237258e-02 1.021970989656166041e-02
-3.458880361203400811e-02 -2.355159683861958800e-02 7.501326267365913958e-02 -4.329910472566740609e-02 -1.685021855083865608e-02 5.597730090481729814e-02 -2.127394169712743671e-02 9.260727626844199659e-03 -8.370972697682480326e-03 -2.159745945539707362e-02 7.479915940508228764e-03 1.709465717098555826e-02 7.986550508849219951e-03 1.860354549794298110e-02 -5.171919409185933049e-03 1.626293328482743272e-02 -5.719731531071223229e-02 -1.998625025608866124e-02 2.251727613531601634e-03 2.784053242687870543e-03 -5.057974644804421466e-03 -1.203305494254965947e-02 -1.959323004546381641e-02 -7.546999383596719041e-03 -3.047084643141413206e-03 6.436934704477045334e-03 2.535102124309521199e-02 -7.346342806362834640e-03 3.524866081268929197e-02 -1.858343159184130261e-02 -9.736225186055685876e-03 -4.217111652018262075e-02 4.188686008779539394e-02 -2.945364868506022624e-02 2.862506969265928708e-03 1.929952836350555534e-02 1.158849135995330959e-02 -5.186846988241839221e-03 -2.042558850224708566e-02 1.178222650216305400e-02 -2.472641798876311012e-02 6.446279612372973755e-02 -2.768491856272432133e-02 -2.630772696057734339e-02 -7.596134624883186040e-04 1.784611877855478770e-02 -2.805985119467266364e-02 2.026010296283097672e-02 4.808460367043557518e-03 1.706318093951817230e-02 -9.630923557365927284e-03 -4.278545363768013893e-02 5.876415703833628296e-02 3.557830433486880439e-02 3.395292078649827378e-02 5.371988594397555765e-03 -5.357462863216133945e-05 3.469252403079508412e-02 1.276233191165655409e-02 4.154811964227234783e-02 -5.006693306735639920e-02 2.813573016715247357e-02 -1.051375012955558727e-02 -5.381558503672630861e-02 2.093414587397451551e-02 -5.996074748400374551e-04 1.249994146052968609e-02 3.477234187856022285e-02 1.822374471368184631e-02 -5.139373527679037129e-02 1.738989084932918844e-02 3.201028295207487655e-03 2.359854726634501298e-02 1.447653020255367483e-02 8.224458666942839960e-03 8.769038661043436836e-03 -1.876196839655447368e-02 -1.620698332990375135e-02 2.868468056463967936e-02 4.530405149566141959e-03 6.179350358298968393e-02 -5.771748287500922531e-03 5.614541475138235677e-02 -1.805521936566795507e-02 -1.073947679333754970e-02 -3.311518603486991036e-02 -1.024765869703420269e-02 3.996574060175481224e-02 -6.349100593676144932e-02 -2.452952496348026132e-02 -4.052279896040635043e-02 -1.054600619770534094e-03 -2.083953513796371268e-02 -5.031832902369442334e-02 1.479240778555974793e-02 -7.748433431848659146e-03 -2.019269733312724011e-02 3.203323088296721605e-02 4.633430450773638916e-03 2.607275390874420895e-02 3.569048833272704668e-02 -2.132358906168973361e-02 4.110633576276466472e-02 -2.562065460233889022e-02 5.357409392361133643e-03 -8.146348825824021450e-03 9.873968973578686747e-03 -3.438946007171555380e-02 -3.026282669230602115e-02 -6.920376739620548619e-03 -2.357880919753103585e-02 3.013676609514437388e-02 -1.984048099204503354e-02 1.871125126330266605e-02 4.426892806546628423e-02 -5.279744832039465902e-02 4.043567048831656768e-02 -1.482734127540364689e-02 -2.168270700917616228e-02 -1.912931052476223026e-02 -2.488672874571644378e-02 -7.153476993770396461e-03 -4.048376119303347814e-02 -2.808741337592820381e-02 1.771440246027319171e-02 1.794032295771707392e-02 2.640178199787770325e-02 6.694495109139317335e-03
3.200690086864491080e-02 5.330927205177046074e-02 -4.329910472566740609e-02 7.153995924662792660e-02 2.021405192041865126e-02 -5.926960670675036902e-02 3.178836468445734448e-02 -2.158530870827827033e-02 -7.449374464591631585e-03 2.445132698283862885e-02 -7.161626882381406586e-03 -1.046152775987230048e-02 -2.711046989638882243e-02 2.729162259800368626e-02 -6.117686540255914171e-05 1.513798408620199362e-02 5.769438554635487881e-02 -7.714389558914830532e-03 1.165540557575867400e-02 -3.791064041915555988e-02 3.476299712078519816e-02 1.781507460723434633e-02 3.564500522759046081e-02 3.204265676114154138e-02 2.537418550213630351e-03 -9.052070038519783018e-04 5.468010523310538711e-03 8.822354610392628069e-03 -5.885557834137946503e-02 2.421927519395523226e-02 -1.085006916388643085e-02 3.699661935666760659e-02 -1.996544708926772937e-02 4.366808284418145780e-02 -1.803875755392132449e-02 3.954146222013192949e-03 -2.497167498782098746e-02 -5.663971212486062883e-03 4.222521638746760952e-02 -2.760013956087572704e-02 1.475785618601554647e-02 -5.643465817666491052e-02 2.839610523412336093e-02 -2.461846231909975771e-03 -3.620397573745245262e-02 2.553554546407699449e-03 -2.800731810347056048e-04 -7.668176782956014764e-03 -4.032206728488639536e-02 -1.936052397523404037e-02 7.168441312266460308e-03 5.514045701668152805e-02 -6.138411513509278716e-02 -6.694446417767942192e-02 -2.808555731514075088e-02 -3.383774077483901049e-02 -6.888485978512150394e-03 -2.619173768318850890e-02 -1.588314289389578318e-02 -5.379609434586332672e-02 6.089475124976285320e-02 -6.680967513737939845e-02 5.264578883817994104e-02 4.928814165638192857e-02 -6.922256131017986980e-02 1.796654201602500278e-02 1.164673693474464582e-02 -2.437468829438165299e-02 7.340515987246627044e-03 3.167724342206416910e-02 -1.180891331249431069e-02 -1.427879139587441039e-02 1.768309707134817959e-03 -9.838902260948519801e-03 -5.318041951659298154e-03 -3.522263278293120969e-02 2.250989838378992733e-02 2.820567539968592621e-02 -9.698208517779737317e-03 -3.756351703683048771e-02 -5.685135686035324570e-02 4.853732696596783219e-03 -4.467195952335051290e-02 7.271687561444268449e-03 9.910513224533009508e-03 6.895612665489948834e-02 1.153964049651449346e-03 9.830765982664585109e-03 4.630184138285545203e-02 4.589581866587800346e-02 3.592509285090508125e-02 1.797180824671808230e-02 -2.591308768098917002e-03 4.739799754748699051e-02 1.913947209236680283e-02 4.244154655630762857e-02 6.432213657822825892e-02 -2.637164240494532796e-02 -4.031681999645744807e-02 -8.716100429137865063e-03 -2.522648579524233714e-02 -2.102605990039936601e-04 -3.333081771294022638e-02 1.733419968683625259e-02 -1.473991084317138531e-02 4.507722907288273795e-02 -1.907942518052979783e-03 4.024068555582272638e-02 2.348050117592908811e-02 8.977070248024073690e-03 4.245185746791346748e-02 3.268152591135001271e-04 -1.646369944124562168e-02 -1.471207397442661664e-02 -5.566998538356006387e-02 7.490904192358661950e-02 -4.461294811318626541e-02 2.256852684634233150e-02 -3.760074381202545735e-04 -1.141116646179276412e-02 7.355049312783197568e-03 4.182738267107783542e-02 7.644100190546517827e-03 2.018412816470957494e-02 -1.700192317664010397e-02 7.853800562154086493e-03 -3.177423130893254621e-02 6.729465264361239075e-03
-5.617965137370129099e-03 1.724249931156255147e-02 -1.685021855083865608e-02 2.021405192041865126e-02 6.819385678192976807e-02 -2.473008969691466857e-02 -1.584422941126922141e-02 1.068248583975038753e-02 -4.005896148178501870e-02 1.809345146622750450e-02 8.212569917685885040e-03 -2.781068968873122091e-02 -6.712544579955968815e-02 3.011593413241861472e-02 -2.206442784665842149e-02 4.000860864036152875e-02 2.299320954358190228e-02 -9.541569047859722874e-03 4.128595992557251154e-02 -6.751787174251576429e-02 3.152188070642996526e-02 5.121095310860131894e-02 -1.074280066399105338e-03 -9.591346671635957513e-03 -3.414445122260397619e-02 4.107906727175955446e-03 1.579132804816897953e-02 3.038467033642456086e-02 -1.298939755764039888e-02 2.870700361448438875e-02 -2.667199406213108942e-02 2.545610112388524762e-02 -4.486129118895305218e-02 1.783118828112517651e-02 1.889963380107964955e-02 -8.906405747183791452e-03 1.174493168834909312e-02 3.287557829838987089e-02 -1.293351756605739568e-02 1.657158486743326442e-02 -8.109205734588308123e-03 -3.047143140491614943e-02 7.073122021325224835e-03 -1.384067378512390811e-02 -6.601547729736116643e-02 -3.014746440742131425e-02 -2.248373034955843813e-02 -2.758110457369611357e-02 -6.666171398057331443e-02 -6.011015818738200955e-02 3.894530968813758598e-02 -1.053579592948534907e-03 -2.551614652331774327e-02 2.839375660658052455e-03 -4.135711869080349601e-02 1.824002864987623804e-02 -4.703635587751879565e-03 -3.622429063928801762e-02 9.039868095577774376e-03 -1.365608215444782600e-02 2.389664310587929011e-02 2.285427562017741838e-03 7.533181979317815115e-03 9.251674367899470966e-03 -3.827861743422907546e-03 4.752909720741416155e-02 3.288890460742834726e-02 -5.916826805036370929e-02 3.341194742104854759e-02 1.339948598254472358e-02 1.584863502825897483e-02 7.775520649692941114e-03 -2.203179223282062532e-02 -2.531290225139886871e-02 -4.503358763842768564e-02 -5.656134486603844186e-02 -4.900353193542698882e-03 4.214235923319542554e-02 -3.355221251011952788e-02 -6.946054838103697671e-02 -8.579804116634675779e-03 1.154277064191103729e-02 -6.271167436696156033e-03 4.206578597223608468e-02 -1.150007619253887517e-02 1.597406192414232984e-02 -1.332122819107237240e-02 1.943930855868413257e-02 2.378115514477921466e-02 2.061518292096821761e-02 5.240393864865890150e-03 -1.840446362048870493e-02 -2.826093980782548240e-02 9.288566563139982399e-03 5.048480248824195604e-02 7.553396350084309874e-02 7.290683913547991654e-03 -4.768735131577992586e-02 -6.824641034902279024e-02 -2.784707768076044934e-02 -3.957882707637068453e-02 2.975189966604330216e-02 -3.870847964000531487e-03 -9.366659751167924139e-03 2.530706420066778425e-03 7.383798416604736570e-02 1.708441858568165647e-02 1.651460296529390706e-02 -5.007106092895987660e-03 2.945714390565986815e-02 -4.877080005218814747e-03 2.216887537713585141e-02 -2.189072090908155202e-02 -4.637752788911644192e-02 -1.606445660102351347e-02 3.576839678329063466e-02 -2.572037617680525412e-02 -1.205332629667701591e-02 3.823529076510309710e-02 -1.048460759333179858e-02 -1.491086215672062648e-02 7.540836494804008250e-02 -1.103875537900626813e-02 -1.390768901493320830e-02 -6.350850243095622349e-02 1.324701413352388085e-02 -5.920170774151459897e-02 2.454569065371733916e-02
-4.014379634621347698e-02 -2.814045940630806666e-02 5.597730090481729814e-02 -5.926960670675036902e-02 -2.473008969691466857e-02 7.772028006286599289e-02 -2.468045798103386118e-02 1.260456807432274763e-02 -1.882391410558416356e-02 -3.480544598712371346e-02 2.385660221515409699e-02 1.453579326479089578e-02 2.144126498512422332e-02 -4.605693102199567499e-03 -5.223833345506828651e-03 7.502449307277871127e-03 -7.928021254407241480e-02 -2.453470494013316322e-02 1.244313741568151520e-02 2.828008646455567460e-02 -1.905172504090260274e-02 -1.098787256255232339e-02 -2.654210167771592355e-02 -2.998070838232202648e-02 -1.899968124313921106e-02 4.333750846451969209e-03 1.647077677167343990e-02 -8.105871921278068326e-03 4.389996785252497924e-02 -1.737435962733557479e-02 -1.087619873856019185e-03 -3.726325853637936503e-02 3.114517446258563416e-02 -3.311324651658024976e-02 -5.562893161900041294e-03 1.058117707786844323e-02 3.112800420015235728e-02 -2.782393003086074124e-03 -4.759451147969985529e-02 1.760384793457878821e-02 -4.086415705102482837e-02 7.763354533358131360e-02 -2.396004273696642969e-02 -8.647135268363930274e-03 2.574905655854125078e-02 1.285434228929594608e-02 -1.549920694653411472e-02 7.451020531681418549e-03 3.059530236241771520e-02 2.318840940058888161e-02 -1.019199346568173264e-02 -6.317380401324235173e-02 7.773876843927625402e-02 6.583409180607428801e-02 1.424954209343828188e-02 3.288305863952315639e-02 3.153106995510628063e-03 3.290516843639413463e-02 1.316235252719684737e-02 6.712782465908076479e-02 -6.585710920071891072e-02 6.218093615705034410e-02 -3.265759443207594953e-02 -6.091928991364808227e-02 5.584195679302804416e-02 -1.052866009046645769e-02 9.713542249194596955e-04 2.856184726126914653e-02 2.935550929116799435e-03 -4.653955305306554935e-02 1.290696144659583822e-02 1.950681139191380586e-02 1.993560686634876511e-02 4.827526517330048977e-03 -1.017777226853568140e-02 2.930262373296375900e-02 -2.484376169280046176e-02 -1.592052923822085200e-02 1.101917697251474267e-02 2.783757005820192490e-02 4.956393183525698715e-02 -7.494640750213934707e-03 5.459972633394906405e-02 -2.459425893840090985e-02 -2.229512270166890062e-02 -5.170245605573746406e-02 -1.186398811788750987e-03 1.357244750229966504e-02 -7.152495872440529923e-02 -3.633848490744637227e-02 -4.590402959683593381e-02 4.028939214355418443e-03 -9.236979292911336875e-03 -4.809449138277718805e-02 -7.727141385445384682e-03 -3.423346857869937615e-02 -4.927705901836490487e-02 1.330111153762914868e-02 3.093421828533002294e-02 1.872090805932995206e-02 3.140494973515778332e-02 -3.775237191551541853e-03 4.741851005095194110e-02 -2.881496887273821139e-02 4.944091199604186762e-03 -3.309346483109162212e-02 2.462439837823462291e-02 -3.317694041529974103e-02 -3.433047766100701809e-02 -9.286299635569853286e-03 -4.754104534161098655e-02 1.390256180923570180e-02 3.619576165971980300e-03 1.527029737976971779e-02 6.964028415591350107e-02 -7.564098753706229028e-02 3.704563111442196049e-02 -4.754728298896531390e-03 -1.338878748211910948e-02 -1.133229576921942865e-02 -2.173238190754504806e-02 -2.905757296240954815e-02 -2.172543248878029687e-02 -2.832338175278453773e-02 1.870430848416745548e-02 2.621882086890700223e-02 1.885499516088585611e-02 5.638884612496571948e-03
3.589560253224138159e-02 2.534933372096622936e-02 -2.127394169712743671e-02 3.178836468445734448e-02 -1.584422941126922141e-02 -2.468045798103386118e-02 4.032343805377047036e-02 -6.825053155375616215e-03 -1.565203347666037272e-03 -2.326723676251531928e-03 -1.864813040763959109e-02 -1.681765770911055821e-02 1.592204799084546984e-02 -5.145325034456419561e-03 -3.878685411599376749e-03 8.519375873715873126e-03 2.078607105967938962e-02 -1.178557646475194252e-02 5.361836025054566961e-03 1.207324666450587496e-02 1.100269185991349565e-03 -3.306455661348515259e-04 3.064203367405822498e-02 3.279234398258183691e-02 8.534943649074202068e-03 -2.280147702294380799e-03 2.547780619548602882e-03 1.330580347673431321e-02 -2.239344166889504703e-02 -2.811793948321139863e-03 1.002907630775071515e-02 3.194223406949456496e-04 3.340444017339318054e-03 5.726362313764230341e-03 -1.049802932710293749e-02 1.728504644083740183e-03 -2.879834099622043467e-02 -7.384078972675967197e-03 1.966630388846575539e-02 -1.299123556161272362e-02 3.810998177139884261e-03 -1.937507616865339830e-02 2.464550347719284343e-02 -4.897080501025957537e-03 9.165393080354132180e-03 1.175648612676720439e-02 2.177748245837528990e-02 -1.292385492860809518e-02 8.099144582617434293e-03 1.950404942325408356e-02 9.823880155840993000e-03 3.287981488133962654e-02 -2.267106328288793354e-02 -3.257339440679968973e-02 -1.003633480375741875e-03 -3.333900783722097694e-02 -1.916276157772831001e-02 -1.514559074590287897e-03 -1.897018828131480372e-02 -1.653241569226857749e-02 1.874517451426492912e-02 -2.998588560063131930e-02 1.781322939287452098e-02 2.522419996496717484e-02 -2.532658101144873164e-02 7.863551950248582169e-04 -4.381390648571419424e-03 1.407181717639520435e-02 -7.722445166513327956e-03 2.489736054293146053e-02 -2.073996321954927387e-03 -2.199065155028404051e-02 2.292779578571605900e-02 -3.100851036099292347e-03 9.494472533915122728e-04 1.374886394963050103e-02 1.180193854050681779e-02 -4.029424499897733651e-03 1.385765700910228902e-02 1.137678403126842451e-02 -3.229230536347830333e-02 1.447699941323215070e-02 -1.845991232341174029e-02 -1.861637917546552293e-02 2.222513933697575078e-02 3.258690775322421740e-02 -4.199790871415534470e-03 7.549573916805627470e-03 1.872344260198159985e-02 1.768314401614134307e-02 1.718719884259129263e-02 7.030372563198288363e-03 1.804509214363762826e-02 1.789814242567257241e-02 1.550771084092227373e-03 -1.283006919834184592e-02 3.154855785444403427e-02 3.384940820466076500e-03 9.306752777169805674e-03 1.047185189196984771e-02 1.715214660306544747e-03 6.753126260390183294e-03 -2.669392731539636798e-02 1.641782678218943123e-02 -1.588911181537823111e-02 -8.625584803103835546e-03 9.055402417022797093e-03 1.129293120453217156e-02 3.008633190552451389e-02 1.271769518735308378e-02 1.929524413460622506e-02 2.386021132378251912e-03 3.187343253082537600e-03 1.824133869509023467e-02 -1.586236144511004101e-02 2.537081076125828269e-02 -1.521356094848744060e-02 1.140278985442867363e-02 -1.347873743666022986e-02 -4.568147045002989015e-03 5.141725204291854902e-03 -1.065807076232410007e-02 4.604920762038381375e-03 2.423031447578501835e-02 1.893023782862402263e-02 1.013601461225589404e-02 8.388061338665674105e-03 6.493386137488740308e-03
-5.133019193772075809e-04 -1.448450348510992546e-02 9.260727626844199659e-03 -2.158530870827827033e-02 1.068248583975038753e-02 1.260456807432274763e-02 -6.825053155375616215e-03 3.162627565745314284e-02 -1.161773838684193073e-02 -8.815062604868296320e-03 1.245609373570013851e-03 -1.979864507684736194e-02 -5.486576427557683655e-03 -8.378150089445830090e-03 -1.972640631902892322e-03 1.636658170245937002e-02 -1.492193510178074951e-02 5.717381277871062643e-03 1.287208173385960726e-02 2.092405718935830879e-03 -2.432094665553417856e-02 1.149441574021701530e-02 -1.413966887271602899e-02 -6.685835893743986152e-03 -2.052410311890984912e-02 2.357515453101022545e-03 3.075300109132208799e-04 1.983546902416039037e-02 3.555996618939938347e-02 -1.926690069570612465e-02 1.554055827659602679e-02 -3.828124765228062797e-03 -9.072309834956207228e-03 -2.194042483006856600e-02 1.986268996833731246e-02 -4.971824469747690954e-03 1.514265423016748898e-03 2.940140485160707556e-02 -2.429460666027045967e-02 3.533832211933957135e-02 -8.116252714154954806e-03 6.094499031696128978e-03 -1.080563015610262918e-02 3.369106206032121669e-03 -1.977548910861082285e-03 -1.791616257091609501e-02 6.009932389042437970e-03 -1.446656034692277853e-02 2.510713278582629108e-03 -7.089451788707775391e-03 2.348242042998532550e-02 -2.394062198243343542e-02 1.069292576149825057e-02 2.700177884713815188e-02 3.624166525251453722e-03 9.744737866258757278e-03 -8.539376664280281387e-04 -4.845951592983042261e-03 5.195297726040260661e-03 1.063184864720348628e-02 -7.261717997821177245e-03 2.807526895588974628e-02 -1.391371315902122617e-02 -1.180099358029140094e-02 3.135440866495033119e-02 9.683793403328247104e-03 -7.639873254407649611e-03 2.195262672323275519e-03 1.788286243155140509e-02 -3.671642790592065907e-03 3.012936736156232934e-02 -4.024656108530377981e-03 4.339714560969667144e-03 -1.776254258971188618e-02 -1.722238195489097720e-02 1.793290802380900556e-03 -7.628485562336066554e-03 -1.617063789872644208e-02 -3.978036067902963532e-03 6.460489221552744282e-04 2.088803919698003012e-02 1.485681129138809002e-02 2.008295865638464253e-02 1.547891535790200598e-02 7.304034321152229857e-03 -2.451781884733153505e-02 -2.362192689937660933e-02 -1.201542054441019939e-03 -1.546815115371000509e-03 -2.177017576852473615e-02 -1.125844923411857545e-02 -2.208644580904491062e-02 1.007975524462161130e-03 -1.699666060343435481e-02 1.176480356011700389e-02 5.608459643996412287e-04 -3.013905401877510840e-02 4.515050380642613402e-03 2.278504493679638608e-03 -1.529899890648180223e-02 -4.287274348762508229e-03 1.719193328291764369e-02 1.070890036872575862e-02 -5.992200406870091915e-03 4.601371446935034054e-03 -2.906765637239394889e-03 3.277475684939246993e-03 -2.676108267199471535e-02 -3.764431148097399302e-03 1.792534915664954071e-02 -1.958871416106427663e-02 3.227866352308211926e-03 1.670597005241055560e-02 -4.250530873724776317e-03 1.258438386561958749e-02 -1.615573711586102204e-02 2.454813467120186762e-02 -2.233263335688385337e-02 1.250588948451014475e-02 1.024562722784529492e-02 -5.174755815631867234e-03 -1.866863963426852692e-03 -7.645244149698316935e-03 -4.694988525968479473e-03 -8.120461851546920476e-03 -1.038991876166557452e-03 2.641834904721415429e-03 -1.359504042848588270e-03
2.584213831151230441e-03 -3.245289605737126243e-02 -8.370972697682480326e-03 -7.449374464591631585e-03 -4.005896148178501870e-02 -1.882391410558416356e-02 -1.565203347666037272e-03 -1.161773838684193073e-02 9.416570121124603898e-02 -4.792908407933022669e-03 -1.524917154729704856e-02 4.677826743602613718e-02 4.752204220072106522e-02 -1.024422854361431781e-02 2.846610365191876157e-02 -8.421299238313807722e-02 2.499582352255597800e-02 5.657949419476063918e-02 -9.203674846159504153e-02 5.718142843008806181e-02 -2.275425000233993397e-02 -6.171751966183963017e-02 -7.333980147506232415e-03 1.006172965529460346e-02 5.763621845158566070e-02 1.194764224242664090e-02 -2.936631466624068515e-02 -5.729743345470512256e-02 3.213738690464709225e-04 -8.633209278914449891e-03 1.641423260924506841e-02 6.778237161646201089e-03 2.071819453792990082e-02 2.018271453734039184e-02 1.061439678446358427e-02 5.535439987718645226e-03 -3.600040110264472737e-02 -2.291570140328315353e-02 5.657347197576258202e-02 -1.632624152611773446e-02 3.860170480041922453e-02 -2.020934702994668306e-02 -9.575955483878012889e-03 2.983783454724263026e-02 6.154656813914167329e-02 3.652965515153427933e-03 3.460006436297866170e-03 6.240032071622127197e-02 5.426237145802587786e-02 2.372134656147548495e-02 -5.975233620258697809e-02 3.454300694299443364e-02 -1.755044824010497037e-02 -4.920289368793720475e-02 4.613610011067841021e-02 -3.159603512150446075e-02 1.918182132573015286e-02 1.838410884677519827e-02 -1.963927711438167439e-02 -3.963767492215059668e-02 1.769765514832355446e-02 -4.732273964277393385e-02 8.534817457296180188e-03 1.221634141805540662e-02 -3.691822843843462626e-02 -5.885673155090452580e-02 -2.589868814567554758e-02 3.262770261449325637e-02 -4.071463468269025110e-02 2.958192737992255527e-03 -3.144290462797347946e-02 -2.807745844372457056e-02 -2.991513272271682095e-02 3.893886841101919238e-02 7.648611949409442334e-02 3.165104074969647685e-02 4.147507671991238626e-02 -2.139426202782258521e-02 1.177974578703000139e-02 5.799493166303756192e-02 8.185037378693854311e-04 -3.731851613697058367e-02 -4.377066463189197704e-02 2.819885955648892325e-03 3.158902770434955654e-02 -4.999878785139320880e-03 2.692487164991333101e-02 -4.591050806457693673e-02 2.673459225238361894e-02 3.992247537600761634e-03 1.065065005086077154e-02 -5.073691347533653730e-03 3.546984313012862145e-03 3.561223868152788019e-02 -6.435045483175452774e-02 -5.682884782451234906e-02 7.460839375571493536e-03 5.471149459559255385e-02 5.802657703925872407e-02 -5.812646267420993641e-03 1.956467642884749530e-02 -5.865662350372079920e-02 -2.856607150675987902e-02 1.061823920613653993e-02 -4.832657098397399355e-03 -6.324256529806639160e-02 -5.644563233098127270e-02 6.980191787079204069e-03 1.702971346280131998e-02 -5.660049153826211127e-02 5.311464047371614733e-02 -3.946855061187980879e-02 1.706548784798957510e-02 2.036777472746457984e-02 -3.639994077732780497e-02 -5.883551802582652132e-03 3.382405026183173905e-03 -1.281190738583068596e-02 -2.023181184584642300e-02 2.781130008256930616e-02 1.839925575199902880e-02 -6.893823517801310474e-02 1.692676874500324141e-02 3.380034219942664592e-02 3.839528388816164373e-02 -6.331405740660532577e-02 6.119433119277282312e-02 -4.070274743053870631e-02
1.052534605748926128e-02 1.391773026755718269e-02 -2.159745945539707362e-02 2.445132698283862885e-02 1.809345146622750450e-02 -3.480544598712371346e-02 -2.326723676251531928e-03 -8.815062604868296320e-03 -4.792908407933022669e-03 3.995859999255779726e-02 -5.159812122611288042e-03 -7.950497755675186434e-03 -2.217908134573433679e-02 -7.711595689749638390e-03 1.520654456417506670e-02 7.534485245609477688e-03 4.048789128061740933e-02 1.560942753521027751e-02 5.379816555184606559e-03 -3.611151826285830674e-02 1.020788175398750636e-02 8.930612989963570419e-03 -2.402340289892042867e-03 -1.565502011952556866e-03 7.570769588756189397e-03 -1.399404304886599226e-02 -2.319269441520575847e-02 1.073286070538146710e-02 -1.400528049172796580e-02 2.910813227052770191e-03 1.158973884851183201e-03 1.486190731380038731e-02 -2.129668159850759551e-02 -8.778222689087503009e-04 -5.293635038662275298e-03 -8.154108130822795494e-03 1.466289221986745960e-02 -1.679647317107047693e-03 9.629077054579247147e-03 -9.131529593529918998e-03 3.219850894176913558e-02 -3.381089554951269976e-02 -5.509830393893196988e-03 7.537141531123188638e-03 -3.377963108664915060e-02 -1.415210342135138225e-03 1.074762661036725991e-02 -1.344687477952475653e-02 -3.194178719218444817e-02 -1.541360390155203930e-02 1.093031924164788830e-02 1.784837510865354068e-02 -3.752954801572600668e-02 -1.083687391828465005e-02 -1.103483306163171446e-02 6.368552048469749462e-03 9.095966294712055575e-03 -2.554843147928072961e-02 2.117513268328784573e-02 -2.537221154401623352e-02 2.658902773370055983e-02 -1.118095402258619322e-02 7.045361594070250442e-03 3.385785139504352698e-02 -9.421356072522368841e-03 9.786658600840899766e-03 -6.951081539586512203e-03 -2.112312886325517364e-02 5.331691749767343211e-03 8.972721233846304642e-03 -3.164280528304474604e-03 1.895042889442243722e-02 -9.758391724581204005e-03 -5.804929134698676163e-03 1.198248221365519079e-03 -2.839584933739518549e-02 -8.617525439084441560e-03 -9.199990910516135266e-04 -6.953420098932129936e-03 -3.251265900057322134e-02 -1.406502741398872602e-02 1.180044253848311006e-02 -3.914926691142045501e-03 1.489057666126650248e-02 -1.445240405466519974e-02 1.466165900792340375e-02 -3.673424199741830501e-03 -9.625615555749139976e-03 2.804868013816145395e-02 6.280033572412445321e-04 3.050942390967432971e-02 7.978879148940543412e-03 1.336496662583536686e-02 -6.385123507471608499e-04 9.931360698283705352e-03 3.712629148896333386e-02 1.388276036703454085e-02 -1.618822154067418514e-02 -3.603528003814494840e-02 -9.405998199073352037e-03 -2.491097545193518559e-02 1.101740726505000614e-02 -2.840323361659092497e-03 1.620045552096137376e-02 2.344798228948780094e-02 3.551775780511107206e-02 -2.105961383206472748e-02 3.896297445831177052e-03 -4.648742022268220232e-03 1.367674693523898699e-02 3.521484209539653062e-03 -1.341161513346632826e-02 -4.489638637485483461e-03 -1.053881263152209660e-02 -3.099027071626438840e-02 3.955994281123990930e-02 -1.777677838236712757e-03 1.267610959540171889e-02 1.726834059915322364e-02 6.359130464302821181e-03 2.848876954081679819e-02 3.572390897807344035e-02 2.063518060781293489e-02 -1.251214662614940493e-02 -1.639608362861668875e-02 -1.398621404817558880e-02 -2.485669461325885551e-02 -1.305969677333443726e-02
-2.510156178934866769e-02 6.398682883313430367e-03 7.479915940508228764e-03 -7.161626882381406586e-03 8.212569917685885040e-03 2.385660221515409699e-02 -1.864813040763959109e-02 1.245609373570013851e-03 -1.524917154729704856e-02 -5.159812122611288042e-03 2.929290349346857711e-02 1.064228749491381854e-02 -1.486619306147505919e-02 1.600666592170351538e-02 4.648542486179968111e-03 6.006033883828390714e-03 -2.312253912152734125e-02 -9.327820041578260488e-03 1.211545615915144043e-02 -1.091453008685396367e-02 4.434425584170398338e-03 3.320131507674229515e-03 -1.635387648524054896e-02 -2.368420301182829965e-02 -2.113225931379820316e-02 6.922812156834123355e-03 6.242841650674154155e-03 -7.190993184631334217e-03 3.407784759804491099e-03 5.512799081870636657e-03 -8.730831850858584639e-03 1.109669666853127859e-02 -5.189529182144471398e-03 8.626437820009125526e-03 -1.273875061174469837e-02 9.440215172982709818e-03 2.316924729500996483e-02 2.758238287891011907e-03 -1.542231354101274675e-02 5.106824607168625532e-03 -1.992433076379549264e-02 1.824394381915639754e-02 -1.315191645738142748e-02 6.883213670920210886e-03 -8.913650368958860384e-03 -1.406892458291094175e-03 -2.099783103201758802e-02 5.938199687479848131e-03 -8.850438386384908845e-03 -1.384670263215548661e-02 -7.268206955788790273e-03 -2.433771092935628835e-02 1.869924705326746206e-02 1.647834249808002166e-02 -1.836672119352865742e-02 2.395575849363540746e-02 1.188242370537889898e-02 -3.607011231983128698e-03 1.055884011851285567e-02 1.313471386335066972e-02 -5.278727811445698380e-03 1.342697181408263746e-02 5.960216792037535335e-03 -1.543130070582673756e-02 5.786279228357690471e-03 -9.096396096373241934e-04 5.053494101753661441e-03 -1.029506256240125296e-02 9.167788149832153261e-03 -2.192570418531996149e-02 3.359795250087161105e-03 1.921731340932719689e-02 -3.180341772859062496e-03 -8.012045106607584496e-03 -1.408423838972838391e-02 -1.313762090938772574e-02 -2.094539104330858919e-03 1.032629224254438989e-02 -1.894980899553738718e-02 -1.147560931871241356e-02 3.645094703642870731e-03 -1.101103243128652258e-02 9.469214473591882827e-03 5.671357113603396789e-03 -2.310239097900932195e-02 -6.747113580452065648e-03 1.898547868116507494e-03 -1.359703630431877142e-03 -1.917616354779404578e-02 -4.684092861643871647e-03 -1.155922441660995822e-02 1.283976337907200005e-02 -1.732815173775246673e-02 -1.661452909239533602e-03 -1.122573788463791843e-03 1.170572778440742874e-02 -1.198328999710294128e-02 -1.876041032197556593e-02 -9.220968745851224058e-03 -1.228901438034202091e-02 -6.700033142927633474e-03 -4.565485458971154688e-03 2.334055356970205983e-02 -1.897219919128810203e-02 4.581911355769624841e-03 1.045884906277895487e-02 6.566076123624008283e-03 -4.716328871827186607e-04 -2.657365014656931299e-02 -8.249957915983296627e-03 -1.358423328634926659e-02 -2.602975873917345601e-03 -1.512566606376780295e-03 -1.525602316640676387e-02 1.402992554127012112e-02 -1.110087286638788799e-02 1.060332367009364073e-03 8.627830201931396478e-03 5.479820193681047592e-03 -9.213370790156476947e-03 -7.195018837134923954e-03 1.251515367537743735e-02 -3.942324828767310510e-03 -1.891396730784933311e-02 -1.397111616623185511e-02 1.424813946169761238e-02 -1.878164437058594052e-02 -3.086024800681772332e-03
-2.338414612362477510e-02 -1.790855573286181598e-02 1.709465717098555826e-02 -1.046152775987230048e-02 -2.781068968873122091e-02 1.453579326479089578e-02 -1.681765770911055821e-02 -1.979864507684736194e-02 4.677826743602613718e-02 -7.950497755675186434e-03 1.064228749491381854e-02 5.437873285229875148e-02 2.607351885815727480e-02 1.148027523869893547e-02 1.590692112170393607e-02 -4.886429781737601508e-02 -1.205241993639089883e-02 1.914598198785111630e-02 -4.894800692243508888e-02 2.937595123609759024e-02 1.155694147962917822e-03 -3.538954959233055891e-02 -4.336822562758228632e-03 -4.554018523969734743e-03 2.428970660544640253e-02 1.718629341621226696e-03 1.163974433881419853e-03 -5.664376971710525371e-02 -8.412691251948153232e-03 5.956733483155735552e-03 -4.007097480486325469e-03 6.118418421088603690e-03 3.452499560170319698e-02 2.542750555754828140e-02 -9.011074798385832266e-03 6.763614227777724024e-03 -5.746217913494205271e-03 -2.584075237899650934e-02 2.470435399414782837e-02 -2.247535931693026706e-02 5.112748659573796914e-03 1.509436708837765158e-02 -6.952426265855300713e-03 1.384673021091263785e-02 3.275568328090232989e-02 1.160468356841045517e-02 -1.873990132606207296e-02 5.601059515827222501e-02 2.957173312967323331e-02 1.438752188604000386e-02 -5.921304702393843239e-02 1.125898615723267470e-03 1.342282274731811109e-02 -2.001788104311337177e-02 2.682404888127642648e-02 -8.051067311417811970e-03 2.691190074213598363e-02 3.149989091866807478e-02 -1.523078535459299401e-02 -7.996427706982178057e-03 -3.687853590136133154e-03 -2.181577278585179400e-02 1.299303725787771292e-02 -1.850531455546958540e-02 -2.737809753191130374e-02 -3.278358230473385482e-02 -6.572525777030520724e-03 1.892026909731377507e-02 -1.764645403517844241e-02 -1.805165099813641275e-02 -2.965748174709893770e-02 -4.009683136701241470e-03 -1.460620740920806279e-02 3.082808034179542606e-02 4.186133700627496512e-02 1.300087344336781428e-02 1.452678638454678317e-02 -1.005086770760455113e-03 9.651063361265766957e-03 3.123640832487941874e-02 1.308965608118344004e-02 -4.251943448231831901e-02 -1.514340355301427125e-02 -1.070074433170596813e-02 2.467548182111947014e-03 -3.235484175954886788e-03 3.069717732622801593e-02 -1.728031144562434951e-02 -1.385029689234358249e-02 5.766221976241106377e-03 -1.335048377557713183e-02 1.435206413559754479e-02 -1.254058833828204135e-02 1.727043286873706368e-02 -3.837538081079618080e-02 -3.189685733808048790e-02 5.278544380424230777e-03 2.974431610530467104e-02 3.214745204940755441e-02 1.150151789253005090e-02 3.108240270339839711e-02 -5.320170542368820449e-02 7.099340183413070313e-03 -2.471184174533726848e-03 -1.219447944255269180e-02 -3.256493444958800942e-02 -2.447280016287484844e-02 1.227842738505490611e-02 -9.066104157310172010e-03 -5.594745793442894993e-02 2.143444027158168674e-02 -1.633005142914742067e-02 1.636857279627078896e-03 3.834327568501429313e-03 -4.521587852910371325e-03 -1.643557332725112397e-02 -1.182628023086671485e-03 2.498553674284754479e-03 -3.061969619920858546e-02 8.139725105769341634e-03 -5.338144284662824958e-03 -3.603229108064323616e-02 -9.220009343034584609e-04 1.167425693641058713e-02 2.256149004442857195e-02 -2.348805630351545951e-02 2.982470092994575148e-02 -1.597022028992503562e-02
