3.575732566586753425e-02 -1.908868947602663688e-04 1.298931726308167993e-02 9.775290150571274914e-03 9.234677131877413667e-03 2.446696581250436611e-03 1.077442327011905905e-02 -1.347609436028796882e-02 1.655911875849898005e-02 -1.679359473825076110e-02 -1.337306705901739577e-02 -1.975583393638331939e-03 2.353315596544244912e-03 2.255559668068004772e-02 -2.837926394849231426e-02 1.822180256749565685e-02 -1.429063406974289199e-02 4.775707675183545053e-03 6.255399269183145421e-03 4.587788775899475507e-03 6.350530057821089560e-04 -8.936323745109758104e-03 1.762132488145402506e-02 7.906207086283647059e-03 -8.816016736825039654e-03 -7.259528451228551386e-03 6.932920605717515609e-03 -2.955851445191372815e-04 -1.938664464900701281e-02 1.748979097404094671e-02 -2.315975113743744609e-02 -1.948861061144786105e-02 3.369506130664444953e-03 -1.262631184692685447e-02 8.407850210970888027e-03 9.537689216624728808e-03 -8.916492620205501360e-03 -5.003593516479681695e-03 4.238494588236036038e-03 -1.708885365317498045e-02 -5.306612974077358318e-03 -9.795532999432485580e-03 9.697264363200447726e-03 -1.856342237977081852e-02 -8.544342502660952701e-03 1.466600192495252745e-02 1.338586080150984924e-02 -5.341704241883746609e-03 3.402870443839460957e-03 9.850268745557248448e-03 -1.805249476027803029e-02 1.612683437291001151e-02 1.520566853067001345e-02 -2.765793073876293869e-03 -2.428378627187706851e-03 1.031153726803005037e-02 -4.638018598841629108e-04 1.465786825513172402e-02 -1.144540145522662117e-02 -5.555277988501818552e-03 -1.411835716521876727e-03 2.002773231700457138e-02 -1.556499732105433471e-02 1.460792888324999664e-02 -6.840647363016669723e-03 2.618095499928911607e-02 2.560076402784908570e-02 -7.610812115432946841e-03 1.600330938550081558e-02 -3.760757423844795621e-03 -1.564476429866352991e-03 -1.985687637150386139e-02 2.265500396514293774e-02 -6.993557040077929762e-03 3.140849064182911401e-03 6.249841019047456224e-03 -1.287599235345643529e-02 1.884734470721810551e-02 1.923339256875608930e-02 1.241056560946505105e-03 2.120873690585456037e-02 1.673620378027356609e-02 6.009732984988430497e-03 -1.664785318539999809e-02 -1.728829944905219910e-03 -6.122411187543952936e-03 -5.684136103913618385e-03 3.650576773350539678e-02 -1.510132675727130121e-02 1.143161928887443703e-02 9.840988028961704728e-03 -3.852269148413960554e-03 -1.371689226166254542e-02 -4.119628082751310323e-03 2.316140361192742941e-02 8.338188163922536852e-03 1.446717999025983609e-02 -1.766627766224094370e-02 4.639262985111981472e-03 3.778359918453206515e-03 8.319098779939887445e-03 -2.133935044269754874e-02 -2.668238979487103785e-02 -1.532405373851634771e-02 -1.232137815636820052e-02 7.768893445071497691e-03 8.711607451979059766e-03 9.552080521476590544e-04 4.685205807885440416e-03 9.237331078345048865e-03 -8.279821147647850252e-04 6.510959212943599576e-03 -1.399132799547138199e-02 -9.673451102338309496e-04 7.231296710336428471e-03 1.644200296058222210e-02 5.114041579264579605e-03 -1.951087580083653295e-02 -9.795208087924844181e-03 -3.235182060837598489e-03 -2.785687139683112185e-02 6.816543591503817709e-03 -9.575075249339443789e-03 1.298344138460280281e-02 -1.855634509975114704e-04 -7.128011019382687365e-03 -1.348245928134373479e-03 1.600342211117563446e-02
-1.908868947602663688e-04 2.864768829656026347e-02 1.803177126900172870e-03 -4.127258403108100687e-03 2.614816943265723878e-02 -4.250607518404409240e-04 1.215422576855929894e-02 -1.763869629831039260e-02 -1.618151179829360395e-02 9.933552274042143151e-03 1.536871474239866371e-02 -8.997721809261753287e-03 -2.085240389965391499e-03 -3.048911357625147880e-03 1.466518214972921397e-02 1.909970194928709009e-02 -9.725348641041487233e-03 -2.878555243900798172e-02 2.761924782125904990e-02 2.311296490404576333e-03 3.506692501353310919e-03 2.759820961208940548e-02 -1.694304858219894058e-02 5.429386231489756421e-04 6.629141253931132918e-03 -8.427034989993632125e-03 -2.559062505029020829e-02 1.214574443673532324e-02 -3.827534259607589390e-03 1.608933623058073081e-02 6.701646175868906583e-03 -1.293842391698674923e-03 1.344824820137830151e-03 2.136262063341310379e-03 -2.829363931990862193e-03 -1.052232642014939643e-02 -3.684645926302570953e-03 -5.951159103730940640e-03 -1.406410163970604928e-02 -5.219418943719785452e-03 -4.587203869281642962e-03 2.672609406122959316e-02 -4.711683872437417812e-03 -4.596643648791178850e-03 -5.541388656974025051e-03 2.637414865766084075e-03 3.321791194756200469e-03 2.958580454904596781e-03 1.802631742311238371e-04 3.959842992905093090e-03 -1.492887525631079494e-03 2.159084403680798341e-03 -1.763467564109954047e-02 3.422210434602655262e-03 6.904393625488914124e-03 1.805373518733830590e-02 2.046036691246068753e-02 4.620855168782806409e-03 1.173382832466494073e-02 1.482329520318143544e-02 -7.824609060798596791e-03 1.533133535153261874e-02 -1.846945707986282631e-02 5.023581720440895362e-03 2.449178798935732013e-03 4.485674010165499777e-03 5.087614425574232824e-03 -2.690997694641060131e-02 4.810980685736398511e-03 -1.349028651851953177e-02 1.153832276112516132e-02 1.020699075844391616e-02 2.023986192602909850e-02 -2.566183988533241381e-02 -2.165268009695111174e-03 1.641498910378626132e-03 -1.706386939299988758e-03 -7.000738574839191278e-03 3.047592772314916022e-03 7.266192861276597227e-04 4.001125811764280268e-03 2.250482099040665082e-02 2.405445629020598608e-02 4.044634858610425023e-03 -2.144220401841142459e-02 8.621716861644770913e-03 -1.437954524142417111e-02 -1.432532198714206581e-03 6.725249014984594279e-03 -6.841873125925045616e-03 -1.004240776665025169e-02 6.356211350390972813e-03 -1.221261609817360198e-03 -1.139260004188331898e-02 5.655005586304726398e-03 1.726035393342417734e-02 3.332664879841968318e-03 -1.124451027689545198e-02 9.074624945548772845e-03 8.726521424547155348e-03 -4.184150753385481800e-03 8.753035949828361084e-03 1.359515385226702823e-02 8.899093529843034311e-03 1.202395677690521435e-02 1.729061826697621609e-02 -3.681234845220298507e-03 -2.237456938382044675e-04 5.704412154279549056e-03 1.925525605906654517e-02 -2.584094177907831844e-02 1.198684587501380565e-02 8.447985900233939346e-03 -1.932194996284497535e-03 7.549942862950561294e-03 2.497766634687874528e-03 -1.227457076990801695e-04 4.070842920398000733e-03 -1.003485501309891309e-02 2.351803984443197933e-03 1.069409567796727675e-02 -9.878502098972282569e-03 1.788257890368269258e-03 -9.092047194420612224e-03 -1.774888928339303832e-04 1.553410767602574419e-02 -1.857948920182423899e-02 -8.441296446770359466e-03
1.298931726308167993e-02 1.803177126900172870e-03 3.547731456293165553e-02 8.015920647663236573e-03 -1.683535576631423752e-02 2.008991917313425815e-02 -6.370145084103871237e-03 -7.142142251344599192e-04 1.939848670899156982e-02 -5.378937878309913816e-03 -1.783979614066649733e-02 8.802432852038641689e-03 1.947693782423038852e-02 2.863717524855294988e-02 -9.240466590681662568e-03 -2.107085931350426503e-02 -1.455218208642603157e-02 1.782803304231467267e-02 -1.868623999136486899e-02 2.258630597701879322e-02 1.308757487039948972e-03 -7.434089221368417148e-03 2.214971491372497159e-02 -2.636317234473784139e-03 1.104747656263650561e-02 -1.953558514938071380e-02 4.298464694818362672e-03 -3.538051743145988193e-02 -2.551564711217578843e-02 -7.668114256918829273e-03 -3.977689824749619692e-03 1.132601325731148051e-02 2.103143707677263344e-02 -3.519314041816980210e-02 -1.005738188394418283e-03 1.827806670881827397e-02 -9.754318577037095076e-04 -2.606139524994464593e-02 2.575260146481737206e-02 -2.409050739489955809e-02 3.243911501315264404e-03 -7.403504603981607771e-03 -6.113954742232879545e-04 -2.611697830508247567e-02 8.456052931496996217e-03 2.132799787520770277e-02 1.058972706514678570e-02 -5.223062722707603502e-03 1.946108715959913443e-02 7.317580111504899676e-03 -2.233993584937050622e-02 2.339608379859212453e-02 6.004539656947769331e-03 -6.961690195462201525e-03 -1.901409041825546931e-02 -2.886000747656068243e-03 -8.899246102865993047e-04 1.767601532904549896e-02 -1.637363078403622843e-02 -2.583618304208794639e-02 6.169670594954328353e-03 1.221180294052547598e-03 -3.562739377207865734e-03 2.217120406765304974e-02 1.186674227497045743e-02 -1.083241288532487898e-02 -1.288421165085456427e-02 2.810173727520674444e-02 -1.136412334525774975e-03 -5.311846295806030120e-03 -1.685065981996194560e-03 -6.904553653597408740e-03 -1.804887042199736572e-02 2.689088753904247606e-02 2.113152556240034674e-02 1.986837954708296772e-02 -3.859459496925109201e-02 4.501896000609571227e-04 -1.952736594346520622e-03 1.988112670909729027e-02 -1.171225150722533456e-02 2.426585010780379827e-03 -1.536269622278906184e-02 -3.869476450571281839e-02 3.596274772523740722e-03 -1.822022885382247950e-02 -1.489771483600179627e-03 1.915432418211668320e-02 -4.007907139549319459e-02 1.069168803954269505e-02 1.834711469020609484e-02 2.074146294007507552e-02 -8.310723837113233661e-03 1.303532510679053513e-02 -9.697452544461597837e-03 -1.497774665999958635e-02 1.398415951843510335e-02 -5.889317724664890411e-03 -2.502589404576897100e-03 1.163280464239769933e-02 -1.168658379920979948e-04 -6.332709317302615340e-03 -6.242639434297669356e-03 -8.238566530547150601e-03 -1.812481713616288098e-02 -1.447845064107830711e-02 4.990081592504202329e-03 8.902050736571381906e-03 -2.976210465132179267e-03 -1.565373421191325679e-02 2.036614928449735976e-02 -9.109475853412811464e-03 -1.673578562089120605e-02 9.561872311030669008e-03 -1.887354468565807840e-03 2.207573096127488088e-02 2.219915636263859737e-02 1.255427805133869576e-02 -2.716589237984259192e-02 -6.436312075062421145e-03 -9.267077516491537340e-03 -5.994425114934026980e-03 -6.406044278577853121e-03 1.913092444009322282e-02 2.075682237499156674e-02 -2.652807225917746398e-02 8.842006912325987454e-05 6.371990209808779844e-03
9.775290150571274914e-03 -4.127258403108100687e-03 8.015920647663236573e-03 2.485302410153102798e-02 3.671179012963924314e-03 -1.067258679799583214e-02 -2.100851374071582671e-03 1.197572338252526729e-03 -3.893256947583276489e-03 -1.426060784986828665e-02 -2.470994421194752481e-03 -5.207115622539115751e-03 -1.102672027165833499e-02 2.186791905144845616e-02 -1.099048410553559070e-02 -7.648416808299191363e-03 -2.380271139758532994e-02 -2.971348766008765057e-03 -1.750013088581270707e-02 -1.066142605728850543e-02 1.769445367076486961e-02 -7.378867796227296660e-03 4.052197455659670156e-03 -8.404849216247373134e-03 1.477485526221026775e-03 -1.683614591417544396e-02 9.860053033970235178e-03 -1.085699991205862913e-02 -1.528053539228313960e-02 -1.397651735667989475e-02 7.729638128618205976e-04 3.051544525184820764e-04 -1.161381457944178457e-02 -8.704657315314908925e-03 2.200876490968797783e-03 -3.330986251151947519e-03 -4.209929565305203965e-03 -9.326472682303780029e-03 1.884756658052695599e-02 -1.479042834248937323e-02 -7.012957458675966350e-04 -1.099290994264854292e-02 2.879622866048282218e-03 -1.601321963756680358e-02 -1.366637398477422126e-02 1.463174995507401412e-02 -3.114766160721360849e-03 5.753628590807341632e-03 -1.114986422818686762e-02 1.072330649548795291e-02 4.382413041345034968e-03 1.580867421757818636e-02 1.244076209010222360e-02 -2.418589430771462406e-02 -9.953724827161551658e-03 1.218104324337179224e-02 5.891400923090483153e-03 9.671995846090549256e-03 4.285658632051362119e-03 -2.040543889225372720e-02 -6.244092361889528459e-03 -1.591593848342104378e-02 -1.093434591432179172e-03 1.464854465918685907e-02 -1.502836544612183058e-02 1.459270690661406029e-03 4.446286476308454081e-04 1.072525148047036997e-02 -5.653535497466634190e-03 -9.448815470899344857e-03 9.319397338121090252e-03 -1.346475549562284671e-02 -1.073601076741090982e-02 1.002980602295573502e-02 -1.033248273542437465e-02 -1.185282678794400552e-02 -1.019359707141180744e-02 4.805626127808880141e-03 -4.079456565877871005e-03 -1.096919276523712454e-02 1.927908674238853646e-03 -2.273045606747739738e-03 3.491798169795474072e-03 -1.493402606258981483e-02 -1.895647839272054718e-03 8.860524549776791631e-03 -8.666814330052761278e-03 3.775079321706514054e-03 -1.531027594467073219e-02 2.576271666509078254e-02 1.880029228220820442e-02 7.099110693092601163e-03 -2.219541328340858891e-02 1.487663651279403330e-02 3.691673060848329330e-04 8.768064810756875591e-03 -2.349043571104467848e-03 -8.777503057089477978e-04 1.649692058780180288e-04 1.056311359658887623e-02 -8.829889689146170739e-04 -1.330910443786581868e-02 -1.013319856206140734e-02 -6.916633541612660259e-03 3.076696247080159142e-03 7.666122232895927410e-03 1.891508040137221749e-02 1.224232542390322857e-02 1.038808567640393463e-02 7.867927986663310336e-03 2.027992430254656198e-02 -6.180176216619280571e-03 -1.643119701923464668e-02 -1.187812877550542719e-02 1.292389200583593262e-03 1.528020269257699716e-02 -9.291275748131898327e-03 -9.425447869440146389e-04 -9.769027194423721486e-03 -2.424471446953177511e-02 -1.325768858207607495e-02 2.791432577312346740e-03 -2.340789411240262394e-02 -4.423456616665290102e-03 -9.812271341485118842e-03 -2.049288686500293569e-02 -1.089926414556387918e-02 1.055831776517554381e-02
9.234677131877413667e-03 2.614816943265723878e-02 -1.683535576631423752e-02 3.671179012963924314e-03 7.156989231979431210e-02 -4.090821444950783897e-02 1.190608902948073894e-02 -2.063861062887687933e-02 -4.622269307565349261e-02 1.336887990214372796e-02 1.822683453285591990e-02 -1.749176782375655437e-02 -4.114887729119385412e-02 4.244530521891337269e-03 1.017246782485041294e-02 5.638115462624002094e-02 -1.762663803443695679e-02 -5.950420941200129654e-02 3.629248087547531226e-02 -3.512797117916765383e-02 1.494594059860328110e-02 3.200418876418143627e-02 -2.163649235709341409e-02 9.069840610766106981e-03 -1.165197347546343028e-02 -7.220839978420591672e-03 -2.673529897088916529e-02 3.870396460436462127e-02 -1.806463620149949614e-02 2.142113278944828003e-02 7.298995834809826047e-04 -2.557613703515572434e-02 -3.709471547919492018e-02 2.417322679136387278e-02 -1.983155581513229451e-04 -4.688149337142196588e-02 1.180944496385828886e-02 1.719859340974520812e-02 -1.148594092861099196e-02 -1.973177783832120655e-02 -2.904105202798273541e-03 2.851508775524591241e-02 -4.003200991366316457e-03 -1.923817286371777568e-02 -3.896836723978476524e-02 1.925862017346702260e-02 4.586224500673085312e-03 3.780110170794673263e-04 -3.648487054456381329e-02 -9.124198447799113142e-04 2.509000384906983835e-02 1.915355149074464414e-02 -1.525849226907436545e-02 1.869558789030043456e-04 7.333415956956619445e-04 3.860591418349634124e-02 2.215540160868287659e-02 -1.719579582918345046e-03 4.583319704150755347e-02 1.134198837780072203e-02 -1.161878164227864337e-02 1.317028731740697844e-02 -2.310047931755799741e-02 2.214845533183192744e-02 -2.729151482131297879e-02 3.701937726760217567e-02 3.673895220903563436e-02 -6.076938354532847308e-02 4.942455867526519483e-03 -6.633833959340567493e-03 5.606735232156401585e-03 1.383754366896432393e-02 5.545968795104647825e-02 -5.768950795464593273e-02 -4.088487674681694911e-02 -3.443447558917071827e-02 1.901028832178602163e-02 4.346872710562372719e-03 6.157533055473813667e-03 -3.864055469881307742e-02 3.378928974290319742e-02 2.365134923826497232e-02 6.358102479582927735e-02 2.616124013681353153e-02 -2.446075030955764673e-02 3.729016650979197905e-02 -8.768945568220070166e-03 2.150240171600727537e-04 3.291974731677671517e-02 1.611735424217461930e-03 4.759040689522010641e-03 -1.272984474200396059e-02 -9.366464820555005580e-03 -1.362292251354982851e-02 3.332238793767780538e-02 6.362497726946046706e-02 -1.200150807313036172e-03 -1.726593341541247592e-02 -8.392832092197186761e-03 1.444613321448053739e-02 -8.621281621986883609e-03 1.047482937408174969e-02 9.120217009458864155e-03 8.357456789345912504e-03 4.676442994957153571e-02 6.252037454870532085e-02 1.088266338945726407e-02 5.692561453046389094e-03 7.711363253026608938e-03 6.828738239463941206e-02 -2.854030793296460575e-02 2.244255995268173987e-03 -5.292652304098117468e-03 -3.275642175732397521e-02 -9.387355732406101050e-03 1.974893812261895032e-02 -3.643414967481171246e-02 -1.816125374963271574e-02 9.889882633672162499e-03 -1.149830924160808766e-03 4.706781957081807195e-03 -5.162448680495082196e-03 -4.120428104506241966e-03 -4.307273461580335416e-02 -4.152610289223729323e-02 1.130966608107550168e-02 -4.060821075214918890e-02 -1.624055265635926046e-02
2.446696581250436611e-03 -4.250607518404409240e-04 2.008991917313425815e-02 -1.067258679799583214e-02 -4.090821444950783897e-02 4.462608068835954150e-02 1.327037514373958886e-03 1.771801904119278941e-03 3.858723987492091584e-02 -8.881596621946918945e-04 -1.086795018447033259e-02 5.429007592447320819e-03 4.389260611385656374e-02 -3.531999096785739655e-03 -4.986159878433675183e-03 -2.655979192443743558e-02 1.465432052009554321e-02 3.884158746234225856e-02 -6.911637434776284408e-03 4.291104433145359609e-02 -2.200249227541558467e-02 -1.060269020414611636e-02 1.477757346314496900e-02 2.456919722431689240e-03 1.224566725877069585e-02 6.859939266581024410e-03 5.903522648122713941e-03 -2.834454485528006829e-02 1.086620345162926660e-02 7.974604454676480214e-03 -3.488931292909999444e-03 1.634719378560614209e-02 4.311349502002020939e-02 -2.291217736192065549e-02 -7.072997971118239781e-03 3.502395651480073174e-02 -1.591794666964803026e-02 -1.670012284144778425e-02 -1.075864795992586892e-03 1.251549016440741020e-02 -1.893052370316982693e-04 -8.159114589185884406e-03 -4.580031165661860131e-03 1.176259090572727081e-02 3.217589661890799674e-02 -1.479848282299687894e-02 -7.407728165504979005e-04 -5.686594374130647146e-03 4.144591905575373963e-02 6.848381454908822157e-03 -2.892026751011917210e-02 -1.455288260614717548e-02 3.295513158094182625e-03 1.342125604781710738e-02 4.796155737683502687e-03 -1.905113692257848906e-02 -6.090652222379170852e-03 1.073745772197431426e-02 -3.451982379715008015e-02 2.043770937534804440e-03 1.237775542813593756e-03 1.698377166147686454e-02 2.988235513127493730e-03 -1.590719970167967651e-02 2.964481992765906695e-02 -2.194424973517171765e-02 -2.155467835029444001e-02 3.376748331298008027e-02 7.026410653326930177e-03 -2.676499277524615854e-03 1.355511994527063566e-03 -2.214384817438245796e-03 -2.147331643553237676e-02 3.225953373494316878e-02 4.348143400941534981e-02 4.261903661519828024e-02 -2.208662463870453632e-02 -5.810582895814863161e-03 5.111062050730603296e-03 4.316643083557596822e-02 -2.174456422937073863e-02 1.917934034600333060e-03 -3.555790589805023910e-02 -2.488628319821671250e-02 5.745684612190642832e-03 -4.046488400524252821e-02 -4.335413169322612122e-03 1.266690114117664627e-02 -2.830319528692245776e-02 -1.105513461705067910e-02 -1.693824374848365566e-02 7.911031525273734891e-03 1.006498074124046599e-02 -4.545597353754344573e-03 -1.907772700773069374e-02 -4.683507268450364663e-02 4.417986663471880349e-03 5.974095947231449107e-03 1.642409262159793756e-02 -1.383264294514233508e-02 9.890128931978161078e-04 -1.471241207270920564e-03 -4.111927488900661738e-03 -1.104507101750309972e-02 -3.543106188146340207e-02 -4.535489111521905786e-02 -1.712860492789850322e-02 -1.477471981327496166e-02 4.997995229687733111e-04 -4.868943742123919144e-02 2.796682259653948503e-03 1.132561904047201494e-02 1.342659044490250586e-02 3.030373377594124118e-02 1.709982759216610582e-02 -1.471247485651931523e-02 4.151949156984800771e-02 1.506812609058441957e-02 -1.534849835789189008e-02 1.269950367538717241e-02 -2.249319492513472771e-03 -9.349682787165200862e-03 9.242963644706989057e-03 3.450013593469307416e-02 4.433559593728363807e-02 2.431893109707377373e-03 3.268192626203128559e-02 5.847147232877606543e-03
1.077442327011905905e-02 1.215422576855929894e-02 -6.370145084103871237e-03 -2.100851374071582671e-03 1.190608902948073894e-02 1.327037514373958886e-03 2.715124801645504848e-02 -2.305297702883154359e-02 2.079581632740632510e-03 -9.489620068871964381e-03 1.267014739038352031e-02 -1.275773096102133901e-02 -3.997859588315682286e-04 -1.608248202792179546e-02 -8.291103234747422210e-03 2.261617920089753833e-02 7.185581461904666338e-04 -1.027489376569803124e-02 2.873055905013308792e-02 -7.888752775170653972e-04 4.854005019559159625e-03 7.999682644784265190e-03 -1.361452908959941317e-02 3.981791388995873857e-03 4.325882510265643618e-03 8.930872748779121462e-03 -6.498521522435011209e-03 2.901893816827537387e-02 8.564475349206448693e-03 2.280448826526595626e-02 -1.649721513853205992e-02 -5.971770006663565042e-03 4.448496864819826238e-04 4.723954547822814716e-03 1.447165924744781354e-02 4.833140651567286762e-03 -1.851696924265257976e-02 8.406794375162359931e-03 -2.964724576130429307e-02 8.144900576830605907e-03 -2.124172710799912545e-02 7.221775420632721085e-03 1.558744707974430398e-02 9.380937125173903143e-03 8.405406699411621316e-03 -1.028531275802696543e-02 3.557281116296398971e-03 4.599308070552606703e-04 -1.216297057804544625e-04 5.515351977821880691e-03 -4.616904516318452202e-03 -1.108113261555089026e-02 1.137608386533539573e-03 2.336338348650161129e-03 1.795735311191381731e-02 8.024020163773253403e-03 4.268092096665891677e-03 -1.102436622401372149e-02 -6.646777197781370689e-03 2.980843773514437953e-02 -1.072831096239274667e-02 1.919435580646023168e-02 -2.154046255735076604e-02 -1.019841251498178510e-02 4.982550046560545003e-03 7.681786855837097715e-03 1.000469956363098274e-02 -2.697620793221561925e-02 6.427884920055219539e-03 -5.498736997971025858e-03 8.491494931440012398e-03 -1.096437576086852286e-02 2.452271085844571347e-02 -2.592259209874600567e-02 -1.615937351840739285e-03 2.552994099917793493e-03 1.007066124750417499e-02 1.439783453455577636e-02 7.738172750799650508e-03 -5.939620679260500550e-04 5.261444532528994529e-03 2.421636840075130914e-02 9.331161539436361174e-03 1.473462696346115527e-02 -7.590167488441489606e-03 4.659110257464999134e-03 -1.022877416444730250e-02 6.812680463653860742e-03 1.674706518121962806e-02 -4.215546748115299447e-03 -1.007473616937590820e-02 -2.070541953661833925e-03 -3.043457086025412334e-03 -1.658446302771708972e-02 6.445054907693566551e-03 3.547664506270915234e-03 5.850258383854187692e-03 -1.586727847147002476e-02 1.968103620395817571e-02 -8.159733730587680157e-04 1.599862826892722162e-02 -1.173870263486481366e-02 -9.840561378397965145e-03 -8.205182166704552390e-04 -5.073529787532622681e-03 3.140883018643122766e-03 4.417482933706785853e-03 -1.119268947416493650e-03 6.432233912247632343e-03 4.285560414731675975e-03 -2.776588147085855621e-02 2.688156102512069198e-02 4.551721444115935759e-03 1.422036133276977261e-02 2.022767346884769488e-02 -9.670692779333980860e-03 -1.195162887580043364e-03 -8.430565824907304898e-03 5.271290496127684598e-03 1.299460452835217135e-03 -7.825950547118138909e-03 7.863597623790484492e-03 -2.386620506215363135e-04 6.813721425120338251e-03 -2.092882346872302485e-03 2.909006115546402052e-02 -1.671762947316522349e-03 1.053729159035498956e-02
-1.347609436028796882e-02 -1.763869629831039260e-02 -7.142142251344599192e-04 1.197572338252526729e-03 -2.063861062887687933e-02 1.771801904119278941e-03 -2.305297702883154359e-02 2.579035696948642556e-02 6.809398785078524252e-03 5.112540842517117323e-03 -6.306672221804911389e-03 8.253986007107645684e-03 3.480759501622748917e-03 4.431032479620222557e-03 3.237991502422587434e-03 -2.545561319530044789e-02 8.233767807029611016e-03 1.930041203949092038e-02 -2.728821811058027014e-02 1.641027995973722529e-03 -8.297450803070495137e-03 -1.321830946691589237e-02 7.644027631574098862e-03 -6.121394106477206880e-03 -2.917790471650665539e-03 1.630397648387691854e-03 1.168709309190871064e-02 -2.240086507800360949e-02 8.031707570944386296e-03 -1.967540494038333768e-02 1.262749855807700564e-02 7.344094546072696406e-03 1.587506706894571554e-03 -4.584494295737070514e-04 -1.325387077452702678e-02 3.145136655916979350e-03 9.209929967188347152e-03 -3.545258286111295596e-03 1.745991733534605836e-02 8.633208878238780165e-03 1.723810249232658742e-02 -1.168440659906789907e-02 -1.316463371714281065e-02 7.984629366138929971e-03 -9.880561666275170830e-04 -5.431426687651213364e-03 -1.158551931842257028e-02 4.581406204999765100e-03 2.368781303862658050e-03 -6.641455262827032809e-03 4.572451146020930536e-03 -5.229151382908296675e-03 2.562263071937803758e-03 -1.055307354899819722e-03 -5.115704773295619810e-03 -1.496972860529246531e-02 -6.064652858609246439e-03 5.372276499030770314e-03 -2.284027148905741576e-03 -1.764432066882704389e-02 5.540344108868478466e-03 -1.851604430309735164e-02 2.604596659674713807e-02 -6.563453092480310211e-03 -3.828228623075206373e-03 -1.068465425108089568e-02 -1.178555456981361139e-02 2.986262021852737966e-02 -3.655805861468428095e-03 4.790004841554974628e-03 -4.872280238074120848e-03 6.514175749549801220e-03 -2.678695796576834043e-02 2.873804023652425793e-02 4.086210522713791364e-03 1.296463433768979317e-04 -1.958053237863909522e-03 -1.215192000564766991e-02 -4.797315390611464961e-03 3.178265713860309403e-03 -8.291556006089094780e-03 -2.742930546968283881e-02 -1.746263167389976861e-02 -8.912730760984302267e-03 8.516087727041713601e-03 -8.281820040396688232e-03 7.668523964497929446e-03 -1.010133391313551565e-02 -1.232313368017721317e-02 2.668442032418145895e-03 8.881072359780363325e-04 -2.954827647166548797e-03 3.796483549526928538e-03 1.222896081277520877e-02 -9.839780012597821451e-03 -1.439478611954829804e-02 -1.261315961152625550e-02 2.184480045773952092e-02 -1.028183586285116163e-02 -9.513858565323447813e-03 -1.237463025543636408e-02 7.184495809366018594e-03 3.895186523872692323e-03 -5.368414506184686786e-04 -3.305959801700681776e-03 -1.416530111147738281e-02 -6.617650565267054613e-03 -5.323445143905457429e-03 -2.296033728334506262e-03 -1.607794685865651316e-02 2.412608706606230932e-02 -1.754838098462052284e-02 3.347570635790831674e-03 -6.923703398964493189e-03 -1.058161329288215095e-02 -6.091692427115255604e-03 2.901492322062292507e-03 5.963844245021317735e-03 1.134812499885022282e-03 -2.422258595697644257e-04 5.366144354410173727e-03 -3.088651854898335700e-03 7.478422376023043409e-04 3.121748769244704538e-04 4.046674288874414945e-03 -1.669391409042356514e-02 1.327957163694593393e-02 -5.889940148259228438e-03
1.655911875849898005e-02 -1.618151179829360395e-02 1.939848670899156982e-02 -3.893256947583276489e-03 -4.622269307565349261e-02 3.858723987492091584e-02 2.079581632740632510e-03 6.809398785078524252e-03 5.898133706564515771e-02 -1.721147169932275497e-02 -1.492763964176246558e-02 7.819681315046613998e-03 3.938436894377039116e-02 6.021708377088605749e-03 -3.108597153458118531e-02 -2.492623971348190137e-02 1.694321784442784709e-02 5.513179577617897259e-02 -1.351135956746409190e-02 3.733280963516883572e-02 -2.182369557696415413e-02 -2.753267011841025944e-02 2.390118082445953987e-02 2.542416155357978685e-03 5.662553969821560590e-03 1.063804447086700612e-02 2.073550986260136106e-02 -2.288597141781568631e-02 1.339278113661805832e-02 8.528947018390742318e-03 -2.139163846184052864e-02 4.837697529667586011e-03 3.859599924929606879e-02 -2.544783531115016664e-02 7.177838370794716516e-04 5.040858465428512541e-02 -2.189064725960208554e-02 -1.450030054875816286e-02 -2.132409725143166040e-03 1.638039725696793791e-02 -1.487439712418584751e-03 -2.327099580206067400e-02 4.387030819943869842e-03 1.567611122147696823e-02 2.985817370186912706e-02 -1.627720551183778688e-02 1.158111572361290604e-03 -6.068275458109256403e-04 3.768674292987611585e-02 3.381143448536289356e-03 -3.708664462528529077e-02 -1.607808906062652143e-02 1.838658105039634935e-02 8.624985048295077950e-03 1.227391622713466107e-02 -2.619472659658869315e-02 -1.375253152953227927e-02 1.060867598191322057e-02 -5.157101630901524125e-02 2.943149229650972223e-03 3.295606755755135526e-03 1.817378814205014917e-02 8.763387537636554286e-03 -1.849644129204072729e-02 1.906625514173771255e-02 -6.868602605125868378e-03 -6.293198479815207379e-03 3.668013568504052690e-02 1.534382146414304399e-02 1.343520219116702170e-03 -2.667078017950033630e-03 -2.093609033611680548e-02 -1.662834032620006189e-02 3.549516614380085477e-02 3.980909074037284473e-02 4.025841102169305796e-02 -2.034294767890276745e-02 8.427590377411095859e-03 1.571996070187392167e-02 3.803838498728472073e-02 -1.002784606910063492e-02 -4.197907311178760564e-03 -4.370034988991634145e-02 -2.941129644173009691e-02 1.184772898750856632e-02 -4.087615286258121372e-02 -8.843812751455169948e-04 2.879330860817707824e-02 -3.530360314546793915e-02 -1.761816762808969018e-03 -6.888469810776879157e-03 4.576300439200196878e-05 1.509989168407690780e-03 -2.977865731183816081e-04 -6.529830382926231878e-03 -5.052101809946347999e-02 6.889750037606965326e-03 6.705979983193928115e-03 1.803397497532928731e-02 -1.874768638813053764e-02 9.695451148540781133e-03 -2.109638861844353314e-02 -2.965393375209919927e-02 -1.737215644689139860e-02 -5.255471094537990384e-02 -4.991519663902123372e-02 -1.175388665301358576e-02 -1.308962380874453303e-02 1.728472364317157654e-04 -5.289805049239553608e-02 1.067512420222202149e-02 1.329138829977090895e-02 3.843302276548656200e-03 3.177075812616923095e-02 1.964755255853152527e-02 -1.552033596894671769e-02 3.916869387754203652e-02 -3.062672989842407049e-03 -1.181146844093460858e-02 8.786557686569598444e-03 -2.234690361171932232e-02 7.502480834360295003e-03 3.891666429172398363e-03 5.037770187099728514e-02 3.588816129532349658e-02 1.855036581928311539e-03 4.210119164812956005e-02 1.973456477313563842e-02
-1.679359473825076110e-02 9.933552274042143151e-03 -5.378937878309913816e-03 -1.426060784986828665e-02 1.336887990214372796e-02 -8.881596621946918945e-04 -9.489620068871964381e-03 5.112540842517117323e-03 -1.721147169932275497e-02 2.672606450425653660e-02 4.778904881511255101e-03 -1.818697266519804902e-03 -5.463347599482719450e-04 -1.016954088428292241e-02 2.410661836309659425e-02 5.993011454143050767e-03 1.231473935239967878e-02 -1.174520664601224999e-02 6.278880921550255949e-03 1.595745410036023774e-03 -1.135562098764645450e-02 1.476177892672244155e-02 -7.336849054037936774e-03 6.413468000245971939e-03 -1.887824745914163467e-04 6.786870579004914729e-03 -1.417732862418874876e-02 -2.396446220265501144e-03 3.200329533389393872e-03 4.705279443513525096e-03 1.579156523625347211e-02 4.590671834614112358e-03 5.449550356133178123e-04 9.401359335016538574e-03 -1.663391489288488373e-02 -2.065963375743285271e-02 1.414114961509414098e-02 6.879041842483096109e-03 6.725388453915576246e-05 2.104720342692354123e-03 1.068176939176876221e-02 1.535305113740602530e-02 -1.888618734818526754e-02 2.245816863715645751e-03 -3.388371388077909049e-03 -1.633401797156273753e-03 -6.684080912162247874e-03 -4.966364071481378997e-03 1.747829876275020053e-04 -6.569201315590504457e-03 1.330959936320586824e-02 -1.900110207792659591e-03 -1.716830888381727302e-02 1.672651449640243440e-02 -3.796193491414732047e-03 2.334618297074634533e-03 4.915624098822531270e-03 -1.126673062705738516e-03 2.145628844466848650e-02 1.245986186168352361e-03 -1.140428806576234593e-03 4.524181805030660572e-03 5.004730706715708292e-03 -5.609573545024261693e-04 4.341590128195716401e-03 -5.244350939841376652e-03 -5.909388046845954860e-03 -5.409561278801095288e-03 -2.792850112270741248e-03 3.038669475899390560e-03 -2.906575439798052361e-03 2.842914154454651704e-02 6.015388418697362356e-03 -4.979228626709478189e-03 -7.446555332240834772e-04 -1.134853977813176658e-04 4.524789948265642639e-03 -1.576237008866835862e-02 -5.595082404703220075e-03 8.854809162272105419e-04 -3.898820188893878727e-03 -3.433371911451057155e-03 1.438192833290352461e-02 9.542494454670969600e-03 -5.027564644524672340e-03 -2.330757875350245988e-03 3.090735623580118368e-03 -1.462731422681193619e-02 1.095337358839548053e-02 -1.581956498352119975e-02 -1.174524722158142194e-02 -5.729059521750502933e-03 1.448981711243087223e-02 -7.340093299343301673e-03 -4.222291314434600297e-03 7.624345621418116871e-03 -9.509844782865995924e-03 9.138443034411979776e-03 -9.415061079480405506e-03 -5.291038559616888931e-03 -1.742323388327647257e-02 2.766665812055935092e-02 2.374504216550752875e-02 5.572940050232290735e-03 2.167051230621664173e-02 8.664869314749173296e-03 -1.252694116965325302e-02 -1.025201047654848187e-02 -1.915003165726444261e-03 9.192850323916581731e-03 -7.411190002663657281e-03 -7.158814000259770827e-03 1.302019570286223199e-02 -8.312689872859367959e-03 -1.109986997220906157e-02 -2.424819322363827405e-03 -5.886328975160052667e-04 1.067838750773485341e-02 6.593579852567019173e-03 1.578344160191195306e-02 2.197193754496549328e-02 -1.866195314574766589e-02 1.415702175713854684e-02 -2.050783951844951242e-02 1.142827292826884824e-03 2.680869095269576303e-03 -1.351670826300416239e-03 -2.453459982341281431e-02
-1.337306705901739577e-02 1.536871474239866371e-02 -1.783979614066649733e-02 -2.470994421194752481e-03 1.822683453285591990e-02 -1.086795018447033259e-02 1.267014739038352031e-02 -6.306672221804911389e-03 -1.492763964176246558e-02 4.778904881511255101e-03 3.278357205707633365e-02 -1.712590736099584704e-02 -1.246284597208964853e-02 -2.652166648172444435e-02 1.239273077241102861e-02 1.476571552756295730e-02 2.978184950545874256e-03 -2.416464528740048731e-02 2.749339207140579638e-02 -1.246045594069746833e-02 4.934599191543669397e-03 2.134814958062341769e-02 -3.648387617242224157e-02 -1.012749027327085154e-02 5.695948119788718164e-03 8.375765815152130117e-03 -1.775914321965209319e-02 2.918199288114205550e-02 2.787977233490085416e-02 1.235313555239089291e-02 6.591900217417513176e-03 -3.711514916215945194e-04 -1.102028223435601306e-02 1.722610227008354589e-02 -3.247907220086732115e-04 -8.082318115050734358e-03 -1.244621863592207736e-02 6.680478698970548218e-03 -3.481022457619847160e-02 2.586450735183088573e-02 -7.712900628106113092e-03 2.192535833337332443e-02 -1.124115325482264588e-03 2.799835119404529143e-02 -2.500412152842506047e-03 -2.520820043509543890e-02 -1.585388130151044878e-02 1.891500557743761024e-02 -1.108968039401111993e-02 -4.405330645462760333e-03 1.052633605926921526e-02 -2.680226973332973384e-02 -1.425298449986663399e-02 -6.812329821965170296e-05 2.942940425655052317e-02 6.044803380496022345e-03 1.946232171800850105e-02 -1.016428668076354604e-02 8.068120707951591253e-03 3.479009490067871274e-02 -1.670278300183332745e-02 2.194689993281923827e-03 -3.973419991371645969e-03 -2.423551232832968361e-02 -5.446848649734744967e-03 2.799603892226668967e-04 2.947876308091163140e-03 -2.663304417261327592e-02 6.535078372087767436e-03 -1.496905626363658794e-02 1.740847970933968175e-02 6.305104659693821882e-03 1.412997424808220930e-02 -2.533391502226186448e-02 -1.325214050653773096e-02 -1.037060254079398038e-02 2.016596416772734740e-02 -5.429735530020243610e-03 4.743033310478451774e-03 -1.001413689996666703e-02 1.236072656330606786e-03 7.933461427088032633e-03 1.660380301629598918e-02 2.248281175323667974e-02 -2.120024773722015837e-02 1.721276692242833944e-02 -1.630741318150106048e-02 -1.982679913747097469e-02 2.325794580051432012e-02 -5.957928952025354739e-03 -2.311178795555526855e-02 -2.707710670393971130e-03 -1.610176241006247349e-03 -1.624642904384422659e-02 5.415345093425278809e-04 1.128686725002518015e-02 -1.501884884226107469e-02 2.802359391792859367e-03 1.855852624846357143e-02 -7.342663522737106346e-03 1.276833677040299750e-04 4.893514892561516734e-03 9.323644311194628082e-03 1.458227444428134359e-02 9.726108019821785508e-03 1.045851905094612004e-02 -3.063411768805960125e-03 -8.522658359112297854e-03 1.186780005089248247e-02 1.150854349788136936e-02 -3.049412781555445318e-02 2.071086883795436595e-02 2.188519607453046079e-02 -5.500046122834379141e-04 1.689998907851816834e-02 -2.580680324560519559e-02 -1.256329563734805838e-02 -1.571547053273646523e-03 6.503057103506870197e-03 -8.727202351376837442e-04 1.219853914022983599e-02 2.081801400446160050e-03 3.909744734246175840e-04 -9.259619199822110430e-03 -1.175435908837806943e-02 3.642291771912690296e-02 -9.383849450564711939e-03 -4.033910370077364513e-03
-1.975583393638331939e-03 -8.997721809261753287e-03 8.802432852038641689e-03 -5.207115622539115751e-03 -1.749176782375655437e-02 5.429007592447320819e-03 -1.275773096102133901e-02 8.253986007107645684e-03 7.819681315046613998e-03 -1.818697266519804902e-03 -1.712590736099584704e-02 2.132016603289885875e-02 6.986387931605563678e-03 1.348999576072777359e-02 -3.059396156798763027e-04 -1.643732842155715482e-02 1.007654999599474807e-04 1.246017955551786266e-02 -1.568419193978064577e-02 6.912278176351635550e-03 -1.990450014539244319e-03 -8.381894956398740562e-03 1.911032442333102793e-02 3.048161587435073427e-04 -2.805281008540658379e-03 -9.471932195785173411e-03 4.972563554524520209e-03 -1.551839506383061000e-02 -1.300703608049082367e-02 -1.660703470511425139e-02 1.948340395399435210e-03 2.366305652062989946e-03 6.922001020344557311e-03 -8.209467898738420297e-03 3.294681342894565865e-03 1.130638259753605039e-02 1.364564661707590686e-02 -9.320317440726432617e-03 1.888111785093689321e-02 -1.270028529987663433e-02 8.587937182923414611e-03 -6.138145331492391929e-03 2.641035978570831916e-03 -1.293122228174876584e-02 3.890227965761253095e-03 1.330449786920557577e-02 1.509786135671458730e-02 -6.296139510615225525e-03 6.955911784285302019e-03 -5.677582631901116964e-03 -1.091898794927644890e-02 1.329703135973353198e-02 6.213319504679014641e-04 -1.853650415958462113e-05 -1.562578136775787455e-02 -1.169837459217991024e-02 -1.238782879717557732e-02 2.909867961386730217e-03 -1.015862163880618466e-02 -1.817688723200519205e-02 2.079011558998785161e-02 -8.553758132861513305e-03 7.683634758875547421e-03 1.322152692728143300e-02 5.422151856125289639e-03 -3.385420430426623693e-03 -4.771560108726172374e-03 1.392479166166989135e-02 -5.241891809224978951e-03 1.165221750600734310e-02 -1.459057211677665736e-02 -2.981698656167351864e-03 -1.628025973536665130e-02 1.331258833063158308e-02 7.873775591523414843e-03 5.183112009897587226e-03 -9.827945042900337186e-03 -2.840431685054974585e-03 -5.320436979543318422e-03 6.488187062329716336e-03 -2.888984796890604976e-03 -1.010293500046939054e-02 -1.711884502817002593e-02 -1.058943854484031312e-02 1.296285166057714947e-02 -3.604792689982675487e-03 1.591478854832478057e-02 4.893849412180357149e-03 -1.236350455500497859e-02 -2.478448061730386277e-03 1.452396224711564529e-02 7.730539387729775183e-03 7.033653117460821405e-03 1.470897036876753737e-02 -1.628249898395036114e-03 -8.673368422546458636e-03 1.416908453001530788e-02 -1.495798163134456687e-03 -1.558638881715086570e-02 9.382018489876181935e-03 2.826431913081380379e-03 -1.444822890046646097e-03 1.127158181888396121e-03 3.872210043444459463e-03 -1.084077139726433506e-02 -8.126827767768239272e-03 -4.410657585773431616e-03 1.043331439665177822e-02 -1.744946597322638224e-02 -8.980130495412155106e-03 1.588845763570961508e-02 -1.725022591523609275e-02 -1.142896953018797228e-02 2.126318648550971913e-03 -1.621176589671661367e-02 1.286894300259574901e-02 7.387255886611343060e-03 2.522900183357428862e-03 -7.102751258576621950e-03 2.045995221049064575e-03 1.060485708703218189e-03 5.209020144894394196e-03 6.116657235352254349e-03 1.116568828697337736e-02 6.664026991480472353e-03 -1.937838266763477341e-02 4.572445876934850108e-04 1.471778462890353193e-03
