4.768479845430142333e-02 8.002901342930107687e-03 -3.634754112056231504e-03 2.617009918200820240e-02 -2.266516539269480303e-03 -5.303566486139632552e-02 2.957781511631678642e-02 6.291596121874475783e-03 2.102965535260370791e-02 2.758824870600453880e-02 -4.477551708792634061e-02 -2.006693269052869585e-02 4.693018990193299940e-03 -1.417394390178169927e-02 6.858424878797386541e-03 8.416028011135312167e-03 5.298275084370496907e-02 2.471667490042941950e-02 -1.660612314225137082e-02 -8.113384813072768362e-03 -8.485866716090528783e-03 -1.011289616913588641e-03 2.228672131547641475e-02 4.570205663814971841e-02 2.917752874470680782e-02 -1.591882338454769091e-02 -1.202385382237587327e-02 1.871323484058149897e-02 -2.834636691128443724e-03 -1.543813497969084847e-02 1.519128928977166691e-02 -8.092330099823925177e-03 6.207490420042623483e-03 -1.564344328960814642e-02 2.058510542038795646e-02 -6.705758637681979301e-03 -3.807905575443248231e-02 -1.341752397239363674e-03 3.229209266975104076e-02 -1.478443429219014572e-03 4.454025515623752374e-02 -4.265209987691308963e-02 9.516933870224683970e-03 -7.393722764203118462e-03 -1.381968178093851730e-02 7.456455885520208229e-03 2.790721414772911677e-02 -6.628510381020824918e-03 -8.248573143612589198e-03 8.899836100618074147e-03 1.737137153235976395e-02 4.234898418085759203e-02 -4.606430789713398394e-02 -4.046872995209790241e-02 3.367148215758077739e-02 -4.807837659436181577e-02 -1.000894785830396677e-02 -2.870099122643598923e-03 -9.158147488210428844e-03 -4.264863531928377027e-02 3.292600002184606356e-02 -3.740570320558691403e-02 1.155428692604882658e-02 3.796371623813114826e-02 -2.632567312853127672e-02 1.269808869648746813e-02 -1.036488132464463523e-02 1.839662635437155913e-02 8.939235848189624675e-03 2.527259685638904435e-02 1.031543375213068645e-02 -3.226867147454672013e-02 1.494492911203805334e-02 7.629927315451188498e-03 2.377187112110840106e-02 -4.166320728219181403e-03 3.223867010872120097e-03 -2.691326786606498128e-02 3.765684917623162570e-02 -4.172781620757654020e-03 3.046150832883121051e-03 2.556236543607586648e-02 -4.241669845747932620e-03 2.481251100999387095e-03 3.844643896176234976e-02 2.311501547297376349e-02 -1.881579612521213848e-02 1.239137419993603662e-02 4.217890092701070265e-02 8.395598960596370453e-03 2.511616706647101099e-02 -2.098541433912086071e-02 2.505575517452476864e-02 -5.113592220967793029e-04 2.078335734591302969e-02 8.960895606442195044e-03 3.141810971367162836e-02 3.512949665654840209e-02 -1.321568337979384285e-02 1.237981367518651253e-02 3.893638832025493688e-03 -2.390229693274762909e-03 -2.926913659305731968e-02 3.386840434599744376e-02 -4.485551562821779039e-04 9.886521817467823145e-03 -2.894058494704458695e-02 -1.076309587622103180e-02 3.121552373649297968e-02 2.057031611706263904e-02 2.758142137992798670e-02 4.511876068743286838e-03 -6.619318876302170921e-04 1.757746014325498388e-02 -4.445963232926283121e-02 3.931628646640349806e-02 1.020160935864687299e-02 -1.937238509435330186e-02 -9.351588469505111093e-03 1.435392408226662808e-02 1.724134820900511192e-02 4.884012047341526608e-03 2.965786492483868560e-04 1.992106410441771280e-02 1.095547069792345875e-02 -3.091636782926645080e-02 2.424109218696447743e-02 -5.510776134878975392e-03
8.002901342930107687e-03 3.399253678410883717e-02 -2.755594907194496013e-02 3.419923267547025914e-02 3.849669322083981455e-03 -2.221506149595922283e-02 1.660099391256437615e-02 -8.751809163463731417e-03 -7.281821230611068389e-03 2.609619382390447953e-02 1.064788052851841152e-02 -1.169891315963105492e-02 -1.073906197523375947e-02 3.529711031115436663e-03 2.195369123931901686e-02 1.672591988347530215e-02 2.695239175537092122e-02 -1.004110778732582006e-03 9.533236264984194797e-03 -2.337408253505078234e-02 8.747564762804220170e-03 -8.533934431039117557e-03 -9.573033037808551318e-03 -5.174353367737854516e-03 7.312968708531464822e-03 6.511562707251498071e-03 -2.888868711545324389e-02 1.447629608089565437e-02 -1.551593723499165162e-02 1.288260166653369546e-03 -2.494570956843163070e-03 5.838820798898516559e-03 -2.715186724952950784e-02 5.319022381358946882e-04 -2.559325230535349979e-02 1.743012441134621227e-02 2.029321363188270680e-02 -6.514414093425581129e-03 1.251578520929873435e-02 -1.121530382852208539e-02 1.573029855007815683e-02 -2.127528020924242258e-02 -1.082440157350272013e-02 1.342703556130479987e-02 -2.256649477699234491e-02 1.752162316083783963e-02 7.218716457865261352e-03 -1.038747655552453748e-02 -2.014187183035993575e-02 -7.891341374097113597e-04 1.080399338217317116e-02 2.104884067064453565e-02 -2.552419214450098867e-02 -1.606121138941500257e-02 -2.675275380187073365e-02 9.705574877384234508e-03 -4.266365195458849888e-03 -3.892976563036099069e-02 3.229114190226294728e-02 -1.152165590208672867e-02 2.115913784921989380e-02 -1.822462715292494026e-02 1.714716800203329103e-02 3.775374926753843202e-02 -1.438346646338001592e-02 -1.007305908035737059e-02 -4.621011411506044690e-04 -3.819520535508467290e-03 -1.056920648970196761e-02 -8.725661623822333207e-03 2.976097205641759836e-04 2.265917086641105332e-02 1.293738520866251178e-02 -6.696328109745027825e-03 -9.127343137071594311e-04 -1.522221153190110067e-02 9.723094577771543984e-03 4.859045446574295244e-05 -1.003648628262019012e-02 -1.966546164761232007e-02 -3.619855774827186734e-02 1.673674695636297172e-02 2.537185253408782634e-03 -2.481955356374232415e-04 -1.970808325749134893e-02 2.689879732741172133e-02 -4.898000231614177934e-03 -8.057969574498283910e-03 1.703758401618833684e-02 8.404482330348409663e-03 3.444313264693060067e-02 2.355538098946746706e-02 8.540496668085246698e-03 3.046148715055462149e-03 -4.614711733953348258e-03 2.579056737360138282e-02 2.617742035027770947e-02 -2.552272454067498753e-02 -2.527898906639016591e-02 -1.993911715866946224e-02 -3.708275967770421899e-02 5.050780339921596453e-03 -1.080787021540261829e-02 -2.489468718130913565e-03 3.270626452464697048e-02 2.287280395651061435e-02 5.512833430334498040e-05 4.805463199807857161e-03 -1.205356470521837774e-02 1.607452995964000694e-02 7.861732523394589570e-03 -2.004681233734768864e-02 -7.525323966792517132e-03 1.162170014670916088e-02 -2.238172406510593668e-02 3.648598712472071043e-02 -2.902148467289395774e-03 2.725422421262812395e-02 1.895054084861185970e-02 -2.167553464259209042e-02 3.776171239896326109e-02 2.367232366368813429e-02 2.277665702173722884e-02 -2.436981679261153791e-02 -4.865131765431948696e-03 9.916856518646906607e-03 -2.318126909657514459e-02 -2.168988706595838603e-02
-3.634754112056231504e-03 -2.755594907194496013e-02 4.827838473108237577e-02 -3.132406436564431906e-02 -1.022597206741529714e-02 2.113281396388252617e-02 -1.062305371146030596e-02 1.235075012991232284e-02 1.330407001350150838e-02 -2.552828579015017224e-02 -1.988408615945186711e-02 1.107916182035879535e-02 1.155747128264421678e-02 8.643492050648673639e-03 -2.119428289589133513e-02 -5.331864531833327772e-03 -2.488931289388397403e-02 -1.975611891821460377e-03 -1.647657100370755745e-02 1.713169836947936453e-02 -1.147878700670450225e-02 -1.642852597555689376e-03 7.137534672345764199e-03 1.824409486974435182e-02 4.293419669123037935e-03 2.457476264840801521e-04 3.409569525918369759e-02 -9.988802732587603178e-03 2.289677979846171593e-02 -1.287534694296520524e-02 -8.742128293794178707e-04 -2.252697363302983563e-02 3.684674410143345957e-02 -1.033582485540908598e-02 2.766238442654240029e-02 -3.477849403303219684e-03 -3.147162296916541924e-02 4.115651859435304726e-03 -2.299689711662836677e-04 1.361428902112767243e-02 -1.168189139313462709e-02 2.593634744932356989e-02 1.922871374100391549e-03 -2.395575470735773066e-02 1.379230788056285198e-02 -4.964788579873735327e-03 -1.410820724933151832e-02 1.727174977555118174e-02 1.459983754801936519e-02 8.133271105618984989e-03 -7.446948310565236831e-03 -1.685563445329717885e-02 2.762260906761245319e-02 4.469509175930136760e-03 4.514022542813986988e-02 -2.715534286901323535e-02 -2.499929137097153201e-03 4.112115062159078793e-02 -2.619332991004056851e-02 7.072651549069652703e-03 -2.240732460200753687e-02 3.315816490503157698e-03 -4.774216578246268973e-03 -3.771271694748645764e-02 2.637532584514177452e-04 9.087665206315272137e-03 6.008303483644828608e-03 2.302117528218682735e-02 1.818354191143529627e-02 -5.761756584434004486e-03 9.982212683778466863e-03 -3.314734439358510421e-02 2.142728879686894503e-03 1.216659527936503685e-02 1.470614745835429997e-02 1.403866360891719775e-02 -4.682058542108683691e-03 -1.095526828240044569e-02 2.650071664226370458e-02 1.584445730265277019e-02 4.993876172452121204e-02 -1.024766793880509119e-02 1.149364218686761523e-02 -3.788436195738673594e-03 2.688853074834321455e-02 -2.176164597622641875e-02 -6.358306092571674485e-03 2.875590591787304320e-02 -2.258676815259959628e-02 -7.397937385827267967e-03 -3.075268818464145168e-02 -2.378879071304496398e-02 -1.430620310439212513e-02 -1.525929188358351833e-02 1.425344818979974726e-02 -1.973510898786036069e-02 -1.365410468509938198e-02 4.467856733867164865e-02 1.745679762693433737e-02 2.528937687425647160e-02 4.190177331602992772e-02 -1.709806930089952104e-02 1.008251354871940106e-02 -3.743443876946825864e-03 -2.647828063791160882e-02 -1.744174377285949776e-02 -4.756181584379126637e-03 -1.722124821027944119e-02 9.498078590614425498e-03 -1.131806845536269431e-02 1.388012660016826882e-03 3.146127364248053199e-02 -6.042788438870514041e-03 4.752690655572045821e-03 1.880259411782926951e-02 -3.462170912013072532e-02 1.721827873148830748e-02 -3.470277112119325713e-02 -2.608344072571572303e-02 9.023910857171127051e-03 -3.670106881692020151e-02 -1.981283592306535765e-02 -3.764952143793189737e-02 1.861817177552863023e-02 1.351194973880073293e-02 -8.681999147103040826e-03 3.789375685541669647e-02 1.908772280648021388e-02
2.617009918200820240e-02 3.419923267547025914e-02 -3.132406436564431906e-02 4.683214817612177394e-02 1.001665077248098043e-02 -4.928312809242783865e-02 2.199507573088949758e-02 -6.163411021513010707e-03 6.767305187031110586e-03 3.913502385387025023e-02 -6.964371818105921132e-03 -1.225454225385087803e-02 -1.204007588520792857e-02 -4.049718964863656748e-04 2.369038251081383162e-02 1.182815228206151974e-02 5.314999139141670520e-02 1.637390241587094453e-02 -1.890814863993480052e-03 -2.822832179340208428e-02 9.293897580813221052e-03 -1.942409758652474585e-03 4.761863729949310925e-03 1.511145504516745418e-02 1.676091488975227708e-02 -5.860316010912700393e-03 -3.023622828526531872e-02 1.283478981721614641e-02 -2.180696683243198500e-02 1.520336842344645160e-03 4.399806455916130399e-03 1.408586767648006312e-02 -2.228820780006270444e-02 5.222073987691291420e-03 -1.112162307005411244e-02 6.086422539081106330e-03 5.558967312256142979e-04 -5.994203239105571311e-03 2.851214093278945164e-02 -1.344867288648642079e-02 3.734829422422825118e-02 -4.695973354082503409e-02 -1.433373874641130728e-03 1.319242759846193068e-02 -2.941243077063783115e-02 1.236661115061822407e-02 1.613925868420262866e-02 -5.714306705701142214e-03 -2.464000836577355871e-02 -3.802046212535443136e-03 9.631747703730500487e-03 4.052323611641890644e-02 -5.157760619738335772e-02 -3.760535569943495443e-02 -1.101120162558215203e-02 -1.210850212662118938e-02 1.903352497123514744e-03 -3.434560079301923752e-02 1.768922530141275873e-02 -3.789334596725504184e-02 4.349350551480973825e-02 -3.791785190184700921e-02 2.555728487940430935e-02 5.170727870206451304e-02 -3.095469601543396343e-02 6.747265379901163816e-04 -5.974553432215294439e-03 -5.075206414321160354e-03 -2.283309025700784242e-03 9.446542933035335238e-03 -3.987828771644563904e-04 5.228906705126270919e-03 8.403084294958061348e-03 -2.362377464518207459e-03 9.135489093895398510e-03 -2.248720882694895534e-02 1.034857477562555958e-02 -5.486240542084921956e-03 3.350444663122152406e-03 -2.275830748851136176e-02 -3.345275773067844099e-02 1.851420053011492914e-02 -9.588625264284441480e-03 8.114140507827096935e-03 1.282363771536646543e-03 3.828380072427330083e-02 -7.368358729056335467e-03 -8.746805845514807332e-03 4.185437086209271851e-02 1.571597773224064562e-02 4.018570712654511573e-02 1.104548965145576121e-02 1.604948247192985317e-02 1.313476832809099860e-02 4.827180684933026454e-03 3.185519360700091174e-02 3.885949117214386461e-02 -9.347549958599482914e-03 -3.091852574038498475e-02 -1.527324147386445279e-02 -3.100596348465789118e-02 -8.190837735579190731e-04 -2.288155600268917608e-02 1.830209249487592393e-02 2.293185110879429958e-02 2.944156121507392546e-02 -1.751009192957545327e-02 7.432320513823953076e-03 4.589526188737834411e-03 1.482657237252260791e-02 2.395350908910666432e-02 -1.979919022852396140e-02 -2.929202147514420925e-03 6.643962954180940642e-03 -4.858064706105268832e-02 5.779165317344028829e-02 -4.380225034948066754e-03 1.419240975034710174e-02 1.059546761092460855e-02 -4.483295002758717722e-03 3.846063748823855266e-02 2.720750351982469117e-02 2.294531488936437866e-02 -6.204653699546664597e-03 -6.088071681113529747e-03 -1.152532372273283069e-02 -1.541711029024963979e-02 -2.120597204836505156e-02
-2.266516539269480303e-03 3.849669322083981455e-03 -1.022597206741529714e-02 1.001665077248098043e-02 3.324470727603651143e-02 -2.145649951477904618e-02 -1.261326219570197381e-02 1.086437811204216466e-02 2.045476831366228963e-03 1.622475791298585296e-02 3.754428452360129582e-03 -5.969195990750799166e-03 -2.905439581843308194e-02 1.060187366517796603e-02 2.365933740092655314e-03 4.101086403404169758e-03 2.281767930519058157e-02 1.619880876402358602e-02 3.458499791626746221e-04 -2.875381767176427017e-02 6.840859022916042677e-03 1.470546966410544824e-02 -8.428661083865448059e-03 -5.445400975139950972e-03 -6.571463062758858484e-03 1.724027499588533241e-03 -6.183311425311708957e-03 4.516388874056587177e-03 -4.756616306804399997e-04 6.818541371702288752e-03 -4.990661269754030280e-03 1.795130655071193113e-02 -2.379635415045409583e-02 9.764526423428820587e-03 1.597590186765167342e-02 -6.104972171803647873e-03 1.719632413847319279e-03 1.430504255031977284e-02 4.538397691130826618e-03 9.884433779839130532e-03 1.268845930739468872e-02 -2.718090130456821130e-02 -5.426367354900889575e-03 6.189686456982070040e-03 -2.822392878720155276e-02 -1.708783395582689352e-02 -9.867869380417717759e-03 1.212670496540559214e-03 -2.768831379039460305e-02 -3.016343734315452343e-02 9.207984959920373011e-03 6.310632519213718074e-03 -2.351593252712505522e-02 -7.380310351566462743e-03 -9.291615125436582592e-03 4.967611494742755693e-03 8.195964536731844760e-03 -1.869884987825918415e-02 5.835774720928084761e-03 -2.099108455344359317e-02 2.348867749550433148e-02 -8.500035704305389586e-03 7.284820366421822582e-03 1.267389839483794474e-02 -7.265916873215906568e-03 1.403896815949423789e-02 6.372260789975806375e-03 -2.469186594775801130e-02 1.376191456112616993e-02 4.568767626486380622e-03 6.971907742237029929e-03 1.235755030446849525e-03 -1.916444442799842759e-02 -6.490073090251627201e-03 -5.911977679449678495e-03 -2.976627179734594314e-02 3.953721243797021084e-03 1.135481191252475826e-02 -1.429873019436815433e-02 -2.815252153639112576e-02 -1.242978203061266475e-04 1.054484685014295839e-04 -8.438463782982286859e-03 3.035400368582078998e-02 5.251893842412038663e-04 5.290156288215695085e-03 -5.925072446475046148e-03 -5.583896822235593499e-03 2.503576640655911026e-02 6.662523356583017510e-03 5.959583690191130011e-03 -1.333573833979649972e-02 -1.203094094888227869e-02 9.753158424327390552e-03 1.477142341724914550e-02 3.437354560309108242e-02 1.984756571975907890e-03 -1.103455581966900946e-02 -2.771807201125274511e-02 -2.309547617248407583e-02 -2.093913870254806783e-02 9.015085014894286264e-04 -5.749956189675171914e-03 8.501474006633963311e-04 7.033604202099588525e-03 3.041074082225017974e-02 -8.973152637359501846e-03 3.475421608538539243e-03 -3.008188985682778201e-03 4.986416934871359605e-03 8.968630887846447408e-03 -2.443332548382401437e-03 -8.903034994943798347e-04 -2.220436236156741322e-02 -2.409671471463497097e-02 2.331129278571773822e-02 -4.279532354633571595e-03 -1.300512117495818132e-02 1.868725867004084051e-02 6.034281193893492254e-03 2.618619312921374991e-03 2.916438617609888248e-02 8.041976037743219733e-04 -4.382844485019375680e-03 -2.928660720129996203e-02 -1.379230366925324192e-02 -1.928023577656394483e-02 -3.704327914051961171e-03
-5.303566486139632552e-02 -2.221506149595922283e-02 2.113281396388252617e-02 -4.928312809242783865e-02 -2.145649951477904618e-02 8.711035571624708984e-02 -2.824967419272075841e-02 -1.210141834213646246e-02 -3.882962066322218075e-02 -5.125887420684228923e-02 4.502168809404594879e-02 2.511958722310338177e-02 1.801051204773979064e-02 1.722584974316933217e-03 -2.278409766134327843e-02 -6.890483263234548940e-03 -9.184214151263897508e-02 -4.769601958920938189e-02 3.175826989914504184e-02 3.565789946454781673e-02 3.283878645208718108e-03 5.166760561713370538e-03 -8.888039166583538986e-03 -4.536854567223764373e-02 -4.090586969273347917e-02 5.204780034013535908e-03 3.382118754640512509e-02 -2.275428751536522423e-02 6.697980403350473760e-03 1.306494958346651747e-02 -1.079191716507367331e-02 -7.142705366087393100e-03 2.304224176523721884e-02 6.461888411529722459e-03 -2.938899488770930005e-02 -2.196939298804479173e-03 4.050596849838290769e-02 -4.736112165743201936e-03 -5.697193057414680351e-02 -2.066816224532957297e-03 -7.081406440118311052e-02 8.014367474592982987e-02 4.571505985710089086e-03 -4.545916013248606745e-03 4.017964659825138535e-02 -3.593264375443187483e-03 -2.028148284362308457e-02 -1.315646359798479815e-03 3.476709253820842171e-02 1.310997860824886230e-02 -2.320544562809860253e-02 -6.574709208952110584e-02 8.107994316193077589e-02 6.668140338407804735e-02 -2.747082976803960977e-02 5.215938196750274924e-02 6.604738756756060349e-03 3.448083792687962196e-02 -7.184834219014711067e-03 7.631497213464215335e-02 -6.699758867731112066e-02 6.626194541690100248e-02 -2.997078322102120912e-02 -6.925065415737087504e-02 4.941173624703427275e-02 -9.990397041673017287e-03 6.410742404008454819e-03 -6.290966958772588498e-03 -1.206018370936801261e-02 -2.348931175879042862e-02 -1.581061433833068353e-02 3.254182676657195461e-02 -1.208577480277875805e-03 -8.726559178979853559e-03 -3.639787507468843220e-02 3.126788767735374369e-02 -2.230731824954894013e-02 2.326483147249930675e-02 -2.702683559993555168e-02 2.924971635394018124e-02 8.326662171075079749e-03 -2.948147529463375147e-02 1.678810123804500357e-02 -3.083764135532883824e-02 -3.984464978900427445e-02 -3.980720558469633130e-02 2.625567938202037072e-02 -3.370657721903815799e-03 -7.725678341668695825e-02 -1.964555162020841309e-02 -4.978906431982524361e-02 2.553332073396424526e-02 -1.597390216459131790e-02 -1.378313716447254061e-02 -2.479582949461217253e-02 -4.208956565675244649e-02 -4.887648362438325872e-02 -2.990882244663856104e-02 4.088190674043856720e-02 1.794548880942309355e-02 2.817284305803144720e-02 1.204173256351039750e-02 4.690736151709576363e-02 -3.343144773038749656e-02 -2.035010249862627754e-02 -3.686403191336412588e-02 4.825892081649194032e-02 8.951163201927210891e-03 -2.780934261492857065e-02 -2.549834463035602350e-02 -5.330419575618639688e-02 7.577338308396730331e-03 6.599301219055597571e-03 -1.170367853970458866e-02 8.385601089974403788e-02 -7.383398345942727981e-02 -9.257855166765577640e-03 2.601113667309633629e-02 -1.210473492392776830e-02 -1.146463126484622945e-02 -3.842647744234865131e-02 -2.996227263911277125e-02 -7.672313631771760824e-03 -1.009491990468963304e-02 9.166493152703342542e-03 5.074006261269871365e-02 -1.337471605541195284e-02 2.586971894619050430e-02
2.957781511631678642e-02 1.660099391256437615e-02 -1.062305371146030596e-02 2.199507573088949758e-02 -1.261326219570197381e-02 -2.824967419272075841e-02 3.217386739969053944e-02 -4.549999050919246242e-04 1.171042044196580860e-02 1.238135157492816808e-02 -2.275280553442187229e-02 -2.116236193891067596e-02 8.559336738899634908e-03 -5.721252017687594033e-03 1.048020071682106980e-02 1.088417610173579748e-02 3.037170841936909574e-02 4.124457063481689299e-03 -9.047712274644551314e-03 -8.035934362011327384e-04 -6.367062118331471947e-03 -1.898645145494087458e-02 2.539006645243081089e-03 2.221380847463130456e-02 2.625902500351174479e-02 9.031742664231361475e-03 -1.958356773020425434e-02 2.161738769498830134e-02 -1.427270658442898093e-03 -1.293407381315177414e-02 4.019937189242472723e-03 -1.762274639991738209e-02 -9.225557225155306407e-03 -1.651440792503844693e-02 -2.275570783975396517e-03 1.762147098053339425e-02 -1.600471220260715755e-02 -5.369652706537931391e-03 2.493281227116606741e-02 -3.451391944687171639e-03 2.165974618217568481e-02 -1.949204649884451676e-02 -3.956721213933260713e-03 -2.954706334754919183e-03 -2.963259013227174336e-03 2.046728454667917294e-02 1.679859566161599413e-02 -9.776066625502866439e-03 -2.488183679692480398e-03 1.525204270844486044e-02 1.813311577392719837e-02 3.151884376682193012e-02 -2.171973803151355797e-02 -2.704372188445691369e-02 8.491165227690585307e-03 -2.401774680288059488e-02 -2.394341619971554480e-02 -2.110390594580397600e-02 1.381708106831164122e-02 -1.684985429183283659e-02 1.284582340792524667e-02 -2.646199325673624647e-02 7.741278912593988100e-03 3.395719776908065479e-02 -1.608217397301714424e-02 -1.110787630923828519e-02 -9.603838232778296813e-04 2.317982659439288967e-02 -1.153023958298158604e-02 2.012694742818385996e-03 8.590882056411041842e-03 -1.192350090272027707e-02 2.183289399355363425e-02 5.799999524210576116e-03 1.842992086165236645e-02 6.309408078754020523e-03 1.596932271850997481e-02 -1.750467690714114719e-02 1.779159673911722903e-02 1.156103923638370770e-03 -1.507406775646456115e-02 2.536814919161744369e-02 2.719828759404395360e-03 -7.929920663917237184e-03 1.288037863807759385e-02 1.975024710789907711e-02 -1.461095151198522207e-02 9.378891653317357122e-03 1.998663457374053390e-02 7.133823726791280011e-03 3.023407522139926959e-02 -5.912497522678190724e-04 1.475295715991604278e-02 -3.746807302692661303e-03 1.155751814187976154e-03 1.395017349773920463e-03 2.734008180100115995e-02 1.127768728426586584e-02 -5.730183351480731477e-03 -1.959591307990590173e-03 -1.546213340699474983e-02 7.994489773851335681e-04 -2.687545338051475219e-02 4.604088177403938865e-03 1.814068444405496361e-02 1.771526352313766966e-04 -7.543206086905199399e-03 -9.153537438003978358e-03 1.285395718621190099e-02 2.261303721377505918e-02 2.023073762968524703e-02 -2.026371275571804426e-03 -1.020697755121003844e-02 3.188660611939652528e-02 -2.127090562339488400e-02 2.107266927121959066e-02 6.980492773683955043e-03 2.262489135161031145e-03 6.971140047312248539e-03 -1.587969305801813225e-02 2.635976776241479372e-02 -1.311171942652076920e-03 5.492889225817193868e-03 -4.567710899596436405e-03 1.504253835947683658e-02 -3.951820436738077112e-03 1.510704435578447483e-02 -1.395931815901946607e-02
6.291596121874475783e-03 -8.751809163463731417e-03 1.235075012991232284e-02 -6.163411021513010707e-03 1.086437811204216466e-02 -1.210141834213646246e-02 -4.549999050919246242e-04 3.551118198082922617e-02 2.315080969781366238e-02 -2.876744997633691025e-03 -9.207246819650426184e-03 -1.876062122462948678e-02 -1.122499612518972241e-02 1.308229861689604208e-02 1.245672428720558979e-02 3.011957544873820544e-03 1.436589738426039854e-02 2.425074893585537489e-02 -2.208338942220400281e-02 -6.010830843136312496e-03 -3.019969065239764758e-02 -1.477485044725626757e-02 -2.621759713168733338e-02 6.972355663508593079e-03 4.513613126228025081e-03 2.859212402471922321e-02 -9.295278356277018872e-03 1.897539756981480100e-02 3.718490688227880925e-02 -3.245011986485574901e-02 1.248396110085606830e-02 -2.047191154571481771e-03 -1.649074753345345506e-02 -1.666973876107906080e-02 2.732344982570141315e-02 2.044887643301558644e-02 -2.630508164816362099e-02 2.939872857167511941e-02 1.912088379338681282e-02 3.867883257744080677e-02 1.196398801216855615e-02 -1.604237683311722507e-02 -3.091457855282556816e-02 6.299509904443698766e-03 -7.068665871841648372e-03 -1.517005750991371610e-02 -1.084283079371357351e-02 5.482533753204684758e-03 -8.875166474602522518e-03 -1.467143365235710865e-02 2.105617456262021472e-02 3.115981806178740824e-03 -1.082200231568046338e-02 -1.417956168543220083e-02 1.943752179271610384e-02 -1.936372083462709059e-02 -1.005175299128338064e-02 -2.074973805646427444e-02 1.179924293173778213e-02 -2.687734272927743903e-02 2.032355429134096239e-02 -1.846602489750330880e-02 1.351014818748963453e-02 1.094442167912531433e-02 -8.949696635177393361e-03 -7.394986734112363007e-03 -5.453759711533321709e-03 1.832198027932233769e-02 1.859181135175479518e-02 -1.464553838133936942e-02 3.912993943133746821e-02 -2.472085433191211629e-02 -1.243050863624480841e-03 -8.138655899119528678e-03 1.972297137945380752e-02 -8.928501613544496604e-03 2.608507986090895236e-02 -2.454277680480318469e-02 -2.251785781406324266e-03 -6.725657979460361244e-03 2.064548484726631133e-02 1.296040622683185088e-02 4.103781986052035084e-03 3.215152182871866549e-02 2.090436713168015298e-02 -1.087725929913061981e-02 -3.724874519219504437e-02 3.688091275840185007e-03 2.026218653535256931e-02 -1.247823059001386577e-02 6.168729852191664857e-03 -2.429782744334429284e-02 -1.428412283016460178e-02 -3.095465775941909185e-03 9.913100623185228458e-03 1.141156911908918284e-02 -8.353963518230450580e-03 2.462570903362858166e-02 -5.790685644344491234e-03 -3.505967912008259996e-02 -2.092580242049618677e-02 -9.278503027719270033e-03 -7.937407229955312227e-03 -1.544260652355759073e-02 1.544175575439469053e-02 2.801533047704066973e-03 -2.549214719333317211e-02 -3.521033014800798583e-02 -1.839394879802661552e-03 1.706911105725040720e-02 2.201720382533049053e-02 1.658366207628177115e-03 2.519118139830549361e-03 8.957997874710596151e-03 -2.177890863020695913e-02 -2.851911118654973620e-05 3.199640161904371977e-02 -3.328755356084760891e-02 2.009948696738002305e-02 -7.957613564043798313e-04 6.360948680234395670e-03 7.585586553097216312e-04 -1.772484660134314785e-02 -7.621504393228707708e-03 -7.706375883751230733e-03 -2.180822519709951085e-02 2.263732167129554884e-02 -2.548493817781074394e-02
2.102965535260370791e-02 -7.281821230611068389e-03 1.330407001350150838e-02 6.767305187031110586e-03 2.045476831366228963e-03 -3.882962066322218075e-02 1.171042044196580860e-02 2.315080969781366238e-02 6.812768135000425718e-02 -2.329700855349697841e-03 -3.537330152805155670e-02 -4.887595001091118302e-03 7.542754129182681247e-05 2.371412291550469009e-02 1.175896930832989046e-02 -2.312881516703151064e-02 4.345533179162485576e-02 3.891227494958567762e-02 -6.626988376534563574e-02 2.337362614644027461e-03 -1.928622205382192478e-02 -4.046087295323556182e-02 -1.783029899694699161e-02 3.039845508674880042e-02 4.673954586785170756e-02 4.045202730428144183e-02 -1.328641190040944463e-02 1.525293325168774550e-03 2.419346916270054271e-02 -2.218077487191417660e-02 -1.393775420109312447e-03 -1.281542373322578504e-02 -1.169292730217419592e-02 -3.884868497022461037e-03 4.254308835779407882e-02 3.324940919737771894e-02 -5.897401039480821422e-02 1.024870986822941366e-02 6.295845823617421400e-02 2.172414327857394648e-02 3.396166178566768085e-02 -3.553736671081650367e-02 -2.675635248083356107e-02 -2.502082130602984247e-03 1.878877287190208615e-03 1.434352776960570383e-03 -1.891604873942865847e-02 3.450755220888335195e-02 -4.400768320200839148e-03 -6.446306643773595801e-03 3.250885380389741206e-03 3.972068901990199324e-02 -2.763098836061670185e-02 -5.755134865999599059e-02 4.701015062229387670e-02 -5.436341394775422858e-02 -2.091929898352607592e-02 -1.780864171784824271e-02 -1.617998168049661529e-04 -5.405976101304209303e-02 3.198584408123807815e-02 -6.199436325008667731e-02 2.564483345182331717e-02 2.648346926706768995e-02 -4.637073841347490177e-02 -2.490403847038522717e-02 8.419020819923484292e-03 3.460304169041968775e-02 1.219623524966680994e-03 -1.011518226164445644e-02 2.297629883102704149e-02 -5.406143443132759019e-02 -9.535872680976999541e-03 2.526426480226796889e-02 6.094865244009676358e-02 -2.475296855579063419e-03 5.455472494694166286e-02 -2.031865351461930799e-02 1.722026420236230648e-02 2.885406786743986880e-03 2.174279845992983795e-02 3.365756857276443973e-03 -1.894276015605972710e-02 3.249700446129225040e-02 4.579338780687527977e-02 7.642933559693218179e-03 -2.458294956948750901e-02 1.235846434111609153e-02 4.059830165652618394e-02 1.270727092067226553e-02 2.300933953794924436e-02 -3.292002206601245262e-02 -2.430985900420446627e-02 1.515400891787792130e-02 1.217307504863331959e-04 3.133877270053099431e-03 2.279340647386801644e-02 5.414590999327401066e-02 1.573376384223213652e-06 -2.922573398215559670e-02 -1.487848064001943971e-02 -4.154711191195887415e-02 -4.213223688893028007e-02 -1.213785218254264352e-02 1.096912090695109816e-02 -6.534874579387927804e-03 -4.194685158957617982e-02 -2.303944155769423532e-02 1.798043501404991695e-02 4.606164942138469529e-05 6.519040142883347766e-02 7.426814596084256072e-03 -1.686080256876021019e-02 2.731215538804190185e-02 -4.842796118988282328e-02 1.027277708106376537e-02 2.080315650911361558e-02 -4.796004206592897889e-02 1.123628159375384718e-02 -6.879683008896244137e-03 8.724750226835486025e-03 -1.247639196309691632e-02 -2.595691771908756329e-02 8.027806609509996472e-03 5.496418179946590925e-03 -4.637852543238811520e-02 5.206439609775259658e-02 -2.942996594784741751e-02
2.758824870600453880e-02 2.609619382390447953e-02 -2.552828579015017224e-02 3.913502385387025023e-02 1.622475791298585296e-02 -5.125887420684228923e-02 1.238135157492816808e-02 -2.876744997633691025e-03 -2.329700855349697841e-03 5.431023635474548084e-02 -1.078633161452935418e-02 -1.397806382717172932e-02 -1.764004295017259846e-02 -1.416994637743358709e-02 2.576601399871553469e-02 1.820012824195901477e-02 5.643436284361870448e-02 2.556434645604823211e-02 5.660822614671177921e-03 -3.734222264377787953e-02 3.993097053972736142e-03 1.094520559080675547e-02 5.626601763241475401e-03 1.288563419826084001e-02 1.095788682903595102e-02 -2.590166152451858425e-02 -3.283631429857303274e-02 1.560648300893192897e-02 -1.415080789053212336e-02 -4.508277429234226058e-03 1.289148827880792943e-02 1.672160835933848497e-02 -1.732014758561467929e-02 -6.147193075187593579e-03 -6.004895003523661075e-03 -1.115378454774008585e-02 9.386904273471170790e-03 -2.801314353772445861e-03 1.465372847204488189e-02 -8.967903586386107365e-03 4.811915412815134102e-02 -4.900762108936293493e-02 -1.771753521900808637e-03 1.424299081778870532e-02 -4.042258997144348304e-02 5.789559301053921921e-03 2.616272516930288547e-02 -1.374235932885525813e-02 -3.044463702114041243e-02 -8.417076974841914555e-03 1.424536727641615395e-02 3.018615155315492599e-02 -5.550289534454107276e-02 -2.246043732360149259e-02 -4.778399846655729914e-03 -6.429543078415794928e-03 1.416573167308797163e-02 -2.715931028458404284e-02 2.020208283362324303e-02 -3.726617719682465829e-02 4.310817878045865303e-02 -2.206268560851859864e-02 1.655689195356639665e-02 4.896173867878762798e-02 -1.645854501177119317e-02 1.468230408931249162e-02 -1.615920013487286838e-02 -1.218523497547191296e-02 1.045593070461964258e-02 1.370171278660015958e-02 2.716983263280173776e-03 1.393724445397212519e-02 6.840517971938965894e-03 -7.293049830712499890e-03 2.063616275400602818e-03 -2.992245775646562578e-02 -1.099602274805589440e-02 -1.534369182784223358e-02 9.608809145110225325e-03 -3.026508174850145103e-02 -1.912296452646065903e-02 2.237492037412545584e-02 2.424266028614311883e-03 1.138483246425643809e-02 -1.835108142233249058e-03 2.732864890092721877e-02 -1.038348619830027283e-02 -1.139881967072282204e-02 4.336201259669456021e-02 3.346927411724875522e-03 3.663386446959300546e-02 5.988707452113956747e-03 2.796073902597911998e-02 -9.832251928726118764e-04 1.519474699141726629e-02 3.945909286455352716e-02 2.686812901706272030e-02 -6.150750379099181701e-03 -3.942882865896981531e-02 -7.877496436169589486e-03 -2.380274550995619895e-02 7.948930976263920284e-03 -9.021474531540661992e-03 3.231759600771787894e-02 2.578152651385074920e-02 3.826957441470218296e-02 -2.620356415381367918e-02 -1.070693639096376897e-03 1.163142026442390850e-03 1.946812874291698955e-02 7.476475641325058819e-03 -2.077903952682489883e-02 5.925034934943493314e-03 -3.334477953323903947e-03 -4.853829790709307535e-02 6.091440117223929224e-02 5.870749622686889657e-03 1.044213144410752886e-02 7.997424995149590710e-03 1.248986378532647087e-02 4.061671667383664336e-02 3.613294975407728427e-02 2.696111577568948911e-02 -8.023804297301323149e-03 -1.148394804113252003e-02 -2.098819763103308006e-02 -2.054545105382262968e-02 -1.948556417395456292e-02
-4.477551708792634061e-02 1.064788052851841152e-02 -1.988408615945186711e-02 -6.964371818105921132e-03 3.754428452360129582e-03 4.502168809404594879e-02 -2.275280553442187229e-02 -9.207246819650426184e-03 -3.537330152805155670e-02 -1.078633161452935418e-02 6.092508019832106742e-02 1.351606736183447698e-02 -9.039907351858255877e-03 7.581547496075964274e-03 1.141284419228450614e-02 9.266956160854812998e-04 -4.353914554616913207e-02 -2.409000908918735445e-02 3.239899513357726024e-02 -1.518154703749288736e-03 7.564822232742958279e-03 4.679294236189200651e-03 -2.579772392277551729e-02 -5.445238310046815466e-02 -3.997390931400821024e-02 1.050322443442197086e-02 -6.223651508513426862e-03 -1.076428969325756227e-02 -6.554694755948306355e-03 1.330223066566983518e-02 -4.588454285158950763e-03 2.550979025297392053e-02 -1.983709241285734962e-02 1.790085574176223868e-02 -4.324539364894922078e-02 8.039476819396340970e-03 5.813744724181237750e-02 2.411511082188853676e-03 -3.627538108807429329e-02 -2.375244117289637517e-03 -3.877148622340813311e-02 3.101389057844047489e-02 -1.342264837452187241e-02 2.546909378356267822e-02 5.045344453026096888e-03 -6.079813339437471938e-03 -1.534935728214621188e-02 -5.907649214986931095e-03 1.971430737981167639e-03 -9.726869288957669391e-03 -1.279853165997573740e-02 -3.857600372986406956e-02 3.021730661355926523e-02 4.059327274495827531e-02 -5.879234148560869011e-02 6.323659689220015312e-02 1.846006088239407830e-02 -1.742424296986081964e-02 2.446107489491443007e-02 3.770326657532882542e-02 -1.600157911564550547e-02 3.738437728878873240e-02 -2.151343567171333775e-03 -1.757541093675939886e-02 2.645772929057599657e-02 -1.517581724763011029e-02 -3.413108005984667823e-03 -2.669962706458299528e-02 -1.058647232960858303e-02 -2.479882142348409368e-02 -9.089652342119754549e-03 5.367498628021876578e-02 -7.656339864999704529e-03 -2.330693756038845418e-02 -3.573261325077472378e-02 -4.013088827865141615e-03 -6.246809108896219168e-03 2.289878524402213719e-02 -5.112380548776956218e-02 -3.701121758135985772e-03 -3.042042844392071205e-02 -1.705723963433230378e-02 4.056529295911037551e-03 -2.971085343954656469e-03 -5.502340266444460948e-02 -1.108713148088564561e-02 1.507322122907326506e-02 -3.038451333707741647e-02 -3.280895303416619946e-02 -1.215507764798693172e-02 -1.069731871532297353e-02 4.082238705267358242e-02 -1.073540399285327976e-02 5.214861899168300036e-03 -2.685562608927123673e-02 1.460123781415872566e-03 -2.653497535253758477e-02 -5.858053434890969635e-02 4.162755745120119873e-03 -2.583128203425896774e-02 -2.475769786978705006e-02 1.387286614632663242e-02 3.437883003220593842e-02 -2.836339493521588748e-02 1.485346383928939050e-02 -3.649086819626621734e-04 2.775187977362528896e-02 1.311116217740589292e-02 -4.110629987671542140e-02 -1.226849773905192703e-02 -3.442216754689672586e-02 -2.635150068677898777e-02 1.224256668254155266e-02 -2.054704764817671253e-02 3.412086962361560172e-02 -1.732818135808365106e-02 -1.069176001599718602e-02 4.329857424309883906e-02 1.787954176131039893e-02 -1.500903639262309193e-02 5.689903369496979516e-03 6.117136884321340562e-03 2.205594722850742068e-02 -3.101407197570555871e-02 -1.512224621020675543e-02 3.866399983420950454e-02 -4.595058104563845558e-02 -9.861719099173639480e-03
-2.006693269052869585e-02 -1.169891315963105492e-02 1.107916182035879535e-02 -1.225454225385087803e-02 -5.969195990750799166e-03 2.511958722310338177e-02 -2.116236193891067596e-02 -1.876062122462948678e-02 -4.887595001091118302e-03 -1.397806382717172932e-02 1.351606736183447698e-02 3.778247104851756299e-02 1.094983641613415937e-02 1.481888589320934499e-03 -1.512386033613215448e-02 -2.095948242644924894e-02 -2.972744217187545113e-02 -1.045148847449544997e-02 2.625526574765073631e-03 1.552044368924075657e-02 1.853330393344011090e-02 1.675000297416458922e-02 2.236705938540440100e-02 -5.119076330053401458e-03 -1.445909251558661832e-02 -2.461829213423737117e-02 2.893791689510361378e-02 -3.915209491343438208e-02 -2.049850594956598160e-02 2.496328640142573760e-02 -5.164989569153169077e-03 1.558720053261996100e-02 3.434756947666454258e-02 2.865100699379377613e-02 -7.226708928073419420e-03 -2.464910811434887009e-02 6.327139126974029235e-03 -1.567916971874121559e-02 -1.548103884098155081e-02 -2.093883517628021204e-02 -1.960823539590100112e-02 2.192947114360600108e-02 2.523655345750778003e-02 -3.323283878606019329e-03 1.647929744756797266e-02 -6.264472366302942068e-03 -8.318071912357720421e-03 2.031777786794194962e-02 1.750405064668055996e-02 4.863960356099364911e-03 -3.882447177117142462e-02 -1.863392748728204262e-02 1.998251462938655312e-02 1.208999523521748706e-02 2.612969222471782458e-03 8.511823746034910890e-03 2.885458086597742985e-02 4.358621032144591873e-02 -3.490725050443880401e-02 1.545107243188693566e-02 -1.459251257542119179e-02 1.393504594417342528e-02 -2.412413474413791642e-03 -3.596886049812109132e-02 4.445439574063075427e-04 1.036738911577054709e-02 9.947850068521833076e-06 -1.507109655749060313e-02 2.182114847764158108e-03 1.031548928837205427e-02 -2.998078213736980052e-02 3.510694963016127313e-03 -1.451862064848308785e-02 8.420228507343566551e-03 -9.951376993433617979e-03 7.382244492155985716e-03 -2.007980077482837689e-02 2.052761415247265908e-02 6.849598073391756142e-04 1.513837735527701588e-02 8.676509641115486005e-03 -3.474479117101766240e-02 -1.256925947199773706e-02 -1.456475638644202757e-02 -3.360654991025125490e-03 -4.758753450998479996e-03 3.306533400154930413e-02 -5.815687969721375188e-03 -2.342326312595451390e-02 5.673300556248250630e-03 -3.164696092632306168e-02 1.074473826027411497e-02 -4.882525014612356870e-03 1.287944622492275155e-02 -8.485983021020803915e-03 -1.978002381881961008e-02 -9.066411276087373364e-03 4.097508652115228954e-05 1.938932289240881401e-02 2.989056224943937093e-02 4.043313338251940114e-02 -1.212310759345781863e-02 2.150398413093319513e-02 1.138748552474075013e-02 -3.768369412097018895e-02 -1.324704491966652471e-02 9.404281818424788456e-03 2.647267726258157108e-02 1.126641751615106582e-03 -3.998210429151462936e-02 -1.345979456377628496e-02 4.200375251940730546e-03 9.107831894795753377e-03 -2.526903904792925787e-02 2.083670414046593158e-02 -1.667266053411053245e-02 -2.055769045253326779e-02 7.017592113830400415e-03 -3.446072114702545403e-02 2.069913578380440725e-02 -3.239260604808932853e-02 -1.335724587949755141e-02 -3.350631652335057248e-03 2.481721542925464236e-02 4.264322338314137199e-03 4.465066154377845750e-03 -4.760241903624938022e-03 2.546556229811946029e-02
