4.731382122829797671e-02 3.557261295096099396e-03 -2.348004439004273362e-03 2.303312789089027174e-02 -5.200243713806959080e-03 -4.884991089341645526e-02 3.270945526747997406e-02 1.263707561772013307e-02 1.937302077246148488e-02 2.454695989701964273e-02 -4.438836836090663540e-02 -2.623127884681559704e-02 8.070998259418416670e-03 -1.482333231628314187e-02 9.883650187544813781e-03 8.749663737056207272e-03 4.954611732289580794e-02 2.441336872679894868e-02 -1.653762251563324626e-02 -4.752525664480867530e-03 -1.915402343119325737e-02 -4.047064995417394735e-03 1.518249438525179178e-02 4.475147722311806353e-02 2.608482075861810398e-02 -7.939598772306172975e-03 -1.584153105712342649e-02 2.484356029498110963e-02 6.010254150705637670e-03 -2.957813502222937999e-02 2.638984601926912602e-02 -8.990325194150734084e-03 3.837399757478774168e-03 -2.231525279494704292e-02 1.944916673213217123e-02 -2.034118092677182892e-03 -4.122137235553268581e-02 8.493223188298752724e-03 3.456620771890869803e-02 8.045404769478190291e-03 4.306409661722645360e-02 -4.017569077985789355e-02 1.666242647427419689e-03 -8.090606529014441814e-03 -9.081928258679131463e-03 1.198230290518597892e-03 3.003467896902150061e-02 -9.025718095121608789e-03 -6.296054827359706500e-03 1.242686091531647850e-02 2.202469478379841597e-02 4.040789604393860146e-02 -4.542873049029942656e-02 -3.880893614915136014e-02 3.312479687980324911e-02 -4.826964149086272055e-02 -1.437199250195096700e-02 -7.399718324226186271e-03 -2.250549513858287210e-03 -4.372281991091447884e-02 3.325693466085934830e-02 -3.688378744720566260e-02 1.527595918819446390e-02 3.834201810236407409e-02 -2.458461918821144843e-02 7.211147378641436997e-03 -1.778891129010869501e-02 2.529807563515528226e-02 1.247371207761341014e-02 1.974815684825680442e-02 1.873101161608460574e-02 -3.236473458123464986e-02 1.807548567726606145e-02 1.007768023423434014e-03 2.463810476395243698e-02 -1.393386245453098532e-03 6.755519880143054552e-03 -3.513181271965259977e-02 3.213371256648247382e-02 -3.217366726982822615e-03 1.954078653764145402e-03 2.883108653042024128e-02 -2.470383482728446666e-03 5.935144313540670694e-03 3.646186424816270227e-02 1.866687552942647779e-02 -2.865756085812615206e-02 1.002602132163498555e-02 3.949748276518463136e-02 -1.298500351432063530e-03 2.668441139540549123e-02 -1.880902479659073145e-02 2.536674516946844232e-02 -5.046297594166017537e-03 1.961174007428091379e-02 5.756926021513304910e-03 2.512958773952770480e-02 3.592156993226865158e-02 -7.524854118955375155e-03 2.642109860399188652e-03 -2.236153182947638214e-03 2.797702191823902684e-03 -2.584599759488484874e-02 2.902257583946293504e-02 5.082206518293567489e-03 3.740915955152035195e-03 -3.143508513568608193e-02 -2.026376134119539998e-02 3.093369754158663623e-02 2.609068394318018319e-02 2.849259282070219779e-02 1.340685694724971658e-03 3.478026233991834970e-03 2.264966249084875496e-02 -4.416816327575778800e-02 3.797076196379876173e-02 2.042641774844734109e-02 -1.694647076601877786e-02 -5.254869208477349653e-03 1.479267945426682510e-02 2.088004852613812440e-02 2.932972743896330114e-04 -2.105050156251450817e-03 1.658306983939722076e-02 1.695055359464778255e-02 -2.723485191227543317e-02 2.937362344670051140e-02 -1.425550145226220540e-02
3.557261295096099396e-03 4.718919870464511473e-02 -3.278774613267121385e-02 3.006353126766275405e-02 -9.548883774706926411e-03 -1.166284587418051555e-03 1.835796882915534389e-02 -1.127424036155563920e-02 -1.802600949189640464e-02 1.296681074184603127e-02 2.744607728667671290e-02 -1.143659883121820806e-02 -5.522671527558689272e-03 1.631686308377333086e-04 2.735052099399604836e-02 1.603522737045064844e-02 7.694598615154027953e-03 -1.555086009674836248e-02 1.819596894707082094e-02 -1.166956107709898882e-02 1.285752896589024844e-03 -1.720349721060978471e-02 -1.757016824952984876e-02 -1.998965623727460769e-02 -2.585886932192417789e-03 1.490648000450333494e-02 -3.274937409949009448e-02 1.514255306377738225e-02 -1.334485569885293134e-02 -1.506144216747328478e-03 5.416710688849170558e-04 7.336646660440192605e-03 -3.821506412461223717e-02 -1.849644687140506176e-04 -4.398251293905839493e-02 2.726076296149042982e-02 3.268523769571859278e-02 -1.393641367851385093e-02 2.304888633926189916e-03 -9.905311423252762676e-03 -2.206180907472603432e-03 -3.640557376702960053e-03 -1.809449626402037659e-02 2.157916919396233452e-02 -8.449533648398630317e-03 2.896010393605388811e-02 3.766022763710753871e-03 -1.519169173860305568e-02 -8.886790432384638824e-03 6.256611600468185187e-03 8.421358142631658536e-03 9.007148055719253407e-03 -8.512674234356632647e-03 -3.135669584764336562e-03 -4.152581664776282266e-02 2.190761906667876638e-02 -6.262833721837497529e-03 -4.310485562352976002e-02 3.796090095556942101e-02 2.779874728425545029e-03 1.320572544013429855e-02 -6.142223646680968797e-03 1.793506592364240912e-02 3.628802533906280714e-02 -3.203646804112030531e-03 -2.393088422959280953e-02 -6.176303493972160226e-03 -6.271629776637050759e-05 -1.516104816259725499e-02 -1.982114309244522796e-02 1.064168101577380723e-03 3.492230386170753348e-02 1.854395401239523206e-02 -1.401414339564984422e-02 -8.269831139537765080e-03 -5.311477937545418249e-03 1.233766084189539050e-02 1.031732750498295719e-03 -2.423104667736592985e-02 -9.977828081022838830e-03 -4.580991270013198141e-02 1.415265210634120314e-02 3.566463202088137208e-03 -8.988046851405128226e-03 -3.587703850495984476e-02 2.128815404905692529e-02 -3.504170573359747728e-03 -1.584541466743161209e-02 2.916855669497598301e-03 -5.735797137342130668e-04 3.829616120261737644e-02 4.237321238709585575e-02 8.553196467812955797e-03 3.447323733766509760e-03 -1.891157490776455841e-02 1.266692626700492187e-02 1.477526164227945665e-02 -3.900745199292290910e-02 -1.227173890809365141e-02 -2.819681718653824568e-02 -4.370065324144124103e-02 9.718717888183665485e-03 9.230659397889484164e-04 -1.487632769246647821e-02 3.694418369705557148e-02 9.774785433789321548e-03 6.284243236829931654e-03 1.897182967552262997e-03 -2.304430514688456805e-02 1.440083045105322070e-02 -1.709868794665871322e-03 -2.794815182620132704e-02 -7.317661430449073131e-04 1.232704202193929052e-02 -4.163677476866486579e-03 2.018383993273699037e-02 -1.559906059964439023e-03 4.322043538130671686e-02 2.387054635857754556e-02 -2.839068765694882646e-02 4.043312860899177935e-02 1.372735993883296944e-02 2.837546985319793977e-02 -3.251078443775510390e-02 2.952145278337539418e-03 2.425778382012259288e-02 -2.980569829997650050e-02 -2.747471185949047073e-02
-2.348004439004273362e-03 -3.278774613267121385e-02 5.791362401974779750e-02 -2.649132320948597435e-02 -7.360044419853949832e-03 9.584493251425475410e-03 -2.798781089718445966e-03 1.436546245200886855e-02 2.078807463037293107e-02 -1.835248204903821082e-02 -3.029631287093160000e-02 5.692931972907742250e-03 9.581421950465397047e-03 1.717612370515948089e-02 -1.787146217871702844e-02 2.325239935743651613e-03 -1.361177163738735985e-02 2.592430645015448773e-03 -2.169666511060336367e-02 6.852890784171522358e-03 -4.061693536788412232e-03 -7.451835965781469090e-03 5.582476123991804082e-03 2.884478705697918546e-02 1.843369892782108915e-02 5.674228096624694268e-03 2.865298005320669056e-02 -3.215118893624175841e-03 2.451758208270383987e-02 -1.542994022369518527e-02 -4.098596171521251552e-03 -3.524215954808120055e-02 4.097367988102964403e-02 -1.776963313012279791e-02 3.437672511878649140e-02 5.776825702053419928e-03 -3.737924700745270945e-02 5.244317321017342125e-03 1.237356464448082470e-02 1.257493319711173660e-02 -1.978107867934835330e-04 2.075233984568268172e-02 -4.526730088646823899e-03 -3.485839685954501832e-02 1.190651225250181607e-03 5.413165424266124248e-06 -1.529435952819602207e-02 2.219558781720904275e-02 3.514142935395961256e-03 1.050318440085602247e-02 -1.428537239815802539e-03 -2.970887230571174747e-03 1.865153267959215183e-02 -6.460597540420214870e-03 5.398869947271148217e-02 -3.655985374619968170e-02 -1.254680096624258799e-02 3.463976174491337212e-02 -1.611228778631914466e-02 1.173401226066517200e-03 -2.165807603372810544e-02 -9.995309851193850612e-03 -3.726690677270314434e-03 -3.240553653492515146e-02 -9.265558400279377479e-03 8.280611381776346869e-03 1.422974153491741306e-02 3.219193102043244742e-02 1.616825746164216038e-02 -1.182784934917303910e-02 1.555359025890084949e-02 -3.951444254272969137e-02 9.616115953813347481e-03 2.144592928786242733e-02 2.602668160551547052e-02 8.963394817999743858e-03 9.327585927128071146e-04 -1.534483736319612601e-02 4.033948935126364238e-02 6.677372301175840338e-03 5.431999973789933267e-02 -1.005722576360273002e-03 2.193985020799478838e-02 -2.998684622282431472e-03 3.363842127541159799e-02 -1.559437030773058903e-02 -1.369504535812663369e-02 4.190891846443434848e-02 -1.949354526843638177e-02 -3.415813397962654333e-03 -2.907986942975360548e-02 -3.247291022491471946e-02 -1.722826457032858999e-02 -2.423889057624121698e-02 2.400301068203349736e-02 -8.031488586066490298e-03 2.376092813037862950e-03 5.471185816167363491e-02 5.878793281668139546e-03 2.716144765739371067e-02 3.862585715833140310e-02 -2.368127763010701575e-02 3.573403239731991698e-04 -4.133056910815806860e-03 -1.545711984247266461e-02 -9.484708682411868014e-03 -5.449528149290554235e-03 -2.247088412233587754e-02 1.185252801440635391e-02 -2.535749217036377488e-03 1.247482547697941618e-02 3.757435444009159936e-02 -2.074234408787545628e-02 1.947912413096061779e-02 6.852351748958324627e-03 -2.500339497457949520e-02 2.392043504319392097e-02 -4.167277409211224415e-02 -2.408763203052656857e-02 -2.001689561312041624e-03 -3.018780431659924893e-02 -1.304013734031061328e-02 -4.461169134429319311e-02 1.055838789350922562e-02 1.687091363353272755e-02 -1.092521424653123546e-02 4.595510465882627488e-02 1.464836539039731343e-02
2.303312789089027174e-02 3.006353126766275405e-02 -2.649132320948597435e-02 4.220954118496118845e-02 2.909342049314027345e-03 -3.797722393803421720e-02 1.801200460347745363e-02 -1.109264349724758264e-02 -1.875242270679277766e-04 3.347939412840262446e-02 -4.510313482074571403e-03 -4.422254655374250124e-03 -7.572839958064982863e-03 -2.767134266139383621e-03 2.031068721415139541e-02 8.026083282643991373e-03 4.104215203864113037e-02 1.003247885679153448e-02 2.559231501528285400e-03 -2.158316553863796547e-02 5.420294226177665986e-03 2.798585151093837230e-03 1.104323576497608789e-02 1.435983095209660693e-02 8.094011658117360869e-03 -1.266398613636866670e-02 -1.969141722519094501e-02 5.002377505800605952e-03 -2.379546615566901016e-02 -1.158277590419910319e-03 9.443315081470749286e-03 1.962500877916786499e-02 -1.224966070454033308e-02 9.612561570908371295e-03 -1.645399000631930439e-02 -1.530094377683694938e-03 -4.487647624920011128e-04 -5.381808115321023642e-03 2.297886939443884863e-02 -1.491669012939171417e-02 2.869386004491622857e-02 -3.718886886042849227e-02 3.749491453688762101e-03 1.201733558771039649e-02 -2.092098555250994016e-02 9.321761284239369477e-03 1.560230438972244268e-02 -4.619979759166931328e-03 -1.874017613298976925e-02 -1.864449195770915765e-04 1.167885929532252402e-03 3.056828128872630251e-02 -4.285288908086465343e-02 -3.186346935680049036e-02 -7.862694748855567767e-03 -1.268492176561492046e-02 8.879681381932730613e-03 -1.957995205301014952e-02 7.087046045482968577e-03 -3.439738850739171294e-02 3.933422716342746539e-02 -3.116257081044658192e-02 2.904894377916318257e-02 4.054474543351978960e-02 -2.935467853840908678e-02 3.981645502895735274e-03 -1.263922292042475408e-02 -4.639375879383476030e-03 5.605919742044431983e-03 1.076093639345306573e-02 -4.299642122163584157e-03 6.414440384030828390e-03 7.987752631234171577e-03 -5.922190399371970310e-03 5.046283919941171349e-03 -1.933310562663327278e-02 1.685384369512206697e-03 -4.942137291823958320e-03 2.306629855288786120e-03 -1.767580134477641368e-02 -2.856085164698065129e-02 9.448732662530340970e-03 -1.253896738661150999e-02 2.357071097976335024e-03 -1.935758448637338097e-03 3.489300726515098816e-02 -3.795979948018202675e-03 -9.871388876863161979e-03 3.152174378047887388e-02 1.036448494151054507e-02 3.403961068756018032e-02 1.856766708362949173e-02 1.735581092472095882e-02 1.417480785114048902e-02 3.482140502359798179e-03 2.305923623154702840e-02 3.096381767810106253e-02 -8.204700509829129101e-03 -2.136586174650358452e-02 -7.706086077515097651e-03 -1.767282255792261905e-02 2.489219035000942229e-04 -1.011051908141577700e-02 2.156072098405254281e-02 1.048702355606705335e-02 2.323410033494454838e-02 -1.841762142128816268e-02 9.097487434690389174e-03 5.646737057199026528e-03 5.908555948871798205e-03 1.744090949030327117e-02 -1.774024500043412667e-02 3.291984671240805096e-03 -1.613922669436075857e-03 -3.971229844678674653e-02 4.969314193711363292e-02 -4.122981759042651170e-03 1.961069871392696201e-02 -6.330498769054659753e-06 4.674991119890089912e-03 2.808592275845095063e-02 2.153415330194381055e-02 1.943005195658659839e-02 1.779203490233655354e-03 -5.267801134211402315e-04 -7.474793984932588155e-03 -1.488386959195724807e-02 -1.542409654336551750e-02
-5.200243713806959080e-03 -9.548883774706926411e-03 -7.360044419853949832e-03 2.909342049314027345e-03 4.050121251780228887e-02 -2.114724735101599154e-02 -2.068016051241541170e-02 1.043596652066256479e-02 -2.214473063828827429e-03 1.628123887099902634e-02 -9.462660533354447538e-04 -4.713378838729155411e-03 -3.360428609136439232e-02 1.000101427898080972e-02 -7.268652005858992557e-03 3.626454814728927861e-03 2.045402714121971263e-02 1.826528437827746112e-02 3.656127869248691157e-03 -3.144310310095124739e-02 8.768597304204213405e-03 2.668156819455896542e-02 -3.256924555198273657e-03 -4.566350542649551432e-03 -1.314653391736839150e-02 -5.364338683447059108e-03 4.228416741349881255e-03 3.022558641767320985e-03 -2.701787721150998302e-05 1.207776508511451512e-02 -6.620928856867187330e-03 2.203861904072504027e-02 -1.762021099453417450e-02 1.219959771387753127e-02 2.466316323798272217e-02 -1.686290635617858011e-02 3.482677133858556829e-05 2.348029604382186747e-02 -2.192032081414964622e-03 1.334612828538274572e-02 1.052322481765872834e-02 -2.733640866137242165e-02 2.382905570311267228e-03 8.507695857332664945e-04 -3.030765709312199102e-02 -2.977485169944782753e-02 -9.210429728318264217e-03 -2.091767704619783980e-03 -3.026725800526148744e-02 -3.726567690363209728e-02 1.004227415743950448e-02 -4.390426824513561166e-04 -2.227855815923854635e-02 -1.893988836334668932e-03 -6.603402322509149998e-03 7.021689948368785641e-03 1.247004925308503424e-02 -1.079678612116701485e-02 -2.748701121512139856e-03 -2.010950076200376108e-02 2.044743716017059787e-02 -3.815915512802008232e-04 1.400547994141533017e-03 2.083334450445328660e-03 -2.831095792564452922e-03 2.524921982513677818e-02 8.359927664890555443e-03 -3.400384504643998856e-02 2.089700438542937966e-02 1.291101028028553491e-02 5.494864945040326722e-03 -1.666429515142730427e-03 -2.688821317483565052e-02 -8.950123823894182845e-03 -1.287829738685527907e-02 -3.241797756916119100e-02 -4.488228459036295442e-03 1.559896735404554639e-02 -1.529971329338772681e-02 -3.180554606693550279e-02 8.303060036162122903e-03 -3.116368624251782647e-03 -1.074663410695086800e-02 3.478725325656514128e-02 3.801257567751785416e-03 2.154051770934479809e-04 -4.009467585301360396e-03 -3.076754195369530136e-03 2.440526890890683948e-02 6.665982568719635605e-03 -1.481062316092015630e-03 -2.211515715370643981e-02 -1.339829518714235300e-02 9.530287023128820173e-03 2.183099802146124327e-02 3.647120845464787986e-02 -4.399471414341637673e-03 -1.071684728666093961e-02 -3.076940010277135276e-02 -1.656275374957718455e-02 -1.276615909107007597e-02 6.661293372974142445e-03 -2.325791094559853233e-03 4.897114462327219198e-03 -3.000689377984005601e-03 3.422585692533559876e-02 -1.005319485356988458e-02 6.684585764258779358e-03 9.564251052725344015e-04 2.931006152232717640e-03 2.256726497738817741e-03 4.285048699047453238e-03 -1.106740515644037389e-03 -3.385083424780785388e-02 -2.070287789257305167e-02 2.075197568873054371e-02 -8.306183385974429470e-03 -1.966891120864672216e-02 1.621837069120766681e-02 1.502852022701208802e-02 -8.654082744277920985e-03 3.309042319508800900e-02 -3.427915563379133404e-03 2.866547736451235603e-03 -3.639545169954051113e-02 -1.714509667863712422e-02 -2.151101553673498076e-02 7.377646259457675687e-03
-4.884991089341645526e-02 -1.166284587418051555e-03 9.584493251425475410e-03 -3.797722393803421720e-02 -2.114724735101599154e-02 8.407862517337039154e-02 -2.330961601697903451e-02 -1.777319061918180426e-02 -4.441462651462085853e-02 -4.717011750886974941e-02 5.237998564556275299e-02 2.479360890292328298e-02 1.671714585732495331e-02 -2.096418818003749872e-03 -1.884160832976197048e-02 4.482034511838612592e-04 -8.888507180482677072e-02 -5.487004451620913076e-02 3.990474238385594702e-02 3.247927442372103291e-02 1.378695630980677697e-02 5.223394513126933432e-03 -4.697740823758394559e-03 -4.926662754550872186e-02 -4.015362093857229031e-02 -6.086351406514868253e-04 2.898749231707692386e-02 -2.181955300662032776e-02 -4.036126481034826678e-03 2.537423122767965000e-02 -2.117584706853585519e-02 -6.363369302177094775e-03 1.656777410389609351e-02 9.995597984040000689e-03 -3.969598535291730262e-02 -1.328862261692791884e-04 5.253912629492338976e-02 -2.048174372216669814e-02 -6.332320930862762876e-02 -1.452758154353920618e-02 -7.170086346796952781e-02 7.814051338304296712e-02 9.566077190375154096e-03 4.065115932046778520e-03 3.423884266796893561e-02 1.172072313964040227e-02 -1.745025644637822684e-02 -6.757869179486345607e-03 3.326404379392201849e-02 1.445427731963163341e-02 -2.168910369540951594e-02 -6.344763619933051213e-02 8.146642521458162534e-02 6.863366159940756384e-02 -3.904466196561946073e-02 5.879000045749601527e-02 6.586855001185216822e-03 2.815480751647799970e-02 -5.567382419317219028e-03 8.318412838875853532e-02 -6.634982952086400376e-02 6.798123635196255676e-02 -3.274043220625996037e-02 -5.964239245330223843e-02 5.167083399067015637e-02 -9.550500273200019860e-03 1.222582363055471112e-02 -1.038480231062178377e-02 -2.289334873202572909e-02 -2.121863953529428207e-02 -2.175844182813186159e-02 4.122556426182282657e-02 5.111785008001854154e-03 -5.180129468644836810e-03 -4.262546766885197402e-02 3.144623140607079315e-02 -2.351613993933305419e-02 2.942645887173521088e-02 -2.483792754739194003e-02 2.958804551864252508e-02 -4.256389262481904447e-03 -2.489392414526265737e-02 1.902073083089136224e-02 -4.012893474350063411e-02 -4.547036030601182138e-02 -3.030914882573704922e-02 3.463821892882959497e-02 -4.906981914098165580e-03 -7.471463420484482365e-02 -9.572471104532621206e-03 -4.427251154875058020e-02 3.407784902949694689e-02 -1.021575614047155744e-02 -9.546333114234606745e-03 -2.835688423105352587e-02 -3.940052759803226723e-02 -4.040501698969388433e-02 -4.143237770862545633e-02 3.522212458943198982e-02 2.205383120539253228e-02 2.351974323395547573e-02 1.167856178371950472e-02 4.152613928333919596e-02 -3.076840494864062012e-02 -1.715498345859953894e-02 -3.076248428794718312e-02 6.184065326576181770e-02 1.734205602177426100e-02 -3.253356008027617069e-02 -2.316139032837406450e-02 -5.778160454885260949e-02 4.523780270937273300e-03 6.676183673750482085e-03 -8.137758192346600597e-03 8.631959744346154317e-02 -6.975943695592343174e-02 -1.993671237879286046e-02 3.436288713313542798e-02 -1.140473774242656106e-02 -2.108164723427001161e-02 -3.088623153389551471e-02 -2.476132345043074653e-02 3.335103476155482083e-03 -1.597589697547197041e-02 3.591028516534515696e-03 5.762131917139292486e-02 -2.539373715177711474e-02 2.852297088634395822e-02
3.270945526747997406e-02 1.835796882915534389e-02 -2.798781089718445966e-03 1.801200460347745363e-02 -2.068016051241541170e-02 -2.330961601697903451e-02 3.997116103025207673e-02 5.344674702665554861e-03 1.804136247605619622e-02 2.655047074981280956e-03 -2.583785828950290950e-02 -2.640068112874453810e-02 1.465355655107629558e-02 -1.682898668701954432e-03 1.110394618695551699e-02 9.318170745678516081e-03 2.713410409943790152e-02 9.631359700940229614e-04 -1.624324218886945281e-02 6.767417022996777623e-03 -1.396646266171543312e-02 -3.075016851533101878e-02 -3.232142574622513115e-03 2.617511537863752985e-02 3.292608544224301381e-02 2.312575480692622212e-02 -2.326478887218697694e-02 2.676807011299599942e-02 6.984368278114946350e-03 -2.341923337788821141e-02 9.468179251324907245e-03 -2.838088039668162227e-02 -1.313126374263108055e-02 -2.399312880249095462e-02 -7.653584320799780788e-04 2.944344787295809923e-02 -2.595072209144669642e-02 -6.975909656712812358e-03 3.389464323256188155e-02 3.356603918703065549e-03 1.910864696212946981e-02 -1.345493645240761031e-02 -1.300188378589716733e-02 -9.240934497299029340e-03 4.742981181115653137e-03 2.714396119180437911e-02 1.263030130888799334e-02 -5.555563164662994519e-03 3.386096059904840968e-03 2.334731196730591499e-02 2.068455558866200139e-02 3.674017504076045049e-02 -1.860513839389358465e-02 -3.124818165311072857e-02 1.373794513923032833e-02 -3.334256187905160901e-02 -3.517836220756120208e-02 -2.385241574564386791e-02 1.851089343974885240e-02 -1.729146469546152462e-02 1.028279340033423118e-02 -3.352572190720508327e-02 1.164313895480821072e-02 3.587345102645443651e-02 -1.868186749479849515e-02 -2.237823516273503704e-02 -1.482405688610202287e-03 3.641310474804216463e-02 -1.263850270923331034e-02 -6.925780939126439245e-03 1.600255658069351522e-02 -1.998237907511338576e-02 2.761210620561727752e-02 7.593366347977308257e-03 2.761142658030072208e-02 1.443657520356518044e-02 2.719949484794245351e-02 -2.345427502144357274e-02 1.889320865173833505e-02 6.833053781689613602e-03 -1.346722035160301083e-02 2.794712458349983900e-02 4.669767716635114981e-03 -8.729311904877041367e-03 1.697236746147435735e-02 1.637047432026497371e-02 -2.258993494769353724e-02 1.443347541817206758e-02 1.670386086750539484e-02 2.156251753470140101e-03 3.277580009910207454e-02 -3.773565543754643951e-04 9.958096018229466162e-03 -8.098109028854924563e-03 -8.531359250789472383e-04 -5.949606729431453252e-03 2.771855548166077265e-02 2.004131020588175577e-02 2.713202466685246065e-03 -8.892703658816121515e-03 -1.979400268854852180e-02 -2.429363721287384776e-03 -2.969819682081736162e-02 -4.331330925259365208e-03 2.397602229593247605e-02 -1.075842775706667073e-02 -9.632605492643260200e-03 -1.887440992357158551e-02 1.478463669556556899e-02 2.656881308948664047e-02 2.929934463796786404e-02 -1.273527175641542644e-04 -1.333226764322724064e-02 4.401742665110368324e-02 -1.965690796660544623e-02 1.490357421238786180e-02 1.623357573328267078e-02 -1.000416867263557476e-03 9.464804450225332982e-03 -2.251104924414988606e-02 2.809463791648280848e-02 -1.102037304467762442e-02 -1.905445632961558786e-03 -6.621845344725559197e-03 2.732857000165089811e-02 -2.220593328513657556e-03 2.733471510761551621e-02 -2.086601159968335534e-02
1.263707561772013307e-02 -1.127424036155563920e-02 1.436546245200886855e-02 -1.109264349724758264e-02 1.043596652066256479e-02 -1.777319061918180426e-02 5.344674702665554861e-03 4.628691825040168184e-02 3.234291872936488621e-02 -3.941963674554602864e-03 -1.532094794873101185e-02 -2.894542004071572541e-02 -1.200236673836189288e-02 1.347306369827335447e-02 1.639959999647525035e-02 3.082820828566211740e-03 2.153075957889562242e-02 3.437676984666435814e-02 -3.112890689773686187e-02 -4.405331944150192233e-03 -3.871712853043585145e-02 -2.430215758431985770e-02 -3.669123868084895462e-02 9.927831834718228374e-03 1.206683672710809167e-02 4.001944527390260270e-02 -2.104578223166694850e-02 2.815147628273081612e-02 4.990178907696561639e-02 -4.074582851017905655e-02 1.969600845879288312e-02 -9.815256768751069380e-03 -2.747587261345658602e-02 -2.743294046308012921e-02 3.649219359520324696e-02 3.099137337202711659e-02 -3.306756826621581186e-02 3.504730053329500883e-02 2.622179375550568597e-02 5.152892203631674606e-02 1.877450419508338783e-02 -2.072149801623926826e-02 -4.177624710478921449e-02 2.574140124808521959e-03 -6.745120146946915855e-03 -1.461593037911126762e-02 -8.880171280731118111e-03 6.700707494786884398e-03 -7.707672548308112069e-03 -1.472663899523783682e-02 2.940584863811671057e-02 1.061576444578349668e-02 -1.757174250974349178e-02 -2.040177347315560996e-02 2.353770536999955434e-02 -2.470434197492908310e-02 -1.906653137815409252e-02 -3.255605587618505548e-02 2.305238870280841915e-02 -3.361973148185128102e-02 2.354535490096191369e-02 -2.439625865661372225e-02 1.186891731115173078e-02 1.823844568069676528e-02 -8.577287312690157900e-03 -1.726394520666366117e-02 -6.775316442616711489e-03 2.575238301458849383e-02 1.786013340818389319e-02 -2.051487148357122522e-02 4.939720989524876149e-02 -3.203152539303052992e-02 4.020118895509254033e-04 -8.845494310183969408e-03 2.638161089269211793e-02 -8.882662156846434648e-03 3.749044651201605821e-02 -3.409449405113267051e-02 -3.224485908349135951e-03 -7.523319834473496913e-03 2.341470036432189566e-02 2.205815232621616273e-02 8.818991713778295133e-03 4.204261667546812381e-02 2.726400458962355278e-02 -1.519812177953270942e-02 -4.792636868143784756e-02 4.809742002076114117e-03 2.721855090265046934e-02 -1.866477787614569464e-02 1.283441412908423868e-02 -3.662215777039035808e-02 -1.675417941523620752e-02 -9.378783845084958520e-03 9.430269247415775172e-03 1.270133728707342410e-02 -8.445852997948446322e-03 3.235726321335162525e-02 -7.534478023917236082e-03 -4.836375895436120093e-02 -3.140082335523645268e-02 -9.114392761537382440e-03 -1.462203051937763752e-02 -2.223717001022049861e-02 2.812763227273894912e-02 -2.596772913270975567e-03 -3.641592206784350499e-02 -4.666578836757702409e-02 -1.048080740626532604e-03 2.565102201346396507e-02 2.940019966786208694e-02 -2.450211288422239099e-03 -2.049476305590288751e-04 1.602368142530770367e-02 -3.006668632860985332e-02 2.192817806457871953e-03 4.184467884630751339e-02 -4.254389456530072167e-02 3.061946633246942148e-02 -2.148453621317373673e-03 1.351513445642995442e-02 -3.169544950338501303e-03 -2.006518312762076497e-02 -1.184328414911518107e-02 -2.046553912511810472e-03 -2.984905748759420288e-02 3.212118470596963399e-02 -3.660378743437918414e-02
1.937302077246148488e-02 -1.802600949189640464e-02 2.078807463037293107e-02 -1.875242270679277766e-04 -2.214473063828827429e-03 -4.441462651462085853e-02 1.804136247605619622e-02 3.234291872936488621e-02 8.936935642638474397e-02 -5.300838695363810360e-03 -4.043855060695212417e-02 -1.250567564859027953e-02 1.096183543403151175e-03 3.460034941931377367e-02 1.843767640646375855e-02 -3.122011653513983784e-02 5.298754629150018158e-02 5.370473020148758964e-02 -8.718951468110283654e-02 6.137500743010121905e-03 -2.897981010295474016e-02 -6.315640147087521472e-02 -3.617836557548028548e-02 3.289313534665040673e-02 6.462214926568184137e-02 6.597966105420065286e-02 -3.046529545837006053e-02 7.898102790726004366e-03 3.816687305877489167e-02 -3.387688998671910950e-02 4.155159231439548365e-03 -2.701302767767121277e-02 -2.384052216229793839e-02 -1.415977715118038084e-02 5.106813595090851227e-02 5.279225215578876168e-02 -6.928289502540221911e-02 1.606850319918262660e-02 8.352478189811794740e-02 3.482783080588999075e-02 4.348583363119190581e-02 -3.910206337680346284e-02 -4.658852304979060888e-02 -9.289807624058408000e-03 7.069378207258300226e-03 3.185406981482744471e-03 -2.590023803999160282e-02 4.626087977748723212e-02 -1.285007205747397971e-03 -5.822919167335891856e-03 6.147031311657354287e-03 5.622762375096228976e-02 -3.656979896346533587e-02 -7.281901027426143647e-02 5.284974668663911662e-02 -6.318976870538363377e-02 -3.466331952573709768e-02 -3.387497253159999638e-02 1.899673575093797570e-02 -6.409591082037358056e-02 3.489191480866987022e-02 -7.953916788018547401e-02 2.742567655217710565e-02 3.470005643776773868e-02 -5.427289761068669616e-02 -4.627648425395242821e-02 9.527257729319527427e-03 4.690474048176681426e-02 -5.428589622879179816e-03 -2.505219320918163073e-02 3.204155900681853603e-02 -6.271265207827964039e-02 -1.112900149928636520e-02 2.786674341134487073e-02 8.078408100545544923e-02 -1.777806304127061256e-03 7.728189083486118605e-02 -2.866764014120173204e-02 1.458925125733642053e-02 3.709341005822533108e-03 2.245564821761571184e-02 7.761821910837506458e-03 -1.643108548439635441e-02 4.420182723851755896e-02 5.233166217075359283e-02 2.170429499596362739e-03 -3.688314327182036501e-02 1.299890169656598739e-02 4.656565908749679683e-02 6.709093332906811667e-03 2.923103463825175302e-02 -4.599645543222913302e-02 -3.511001085860349785e-02 9.531015181346276857e-03 -5.758964942874849474e-03 3.941269759987204094e-03 2.828049120293130506e-02 6.626613035069225943e-02 1.356070609575237094e-03 -4.915891510242680063e-02 -3.154773755123182338e-02 -4.998462256386124181e-02 -5.321269588229052272e-02 -2.776594230310447387e-02 3.180998330556683573e-02 -1.612002953705785058e-02 -6.067888092645047637e-02 -3.554777953029760601e-02 1.712158040923560456e-02 5.644629139861442706e-03 8.468357561504324948e-02 1.193135324157498485e-04 -2.872708468444719679e-02 4.077463312865960837e-02 -6.215256898694791754e-02 1.236347311457277297e-02 3.415308470128760460e-02 -5.759459143930126257e-02 2.655744941239318591e-02 -1.609290046974753974e-02 2.012413784547921816e-02 -2.077146803113608109e-02 -3.064945192324268486e-02 5.429182303005559914e-05 1.663874366012878595e-02 -5.794754938958707885e-02 6.853295547874363458e-02 -4.882662121170120578e-02
2.454695989701964273e-02 1.296681074184603127e-02 -1.835248204903821082e-02 3.347939412840262446e-02 1.628123887099902634e-02 -4.717011750886974941e-02 2.655047074981280956e-03 -3.941963674554602864e-03 -5.300838695363810360e-03 5.529701312503513405e-02 -1.460421621746029776e-02 -6.235313132652726617e-03 -1.664694612031424048e-02 -1.839743553632675402e-02 2.294202690139971260e-02 1.260298549828765130e-02 5.075297907866876956e-02 2.780139942640608153e-02 6.623140926321072382e-03 -3.711981789052854613e-02 -3.970723357184183927e-04 2.022355686186232127e-02 1.023433193311559970e-02 1.446730799930136084e-02 3.485538078947993806e-03 -3.625828624833160596e-02 -2.265007543207025673e-02 8.603881094527591339e-03 -1.272878881794373140e-02 -9.485218004720987611e-03 1.979810686301706341e-02 2.401676950009012934e-02 -4.773456861197186187e-03 -3.891653620981534115e-03 -1.816645615883673683e-03 -2.363429133106755703e-02 6.075048393479069199e-03 5.213631016436898538e-03 1.142679929448172163e-02 -7.135840931372687372e-03 4.789315151362687900e-02 -4.657236947759582635e-02 1.603808345420580563e-03 1.221919680360915479e-02 -3.769637228650053740e-02 -6.264581676167022516e-03 2.725975999265243394e-02 -1.202436594751684837e-02 -3.076138422894765523e-02 -9.406578445246688985e-03 7.490718286707586000e-03 2.079142150520061141e-02 -5.278780739825009172e-02 -1.785676568617585586e-02 5.301201585070398556e-03 -7.408384739188757576e-03 2.490219490184718276e-02 -1.268660469196337265e-02 1.008632336054475671e-02 -4.098787250188704046e-02 4.269806742206851136e-02 -1.559883615131915646e-02 1.812779885639672489e-02 3.838260972269317423e-02 -1.510263654179799971e-02 2.396446051935957611e-02 -2.440881062007603866e-02 -1.424987853485190636e-02 2.350299016463488003e-02 1.831273749861082531e-02 1.388669637879652672e-03 1.250822563026462997e-02 2.935636182853687526e-04 -9.947164092101133670e-03 1.277941445477852843e-03 -3.271050534428220080e-02 -2.302931344304823269e-02 -1.806368879683736481e-02 1.060984243047346370e-02 -3.102357610885300016e-02 -6.106223590793478408e-03 1.480805285010368226e-02 -8.143434856934121712e-04 1.407663247221173884e-02 -1.805217054733245299e-03 2.185048231482151007e-02 -1.043090391995052553e-02 -1.299089836056400472e-02 3.875069878724413108e-02 -4.348519231594986587e-03 3.014201462682244287e-02 5.996386880700459859e-03 2.984366537155109730e-02 -2.172078606725860121e-03 1.937142961422713000e-02 3.757288000476612794e-02 1.671033411358491955e-02 -3.076149883362423276e-04 -3.561377739826687011e-02 -2.704563900737314811e-04 -9.997414376558547838e-03 9.365894522442059708e-03 3.519697434405640382e-03 4.007352872693228235e-02 1.364766161675808748e-02 3.834329996044352068e-02 -3.498364592035659720e-02 -2.387132054542251067e-03 4.018524434304873195e-03 1.156889200702406265e-02 2.393088263052491494e-03 -1.740509007260821958e-02 1.225795472481728231e-02 -1.479290293918443522e-02 -4.678361100878036805e-02 5.661255764784028227e-02 1.032574203212059845e-02 8.851985979528553469e-03 -9.096799822435226723e-04 2.845632452088585687e-02 3.044495894783526627e-02 3.610372143143882745e-02 2.179010583013152660e-02 5.239512637051158342e-04 -1.092516222936781162e-02 -2.532770325966440111e-02 -1.790688764277433356e-02 -1.521855665516400058e-02
-4.438836836090663540e-02 2.744607728667671290e-02 -3.029631287093160000e-02 -4.510313482074571403e-03 -9.462660533354447538e-04 5.237998564556275299e-02 -2.583785828950290950e-02 -1.532094794873101185e-02 -4.043855060695212417e-02 -1.460421621746029776e-02 7.308739108114603589e-02 2.068383145157079439e-02 -9.473508752892399742e-03 2.654482033613172250e-03 1.387726882030951986e-02 -5.987452131255645337e-04 -5.065961348753634380e-02 -3.004399477459667941e-02 3.765241980954932288e-02 3.864188449970628204e-03 9.735905549089214628e-03 3.626071608480954233e-03 -2.395848555788596818e-02 -6.446849751451926014e-02 -4.648476721878607582e-02 4.780992289738613711e-03 -5.326134475396414672e-03 -1.839285802069824324e-02 -1.342404296404246453e-02 2.433114342049924606e-02 -1.161535753487324962e-02 3.347304834117643263e-02 -2.646952483799558387e-02 2.649655749592198448e-02 -5.422812623514666752e-02 7.152414254467814175e-03 6.947620470674682747e-02 -1.037519727968168673e-02 -4.740476417426207206e-02 -9.761230714998684471e-03 -4.795688662173951122e-02 3.571221811523671297e-02 -8.438336789376514949e-03 3.811424857607649541e-02 1.000500511163803646e-02 4.914401611721476090e-03 -1.656761757831304999e-02 -7.533743466992941576e-03 8.538916247563947334e-03 -1.100251543215653369e-02 -1.928997190457742289e-02 -4.717776373802934353e-02 3.911981766224455898e-02 4.655844491054512979e-02 -6.843835962171770926e-02 7.224607832897313175e-02 2.590713605217021334e-02 -1.603933450136734232e-02 1.890507843496132961e-02 4.504708576243533075e-02 -1.709963847175264076e-02 4.539543816511431434e-02 -3.254035799236498772e-03 -1.686389918926822773e-02 3.169692137037458113e-02 -1.788420602964690617e-02 -3.287441500159363466e-03 -3.252930443761067880e-02 -1.581531178536363033e-02 -2.383861518920999192e-02 -1.684306413535381283e-02 6.224878341480045291e-02 -8.165483963229582323e-03 -2.415363753745862832e-02 -4.396489826039565868e-02 -2.077747065302559381e-03 -8.352440451792933832e-03 2.973525991881531896e-02 -5.727795359678145709e-02 2.856929932591550664e-03 -3.699883162011285975e-02 -2.242667597070664709e-02 3.975210050360171942e-04 -9.426904068452280142e-03 -6.295910955245097307e-02 -9.026144559194477016e-03 2.662703074512485016e-02 -3.808393824204989175e-02 -3.525531227775906967e-02 -7.910865407659900192e-03 -7.430085528081689823e-03 5.087964410522891751e-02 -8.656429909135541362e-03 1.390026262959664742e-02 -3.763589895118325812e-02 -4.613905132447405216e-03 -3.017334450208213406e-02 -6.929703835588030270e-02 7.490663357208076321e-03 -2.437989052888418426e-02 -2.273997059437102286e-02 1.183187747316986720e-02 3.871337005975827861e-02 -2.949044344297941170e-02 9.869842443289384565e-03 -2.668308772248030591e-03 3.303836797504707684e-02 2.141836297594472069e-02 -4.828180164425619619e-02 -2.059878879768370710e-02 -4.297641272111912825e-02 -3.214994969639134448e-02 1.903713501400073477e-02 -2.869396680175083716e-02 4.335196130326877256e-02 -2.408693085350287894e-02 -2.118131706846793430e-02 5.154751503454024775e-02 1.626466355768715899e-02 -1.524765751367579934e-02 4.516114758180612802e-03 3.722165372824340780e-03 3.130953389488920491e-02 -3.037685197112907284e-02 -1.900813497481840600e-02 4.219700881185380059e-02 -5.673939310440246492e-02 -6.335968973527730634e-03
-2.623127884681559704e-02 -1.143659883121820806e-02 5.692931972907742250e-03 -4.422254655374250124e-03 -4.713378838729155411e-03 2.479360890292328298e-02 -2.640068112874453810e-02 -2.894542004071572541e-02 -1.250567564859027953e-02 -6.235313132652726617e-03 2.068383145157079439e-02 4.912784467693421392e-02 1.010838307891009230e-02 4.896413487101231379e-04 -1.329217561712428552e-02 -1.950863729003131375e-02 -3.157014386189524457e-02 -1.241681317655460824e-02 1.109249544457040215e-02 1.172031107426752677e-02 2.599407046123153667e-02 2.600428921879748348e-02 3.232048364373258514e-02 -7.604422280252183877e-03 -2.216491747856776801e-02 -4.013079037858187370e-02 3.710353243595591877e-02 -5.036474402678230156e-02 -3.335767547894538665e-02 3.250873636213580387e-02 -1.029191521683720661e-02 2.798952014168794647e-02 4.722997248088690175e-02 4.060673162142809656e-02 -1.700128587342479916e-02 -3.621640438402336931e-02 1.558437727748605145e-02 -1.714846266061116273e-02 -2.287688156902372566e-02 -3.371308236906101624e-02 -2.081364848283882504e-02 2.075928601803129006e-02 3.619027783152695826e-02 5.166730787259881871e-03 1.257279513956308971e-02 -9.387415206059629078e-03 -5.700283061976113910e-03 2.055326806091479358e-02 1.465148105817096896e-02 1.865111814319018058e-03 -4.815268316269304127e-02 -2.521974090634854920e-02 2.107401868080363908e-02 1.407830798682572528e-02 -1.205432604014081361e-03 1.475104637571522832e-02 4.232350381032659592e-02 5.328623129643617062e-02 -4.376528222920361699e-02 1.755998203538736840e-02 -1.304221143883492300e-02 1.759467980247540059e-02 3.715308090426807383e-04 -4.130970984606927715e-02 -2.720594599779319750e-03 2.016930744987731339e-02 -1.484522946909379087e-03 -2.259698551849766840e-02 2.984185430114292582e-03 1.649897649210135819e-02 -4.019819562774553517e-02 1.294048573915867681e-02 -1.468381724551839733e-02 7.523345507276505383e-03 -1.723782248167801678e-02 1.267284563609172385e-03 -3.207082371626060469e-02 2.621137855291800697e-02 3.555582359302365911e-03 1.397033389220598242e-02 4.731120569831392259e-03 -4.214095324121590325e-02 -1.436134552806422188e-02 -2.212093526514267647e-02 -8.830396037060614031e-03 2.871194256065392938e-03 4.353893509610458346e-02 -1.050898899026939982e-02 -2.656871008382977878e-02 1.242457862939040127e-02 -3.790949409635066547e-02 1.889041891886817162e-02 5.602885477723026008e-04 1.991653143925096320e-02 -9.401291577046593656e-03 -1.723023969640673919e-02 -5.799505567027223724e-03 -7.233616590270660479e-03 1.689117192832779307e-02 4.164210480473373721e-02 5.152592154839034239e-02 -1.457209567777979428e-02 2.790795448018579955e-02 2.150621473158807057e-02 -4.836204427789644184e-02 -5.201049216310533845e-03 1.608306756716377725e-02 3.857725404803794694e-02 -1.436111898976411656e-03 -4.930070414416910796e-02 -2.154017753715794722e-02 2.211882510190448133e-03 1.379703799358317391e-02 -3.429764665483176628e-02 2.107447661119040902e-02 -1.157201553646076617e-02 -2.996327586544328403e-02 1.671518949266306148e-02 -4.558201736283446631e-02 2.489433118564698261e-02 -3.588159163220345366e-02 -7.819286096272750133e-03 2.917076601201763937e-03 2.859350740401302160e-02 -3.307527526805225087e-03 8.731798720895475943e-03 -1.513311128447143716e-02 3.230437597170979919e-02
