1.368911207266636787e-01 4.338433971526389765e-02 -5.099114182350059782e-02 1.046823204607005842e-01 9.208053049821621205e-02 5.030675035891151239e-03 8.798726571437703869e-02 -7.314078868077329709e-02 1.565777809513775945e-02 -6.840513605070558389e-02 1.797031990172664323e-02 -1.175545670485732136e-01 -3.885047652879628486e-04 5.452345182713254357e-02 -8.151012714068164855e-02 1.145346830180705017e-01 -8.242593703412524897e-02 -2.753076497889268837e-02 5.189764027630960203e-02 -6.040843880060523322e-03 -6.933050559128787170e-03 -1.620754317410771786e-03 -4.331229663254458108e-03 4.424292797623292223e-02 -5.419947414370923644e-02 -4.116058553306624172e-03 2.435760821545726595e-02 2.620817446248008969e-02 4.893090722679463260e-03 1.164401664259979013e-01 -9.961230468032124946e-03 -9.659463025414315174e-02 -1.110439893751149869e-02 5.149168842605234692e-02 -4.642938572992347940e-02 -3.431405338895813367e-02 -1.212592392415699355e-01 1.586717650469669436e-02 -1.546037931961907926e-02 1.296854676825975883e-02 -2.565621079799634829e-02 -3.552905258611581407e-02 -3.076595160190165323e-02 7.578639033353561094e-03 -9.669628576245929696e-02 -1.903966193568792931e-02 -5.145143144083950265e-02 2.106287696459606656e-03 -4.145674327145054336e-03 1.349557982609608520e-01 1.043894553967363893e-02 -2.015664056730324255e-02 7.299506956174327266e-02 -4.288547260653891718e-02 5.368908642363858646e-02 1.504371091133411553e-01 8.210100431946934507e-02 1.189975395151901677e-01 2.992709075456343945e-02 8.178400023125965285e-03 -1.189898573314613073e-01 1.009415389362777193e-01 -7.440331328267960065e-02 -2.318586843053226793e-02 -8.822211601571007533e-02 1.115471232474052332e-01 1.163445383685307588e-01 -4.726164852069562883e-02 7.226243935603662849e-02 -9.187792823548836252e-02 1.106229184024601769e-01 -6.178724476245239794e-02 1.038930536874129729e-01 -4.644929465650438072e-02 -8.005673367586424449e-03 6.955551850794552786e-03 3.891906343442363275e-02 2.825495757425070323e-02 9.239431474207841777e-02 -3.352246822175629793e-03 1.082409664300163082e-01 1.017818977537622155e-01 1.009160882691572114e-01 -1.812553413932842944e-02 -7.972006560128648556e-02 -3.296291995550477277e-02 -1.447843827723217791e-01 9.567194557347344364e-02 -1.522718962007877340e-02 8.431557889486922253e-02 -7.204388584712338728e-02 -9.033196277814975472e-02 -1.019148285181890462e-01 -6.212423366799363356e-02 1.050193856507167095e-01 5.095356723613805178e-02 -5.094914115741046301e-02 -7.242805223452002290e-03 1.156490146735041080e-01 -3.762164004081462038e-02 -4.196553442242798720e-02 -6.934874586874231750e-02 -8.626052200395788183e-02 -1.186577043061146641e-01 2.106166714600096745e-02 4.275555787391605023e-02 2.799036361593577535e-02 -7.073320453296953747e-02 1.589733314062698188e-01 4.936580346260371899e-02 -3.285927634268091119e-02 1.025298029568307012e-01 4.023974030150752335e-02 -7.064445476625917653e-02 1.342064445496640723e-01 -1.314876003972631664e-02 -5.009418287834293583e-03 -8.856258800789543195e-02 -6.632103062131333368e-03 -6.117334176048008082e-02 -1.106991673613228061e-01 -4.552913248817144071e-02 -1.220279142528778171e-01 -3.922740146057503846e-02 6.650266668744624944e-03 1.287913594552147871e-02 4.253776410960709298e-02 5.693316921273208764e-02
4.338433971526389765e-02 6.557366968422716491e-01 1.583412011922891716e-01 3.422874670658430929e-02 2.963563181798609669e-01 2.866490146634220748e-01 4.613507390876247505e-01 -5.410487758490081234e-01 -9.884371561913447846e-02 3.045964714273004248e-02 2.748372753809957270e-01 -2.591635737649467530e-01 2.485882750316292245e-01 -2.041447723725230493e-02 1.734067059498761165e-01 2.002899800082068027e-01 -2.174822591651313919e-01 -3.810200470198388256e-01 4.956586193635630910e-01 3.146474185564673842e-01 1.058116384827339218e-01 4.669787841417046836e-01 -2.706926127487553901e-01 5.508004950973437175e-02 3.477101432106257661e-01 -1.828118181357290262e-01 -4.138863662238377872e-01 1.461994774680152320e-01 -7.274362870458363217e-02 3.373892452116160623e-01 6.834676239586481850e-02 1.809991827352795124e-01 2.989717371956084335e-01 -9.953868206896417103e-02 1.469174535883943991e-02 3.422475882635420130e-02 -3.820229368232022638e-01 -2.287103983668325180e-01 -2.649855002387686009e-01 -9.946746091494745867e-02 -3.068670629096595381e-01 3.940288211144689079e-01 -4.721615632505267099e-03 -8.412041159082203623e-02 1.680037778662840375e-01 2.973322946032861541e-02 7.916678331506864230e-02 -4.264285049353820634e-02 2.681989662329377633e-01 3.704489816722745243e-01 -1.862200839197314106e-01 8.492584228531272969e-03 -2.103796779280856510e-01 -5.061415368448408947e-02 1.437569060917719133e-01 4.377974687345370652e-01 3.936254648348074814e-01 9.179595230386376759e-02 -9.076686766855326244e-03 2.976276486532082877e-01 -2.711053318688986247e-01 3.848260237927290106e-01 -5.426436431652835735e-01 6.785477933839403897e-02 2.693558276979642896e-01 -1.370081791692914774e-01 -1.273802945871614356e-01 -3.678138026873161159e-01 -3.697349070223638484e-02 -3.300378989892313042e-01 4.180627259908838989e-01 3.763463684867558029e-02 2.165844149730712931e-01 -3.479624963461181442e-01 2.361223331019462190e-01 3.041238967014313621e-01 -1.530718711193853609e-01 -9.688269540844793304e-02 -6.385007208599856321e-02 3.031642941895660304e-01 -1.434446946823913771e-01 6.469250699478340527e-01 2.893634114429909920e-01 -7.656361670819272769e-02 -3.840915476184756927e-01 -7.023432129183911077e-02 -4.446132253040881999e-01 3.320557738754782023e-02 -4.552318010631578593e-02 -5.792007753053245167e-02 -1.746234063982089191e-01 2.441562376244593990e-01 -1.244621267250697744e-01 -1.682109384387913686e-01 -9.275775414541835573e-02 -1.178092477468004745e-02 1.386757558363099219e-01 -2.578300483201583782e-01 4.623802430002815211e-01 1.977874322286390651e-01 1.042434320189039587e-02 1.005409189024369758e-02 1.641051218951307122e-01 -2.504606095671363386e-02 -1.502960379609111219e-02 -1.169755600237209299e-03 -1.369913048688917862e-02 4.513378284997006384e-02 2.542314192712702980e-01 1.782866755076453757e-02 -4.496707841973036635e-01 4.681657478555980023e-01 1.369011530082469008e-01 2.510981959584678291e-01 4.286380130921340625e-01 2.408093871733118715e-02 2.540334150912382793e-01 2.476735378092484174e-01 -3.101527447476105648e-01 -9.472644734526541876e-02 9.395735544356489943e-02 -2.604137493955955840e-01 -9.390301607863085764e-02 4.352288181186414473e-02 2.895811001162795773e-01 3.006211406636409289e-01 -1.543208490740758942e-01 -1.169024841442730007e-02
-5.099114182350059782e-02 1.583412011922891716e-01 3.617178156453993987e-01 -1.865189551354587139e-01 -1.382753579682562683e-01 2.384602271407854079e-01 -3.020611634310467518e-04 -1.332470204993291274e-01 8.755664814703087440e-02 8.072428473109322100e-02 -1.836370102846189012e-01 2.271253271003843555e-01 2.376675380997379516e-01 1.388134599039361761e-01 8.451725721086524035e-02 -1.685191243148716211e-01 -1.780741170556319683e-03 3.856357003160994917e-02 -7.060005526993186342e-03 2.894183986657070662e-01 4.396025037260740953e-03 9.650626014403795860e-02 1.890291891603001484e-01 4.355179967663348750e-02 2.312005715631541836e-01 -1.789843834353545826e-01 -1.505982438102626275e-01 -1.825865080003166718e-01 -3.215930999516708466e-01 -8.520739643621343118e-02 -7.204192019260589885e-02 2.313344374037680506e-01 2.761544124455233562e-01 -3.349442875636741146e-01 1.248178804127952068e-01 1.864396838036369575e-01 1.243444462054239391e-01 -2.208495700363841685e-01 1.435079873408742490e-01 -3.223837603560147924e-01 -6.965600951998603130e-02 1.147719383007403809e-01 9.766269015384307361e-02 -3.281700408900369847e-01 2.932645016399758608e-01 2.845691291227361308e-01 3.255370560603965124e-01 -2.009823784763169197e-01 2.468105713535863333e-01 -5.507995210939640313e-02 -2.741357238117029249e-01 2.952059332550200366e-01 -1.379289462502594488e-01 8.409540151870065205e-02 -2.474615104314130398e-01 -1.069836571093250449e-01 -1.036352713002141740e-01 -6.429011303616646855e-02 -1.792623982216817180e-01 -1.192841113265514369e-01 2.365095789909003321e-01 6.377346850850552917e-02 -1.567682123677065220e-01 3.049520124099737162e-01 3.547157296736332399e-01 -2.169725004173501115e-01 -2.413332076711806606e-01 6.185737222102889732e-02 -1.546812187863393639e-01 1.299524025017632367e-01 -1.688947481687141372e-01 5.013683212089691671e-02 -1.227027475441097720e-01 6.203621390134392288e-02 2.582627935017292597e-01 2.467847550156224978e-01 -3.496140170301925698e-01 -1.852136775786395254e-02 -1.804551797920138922e-01 2.435170012681611429e-01 -2.364867807028487035e-01 1.277861716649682511e-01 -1.561186245637050107e-01 -2.288894376092509286e-01 1.060707594678395038e-01 -1.264346018824863693e-01 1.862437049597104322e-01 8.991201063733168797e-02 -2.147016026110549758e-01 -1.579750870008860830e-01 2.506968421865724550e-01 3.283406349746347819e-01 1.502686594270220000e-01 1.176995632207629705e-01 -1.964334662991948643e-01 -1.753822363658859296e-01 3.485089560903344430e-01 -1.950364925454918519e-01 -1.364686219448680293e-01 2.490287764209380972e-01 1.161047071419949867e-01 6.037224124649555324e-02 1.187220126857068681e-01 9.929377876456474405e-02 -1.816318034407237991e-01 -1.508182667864399473e-01 -4.276791157692815676e-02 2.344457521330373939e-01 -2.901153373274762415e-01 -1.559236438427962501e-01 2.860199439499104893e-02 -1.063224810802714665e-01 -2.202970528351862189e-01 3.055762541478612149e-01 -1.635217928428095158e-01 2.806600757510950284e-01 2.560101146948833839e-01 2.588354815658932551e-01 -2.354838454762833433e-01 1.067555728956096350e-01 1.053860890811531420e-01 -4.146203735001548207e-02 2.013076806699832522e-01 2.251145561355711588e-01 2.305154215300334597e-01 -1.472709044474401763e-01 -1.062578300303154005e-01 -5.921357765817321372e-02
1.046823204607005842e-01 3.422874670658430929e-02 -1.865189551354587139e-01 3.907458539688889454e-01 1.131915510139859526e-01 -1.461844144799667733e-01 1.433428370506062144e-01 -8.367216149319027215e-04 -4.105766473346594142e-02 -2.694626100017110670e-01 3.250972069366344641e-01 -3.031039247265104875e-01 -1.636809908331131047e-01 2.314172923791291137e-02 -1.406949319111966412e-01 4.385290574440844913e-02 -2.941412182946665510e-01 -1.349588388905290370e-01 3.426633197069082343e-02 -2.033765450350334680e-01 1.915860177527935748e-01 2.013267042938326687e-02 -3.032281129659182839e-01 -2.189545206625892193e-01 -1.215331690188022756e-02 -8.136201212265113669e-02 4.940222403442365989e-02 1.345295802200235646e-01 2.698012774331259855e-01 2.349637241652620390e-02 1.089790087358183807e-01 -9.912100684557242913e-02 -1.897697370231596070e-01 1.446545148080910781e-01 -5.715666780940262953e-02 2.808119499814245527e-03 -3.608130068457194306e-01 -6.576303357622639845e-02 -1.609005549822048187e-01 2.723117495147722167e-01 -5.207048592621473654e-02 -3.475893128277334626e-02 -2.131852221505317960e-02 2.756082787247723376e-01 -2.442548344392111714e-01 -2.506075646836388171e-01 -3.122133963690587599e-01 3.495262222096893745e-01 -1.712165743609809221e-01 2.062156047339020748e-01 1.063712390385435219e-01 -2.612333527091019736e-01 1.209359379899156289e-01 -3.559316673780354989e-01 3.282508946520076298e-01 2.355547397605166349e-01 3.274691323446166646e-01 1.837564041081886090e-01 5.213663211990889577e-03 1.306357272761611010e-01 -3.340956191450109025e-01 -1.137884246252486159e-01 1.341419047054996649e-02 -2.636317093871528017e-01 -3.414738979752848236e-01 1.123888602384566365e-01 1.428859350336180722e-01 -3.529282717255276258e-02 1.279989016048820039e-01 -3.785397304115422079e-01 4.146282192161076519e-01 -2.417698652416190308e-01 -1.094814819748457686e-02 -3.433888848401942667e-02 -1.834879476732280967e-01 -1.711697940262012774e-01 1.701259354168435656e-01 -1.977644721603267347e-02 1.558206740593250927e-01 -1.551938092018247950e-01 1.374248792384188955e-01 4.187727211712746755e-02 1.258867096889874637e-01 7.331963678450125442e-03 -3.023674010678690793e-01 1.825998008453064980e-01 -4.318139393016817151e-01 -5.897276456887086404e-02 -2.692248784047204802e-02 3.436768222105655579e-01 -1.793456580510933152e-01 -6.672869720156207607e-02 -3.753434926767933999e-01 -1.147499867307825126e-02 1.054305574237228843e-01 1.043245949678948403e-01 -2.861084583328187825e-01 1.220319304837366586e-01 3.674227911964015325e-01 -7.239904921135430216e-02 -5.121391701532265750e-02 -2.513928959459801327e-01 -1.709899055820301716e-01 -6.285038096724945844e-02 -2.526811479459731692e-04 6.686597482276789017e-02 1.430903996911958853e-01 -7.135279335570052228e-02 4.216011162142607183e-01 6.730902896717493034e-02 -3.526771759835905379e-02 2.532186025648928140e-01 1.494244282816557801e-01 -1.911173873773045762e-01 3.880666063731692539e-01 -2.445592063330633004e-01 -1.678133294349731797e-01 -1.612816666477394079e-01 -7.133944271303063744e-02 -3.757513372017599607e-01 -1.712058544696094531e-01 7.993995805709455671e-02 -4.162606757749313102e-01 -5.013413783113264410e-02 -1.426457609538334392e-01 1.567602507103978138e-01 -3.075267096021112173e-02 2.270732184703335987e-01
9.208053049821621205e-02 2.963563181798609669e-01 -1.382753579682562683e-01 1.131915510139859526e-01 5.285705884322680070e-01 -5.875293004677990122e-02 2.331215965500420262e-01 -2.450751143506943175e-01 -1.884167121819224355e-01 1.751539563858913184e-01 1.678163815000749959e-01 -4.414619018979396015e-01 -7.302277275772371679e-02 -1.290891973256564663e-02 4.764817083672559517e-02 4.153470521663027437e-01 1.558125355982938488e-03 -2.634706498732455326e-01 2.345513672693777807e-01 -3.073484099602711433e-02 -6.825721303932458239e-02 2.064615206639456857e-01 -1.625724598537758303e-01 2.532166070788527956e-01 4.366363756739497642e-02 1.270205561854365339e-01 -1.206853732105151872e-01 1.553995905826351664e-01 -3.263100433914294107e-02 3.773296874218161068e-01 3.432815625256971370e-02 -5.657702723111661391e-02 -6.437018212692682817e-02 1.768155784717274637e-01 -2.481688962107634622e-01 -3.955143486038545930e-01 -1.880377968780986842e-01 2.039741060412374185e-01 -8.748234139855300129e-02 -3.686392115352021132e-02 -1.113935186052343873e-01 1.059925061266210888e-01 -2.500250608947323094e-01 -4.765274166628370028e-02 -1.722658687151977230e-01 2.005032514619468562e-02 -2.162668841354999094e-01 -1.439053505648137110e-01 -6.553970575067633031e-02 2.800661993437622010e-01 2.757876720479985333e-01 1.693130544571469845e-02 -1.158226577825423624e-03 8.184561091064054827e-02 5.830159639149914280e-02 4.752510231620249992e-01 2.459166105920470580e-01 1.020777711605645455e-01 3.818649373568031025e-01 1.014372774747035327e-01 -4.169310666888126349e-01 3.397182947197827096e-01 -2.558036958945422712e-01 3.199449389490650192e-02 -1.046993798482085264e-01 1.090365063289361058e-01 1.094983672421523252e-01 -2.575446009045144757e-01 -1.280354807609611172e-02 -1.362902742467817230e-01 2.751734870301065783e-01 2.101267039204490483e-01 4.024284387412672692e-01 -2.484313521567129701e-01 -8.703016111188968673e-02 -1.425116491355500614e-02 1.107166134664528401e-01 -1.119898385634910884e-02 -2.905704391664128052e-03 -5.136259649277288147e-02 8.951955232552843977e-02 3.092267098934525227e-01 5.343321438644308419e-01 1.078688571839427485e-01 -2.249299036072551772e-01 -1.026318985054581190e-01 -3.010395706422983042e-01 1.912131143652775339e-02 1.450845632530737006e-01 4.676974874713561020e-02 -1.514143445471787808e-01 -2.569753169453761199e-01 -1.339795944148204909e-01 -2.338947207084753066e-01 8.498655012587633117e-02 2.142602901592323972e-01 -2.413651696541280756e-01 5.737432059228184805e-02 2.062184314064317847e-01 -1.190560087252590660e-01 -2.672860661846807040e-01 1.667309602785087830e-01 3.302611687206723212e-02 -2.732078859892554945e-01 3.668068020861566247e-01 2.187187950577886841e-01 5.547149042127273028e-02 -1.926293315318418631e-01 3.992281532242284992e-01 2.508325276690422379e-01 -1.789976497592538074e-01 2.482702028070450095e-01 1.138288899894698836e-01 -1.429236445884763396e-01 2.175849399719037569e-01 2.548551950194570884e-02 -6.920044815893854062e-02 6.634020318009039262e-03 1.370069926354166856e-01 1.418753122556847858e-02 -2.801491728711636917e-02 -3.728205128692246295e-01 -1.345528428275414579e-01 -3.852865701667907428e-01 -5.278039536079669192e-02 1.179991098889871803e-01 7.289383650282765803e-02 -2.006446711881937905e-01
5.030675035891151239e-03 2.866490146634220748e-01 2.384602271407854079e-01 -1.461844144799667733e-01 -5.875293004677990122e-02 3.149629542095711554e-01 1.590259463046177490e-01 -2.571927944325564375e-01 8.010050954489983388e-02 5.662681874215458322e-02 -7.022750972703617478e-02 7.875964135101504171e-02 3.036218137626691682e-01 4.295379506873737291e-02 9.979895582772360663e-02 -4.315084071424715728e-02 -1.621688662722590990e-02 -2.370230131880189661e-02 1.640195087573436405e-01 3.460795708179371655e-01 -3.207513969558306588e-02 1.707345501548421518e-01 7.853130918589443232e-02 9.234151277844659944e-02 2.068177885219409096e-01 -1.180155993411716037e-01 -1.932695726724545371e-01 -8.137526875470967036e-02 -1.744131065996661623e-01 9.867436094404113955e-02 -2.480557207965628647e-02 1.723655961137052772e-01 3.356117319888881068e-01 -2.017292612936651686e-01 6.739901817185595112e-02 1.652593670890664945e-01 -6.600781521362004967e-02 -1.869678088241598368e-01 -9.760366632596570100e-03 -1.811939248522480839e-01 -1.309288256317938104e-01 1.638531168453212505e-01 5.156690883592982000e-02 -1.782603703955419339e-01 2.660850725816111262e-01 1.343066371913870238e-01 2.366602609631702492e-01 -1.727151279717257515e-01 3.092922333849467686e-01 1.179015991656699042e-01 -2.637039279154392846e-01 1.302431608479071301e-01 -1.302482418745888604e-01 9.067646183713470864e-02 -9.230975418542108901e-02 5.438506718995846784e-02 2.272282677102308718e-02 8.641718983911642754e-03 -1.526240572230770087e-01 3.804665148464743407e-02 7.424118815557521900e-02 2.221014822384510534e-01 -2.651641425459425605e-01 1.536579413875836242e-01 3.443048433090728500e-01 -1.646117908596410329e-01 -1.747808350787753706e-01 -5.607911572032215491e-02 -7.501251264371948391e-02 -5.349055083271482937e-04 1.526418145391471824e-02 3.912983699744716076e-02 -4.517713659587078989e-03 -5.100199924613853242e-02 3.073547294900499383e-01 3.221746853901171215e-01 -2.322815925663869463e-01 -4.458772071527284525e-02 -9.653908577343241204e-02 3.204476335492936201e-01 -1.766592161579556841e-01 2.961783844276891786e-01 -5.827280979260115318e-02 -1.482826008050904532e-01 -2.449656068163805905e-02 -1.744271608009015928e-01 -2.433374940005000875e-02 1.006827261084825842e-01 -1.310612162909190748e-01 -1.638975774060077162e-01 2.071367471292198323e-02 2.280407654431491626e-01 9.952777870684237360e-02 -1.394812241973527808e-02 -1.311851402875433836e-01 -1.789330881328544676e-01 2.693461983173906504e-01 -1.993471056164597965e-01 9.189086133768692433e-02 1.671909887192881417e-01 7.725082738670899229e-02 3.827623817791828836e-02 1.139936299691715477e-01 1.223708060367209062e-02 -1.583883471297140855e-01 -1.578821875542761599e-01 -8.954988470201599715e-02 9.818550638628453786e-02 -9.632200752101345576e-02 -1.591289457768447213e-01 -1.429809647891567559e-01 1.151709587797339618e-01 -2.900219871548898390e-02 2.896640357431379265e-01 6.873762337528961652e-02 1.288861913819120131e-01 3.043896299734937250e-01 2.178399046208376877e-01 -2.177005486018802616e-01 8.581862413400058454e-02 8.272218287711041729e-02 -1.225614505703031543e-01 1.246266837507866709e-01 1.894995809172835277e-01 3.139142531103304989e-01 2.343139554358888293e-02 -2.473806417262685090e-02 -2.635710176279996639e-02
8.798726571437703869e-02 4.613507390876247505e-01 -3.020611634310467518e-04 1.433428370506062144e-01 2.331215965500420262e-01 1.590259463046177490e-01 4.895918984431346654e-01 -4.718017972051720688e-01 -4.781070341634842402e-02 -1.211313865401359990e-01 3.042065254123240692e-01 -3.137406645852361398e-01 1.243470573845792820e-01 -1.044885993613150627e-01 1.869813825913491448e-02 1.951719399121328580e-01 -1.842506067941045711e-01 -2.756557575180993980e-01 4.138598145292405328e-01 1.567076984100401749e-01 1.702079690703400816e-01 2.813803137614930283e-01 -2.899143246785910177e-01 2.591583317438343401e-02 2.515405223963797510e-01 -6.099370828129922761e-02 -2.130158932836578034e-01 2.621206003039401322e-01 6.346230760116537695e-02 2.977492086567689045e-01 -2.674281907283164103e-02 9.690629352988321121e-02 1.543829109199091054e-01 1.766998859992799376e-02 9.235083464077610549e-02 4.916356517416025501e-02 -4.549869964370347741e-01 -9.009015212366540404e-02 -3.267232361984800382e-01 3.704641178427352244e-02 -3.515361779323640246e-01 2.173839070141077023e-01 9.033426537278847757e-02 5.822461937733326015e-02 1.184968966716166000e-01 -9.047667175058121680e-02 -2.419739824136623099e-02 3.362528781922905635e-02 1.358283560960441561e-01 3.778853248472576198e-01 -7.891824819792224444e-02 -1.146273278636829873e-01 -3.470584526091397004e-02 -1.418785975973657909e-01 2.310676640479508992e-01 3.986221781742592674e-01 3.101187404187291108e-01 1.057468293217426461e-03 -3.229098475183649758e-02 3.515702593957744648e-01 -3.317815868951885516e-01 2.834672625317851136e-01 -4.614265148295250696e-01 -6.808792787962701654e-02 1.287532243944298493e-01 -7.328583423587171908e-02 -5.034164449575111167e-02 -3.344840375964006074e-01 -2.380908173205135633e-02 -3.068436460679434541e-01 4.422631495775493637e-01 -1.147452123927236306e-01 1.965599684987383577e-01 -3.202110002845084402e-01 1.049528662406626067e-01 1.745333916210949909e-01 8.341131200027737322e-03 3.821744738784796369e-02 -3.290691037043683154e-02 1.692423334722721606e-01 -8.289118830976525965e-02 5.433290395894861957e-01 2.232523786153125800e-01 5.093866983927667486e-02 -2.984850896042959834e-01 6.871618761975987859e-03 -4.430810209644650000e-01 1.428140222977778567e-02 6.939109392739281623e-02 5.955189776512523347e-02 -1.760948308760875713e-01 1.091722131390193556e-01 -2.171519603155615263e-01 -1.485917680514625971e-01 -4.544192672938821009e-02 -1.517229673208047615e-02 3.722829703298721760e-02 -2.129070977260000275e-01 5.133121580174796472e-01 9.412472997919947570e-02 9.204752161387878828e-02 -1.403252695483061807e-01 -8.614958503778427645e-03 -8.240681085318733723e-02 -3.126549453387026528e-02 -1.276037381349716046e-02 9.253976926160173422e-02 2.119239927901770890e-02 3.230813510109960540e-01 2.621762379539498491e-03 -3.803316513050231662e-01 5.236407615546296856e-01 1.344612285328478929e-01 1.974635114425642990e-01 4.931382489799731594e-01 -9.059465566597092734e-02 1.219846582436539123e-01 1.088032725453631916e-01 -1.430350486791396869e-01 -1.872030340524512837e-01 -4.126528676419490699e-02 -1.149947521886718615e-01 -2.010038991884547932e-01 4.723740112921550466e-02 1.510307285908003838e-01 3.554288340667904333e-01 -6.563423150143583851e-02 1.243024705894644061e-01
-7.314078868077329709e-02 -5.410487758490081234e-01 -1.332470204993291274e-01 -8.367216149319027215e-04 -2.450751143506943175e-01 -2.571927944325564375e-01 -4.718017972051720688e-01 5.510313915987649080e-01 5.825384985223666656e-02 -5.657021096127138292e-03 -1.534716386936872123e-01 2.056077148791312925e-01 -2.257660046753627026e-01 4.740754774392849646e-02 -1.027650897012120229e-01 -1.994743476727090514e-01 1.235417815963462673e-01 2.737915340662723240e-01 -4.269419940359410748e-01 -2.922904239540142224e-01 -1.110399117700239663e-01 -3.298514300897375517e-01 1.428128520758815689e-01 -1.519493769907867831e-01 -2.961640095323760380e-01 9.149106629026194926e-02 2.821769697925913811e-01 -1.727557351921656936e-01 1.453276532600927817e-01 -3.125868510520874444e-01 5.420253037783621247e-02 -1.611859427796115962e-01 -2.754052031241759901e-01 8.185205534142057926e-02 -1.039321295191436983e-01 -2.388166617769676980e-02 3.211034374303828320e-01 1.096240406380053767e-01 2.133403332556773335e-01 1.753637808237288043e-01 3.542736797560307460e-01 -2.716914990054232759e-01 -8.221290910561616927e-02 1.582726864857720295e-01 -2.159413859977583894e-01 -9.900037797857458299e-02 -1.490624242893648366e-01 1.608295683404767362e-01 -2.437710448063276913e-01 -3.636353953717319509e-01 1.447975920548036921e-01 -7.961967260378326194e-02 1.031660712291813109e-01 7.654112881320374560e-03 -3.781686073940297016e-02 -3.930755501708631527e-01 -2.170122571423477587e-01 2.969188018516263211e-02 2.973901819356239689e-03 -2.562634150152091062e-01 2.098100497071421766e-01 -3.825851071770137724e-01 5.558082797819775545e-01 -1.342438637485402209e-01 -3.026266980151359198e-01 1.334201743671716567e-01 1.283978018801114063e-01 3.463363656861531137e-01 1.067273839270384134e-01 1.773464707687449904e-01 -3.070756389195878899e-01 -2.054141310639656139e-03 -2.228323014038278704e-01 3.320437530910839152e-01 -2.153939622517427599e-01 -2.875532883205009216e-01 1.277516909110474053e-01 -3.271340740990491547e-02 1.292494778818377710e-01 -2.747443164463023724e-01 1.548881490993324339e-01 -6.196772534943423283e-01 -2.302901072840952690e-01 3.843712558038519470e-03 2.057815426224277322e-01 9.055208660514876828e-02 3.063871227997605473e-01 -7.250364265052743062e-02 -3.627896763005410835e-02 7.109579749739049215e-02 6.920987902548282611e-02 -1.785171869220087693e-01 8.811104179945516979e-02 1.342692361625264785e-01 9.577756339573927080e-02 3.711759497683790598e-02 -2.010056830856289944e-01 3.133735063653810826e-01 -3.790820637417570138e-01 -1.886954910203133551e-01 -9.231907636523875582e-02 2.227320725200765753e-02 -9.119886169893134942e-02 8.428117898983952805e-02 5.483615529123971044e-03 1.578793036477392844e-02 -4.762186731609307361e-02 -8.510552247578055673e-02 -1.721618946211118939e-01 -4.140996313730251933e-03 3.754362953757497956e-01 -4.351979532692240027e-01 -4.081082224891929844e-02 -2.822138181711291716e-01 -3.474496564708198787e-01 -9.624738298823952432e-02 -2.306313287627804742e-01 -2.220929403546743619e-01 1.758086149886312066e-01 5.159931052093189030e-02 -3.321305422116777734e-02 2.145832102590695678e-01 5.364281595610281839e-02 -4.878573127052800856e-02 -2.538864576731885148e-01 -2.479617025653531592e-01 9.274161878583613017e-02 -1.335187476399636065e-02
1.565777809513775945e-02 -9.884371561913447846e-02 8.755664814703087440e-02 -4.105766473346594142e-02 -1.884167121819224355e-01 8.010050954489983388e-02 -4.781070341634842402e-02 5.825384985223666656e-02 1.594788650758277859e-01 -6.820952448086059494e-02 -1.093091350849469678e-01 1.166105417643092251e-01 8.692940185601850944e-02 6.116588695288528721e-02 -9.302981176430631660e-02 -1.353854715103444406e-01 3.810682424570429466e-02 1.677473807967945485e-01 -1.100711177100300031e-01 7.929780423349921947e-02 -3.002862088406059102e-02 -1.040561090038250036e-01 1.276190163194400873e-01 -1.272354534175693629e-02 2.713051796419189976e-02 -2.082179200928993210e-02 6.944679119131982881e-02 -8.229589118485129695e-02 -3.809973031364701640e-02 -8.591419067935324172e-02 -8.093360452982342745e-02 3.999374024383609699e-02 8.276611692030363954e-02 -1.118215019832764501e-01 6.223280004456410025e-02 1.729597352001356891e-01 2.407669451736475785e-02 -6.042943438479212587e-02 6.150438166620942476e-02 -2.447709561604818895e-02 2.414208233500035865e-03 -8.667179171844943686e-02 7.037704559409424521e-02 -3.065822930329241761e-02 1.126996281542117229e-01 2.959919959693050120e-02 8.862495535350395359e-02 -3.237015156828158824e-02 8.027007769957535122e-02 -6.181023009911368327e-02 -1.271100727312411138e-01 3.589611316651548228e-02 4.213172695555664898e-02 3.867572692159748464e-03 -4.140839422125407177e-02 -1.456219531430949232e-01 -1.107190428173651653e-01 -1.814911998336398227e-02 -1.828393067000028960e-01 -6.190858122981412331e-02 1.166087575873944043e-01 -3.476527116734798306e-02 5.645544880450975578e-02 2.085461898034110181e-02 6.963715760967670310e-02 -4.198063435965952023e-02 -4.623121760837603511e-02 1.348008878974586711e-01 -1.684154213911603915e-02 8.810859646256860578e-02 -1.037783771622788065e-01 -8.610290810363660507e-02 -1.176044611420361541e-01 1.295196438147827311e-01 9.469248857192005819e-02 7.767187547808297732e-02 -8.306594809836692628e-02 3.621391156622609520e-02 -9.452271654689871697e-03 7.154211059292363284e-02 -5.271071890016696543e-02 -7.373113448654754210e-02 -1.899283119353724347e-01 -9.979482918617400833e-02 1.079309372862555794e-01 -7.063246458036352704e-02 1.136391311664703557e-01 7.421807824039149126e-02 -1.144148893548911639e-01 -1.411911634649623548e-02 1.001211913882906340e-01 6.095471752872108628e-02 4.365224914979334153e-02 7.991457536107059167e-02 -4.687197259619268336e-02 -1.550844275760159541e-01 9.629520406883369799e-02 -2.016270537246587623e-03 -5.624166903974135712e-02 1.924204085580399903e-02 7.725550934669024594e-02 -7.669312258367082247e-02 -8.159102838131537805e-02 1.121018776808871582e-02 -1.856164278277048219e-01 -1.526858873007931050e-01 -1.997506975603433044e-02 6.733440995601419621e-02 -1.163393340318777530e-01 -1.635946400676225321e-01 1.069825652821029122e-01 -6.266390849325681467e-02 -9.546154601284223551e-02 1.207845300027796664e-01 -5.186007953827308226e-02 3.133380858188061086e-02 8.707846180234303513e-02 5.293018941605345806e-03 -4.496738646217159074e-02 2.134468961477801324e-02 -5.433298088749454607e-02 8.649445892123819313e-02 5.197470055411855527e-02 1.799041226035142382e-01 6.726560142795441621e-02 -7.519756642539113245e-02 6.794134582817894230e-02 6.419366940082642248e-02
-6.840513605070558389e-02 3.045964714273004248e-02 8.072428473109322100e-02 -2.694626100017110670e-01 1.751539563858913184e-01 5.662681874215458322e-02 -1.211313865401359990e-01 -5.657021096127138292e-03 -6.820952448086059494e-02 3.942935070187562063e-01 -2.494391573472161394e-01 2.529047040842324207e-02 7.156912986962113421e-02 1.371392654806107697e-02 1.495503851298732867e-01 1.431580126528376462e-01 3.076406645904611881e-01 5.042738313944158252e-02 -4.117829350708546859e-02 1.256951270750004956e-01 -2.604102912455942276e-01 2.092659548558781918e-02 2.365600453091209754e-01 3.494083139538466387e-01 -1.014998804669312027e-02 1.779475965719256036e-01 -3.742755831368716618e-02 -1.368542787862245258e-01 -2.627932455350314167e-01 1.311683981226693385e-01 -4.115493186539154191e-02 5.519085118023989156e-02 8.993022359585729764e-02 -2.569316803370846197e-02 -1.811154824055042356e-01 -2.917042064956881231e-01 2.956037128158477967e-01 2.116187102863679170e-01 2.068960769551901890e-01 -2.602714563155533734e-01 7.962072616725847374e-02 1.370966815091314087e-02 -2.108155144674676573e-01 -2.789109631048377058e-01 6.393968530609894785e-02 2.480044722669940416e-01 8.362600377781080618e-02 -4.026567977433869183e-01 7.706073877455679733e-02 -6.863192245034373251e-02 1.409509328996188804e-01 2.636164109673726497e-01 -7.725307917682569525e-02 3.847176411034253785e-01 -3.202850902799334598e-01 1.396224572245292027e-02 -1.943774118729322820e-01 -7.509248914706533051e-02 2.744865666972192697e-01 -1.774859438265031786e-01 6.545978611346196796e-02 2.279411949223558442e-01 -2.975864491665833680e-02 2.597630264563019487e-01 1.849313376231923045e-01 -4.367063594705550278e-02 -7.804235379768804937e-02 1.849366311973111091e-02 -1.330849772901901429e-01 3.046536732824033922e-01 -2.672892982150373853e-01 3.968953705463718618e-01 1.804505354395843364e-01 1.700857503186802011e-02 8.422237556617379051e-02 1.019908765288961155e-01 -9.616240365815295621e-02 -1.775042680500308820e-02 -1.511345432031781233e-01 6.873915724674535543e-02 -7.208097505444302500e-02 -5.055035252015902328e-03 1.788119826593889961e-01 2.273450527007294525e-02 1.950844515107716670e-01 -2.594424228606304617e-01 2.701255028956103810e-01 4.083977958065767438e-02 6.638990416853254861e-02 -2.519390489611462725e-01 1.026903196514417360e-01 -1.490438877963996822e-01 2.703110420261300439e-01 -8.474353968280985694e-02 -6.130851976659711100e-02 2.707854688175538246e-02 2.945274844193912153e-02 3.635159238269636273e-02 -3.068832195900094151e-01 -6.423431964300987951e-02 -1.970423238691445256e-01 3.813360676819140260e-01 1.732249248265099462e-01 -1.387447135142725330e-01 2.659006680848876036e-01 6.242609383874312551e-02 -1.006513104079952842e-01 -8.735901152864063157e-02 -1.462005091159053749e-01 7.602308998593515499e-02 6.780058579752666625e-02 -2.011959251083014211e-01 -8.390514437450147245e-02 4.663074722598041857e-03 -3.117544820822348850e-01 2.462039834604379529e-01 7.936843274330308839e-02 1.459646944814367853e-01 1.910227472217502220e-01 3.643201557590167727e-01 1.402617534370460273e-01 -3.232608172723409057e-01 2.968587896067979015e-01 -2.438078255877535461e-01 6.397562061419459489e-02 -1.858872361998419043e-01 1.275200172741085269e-01 -3.770104871944586211e-01
1.797031990172664323e-02 2.748372753809957270e-01 -1.836370102846189012e-01 3.250972069366344641e-01 1.678163815000749959e-01 -7.022750972703617478e-02 3.042065254123240692e-01 -1.534716386936872123e-01 -1.093091350849469678e-01 -2.494391573472161394e-01 6.001900263928751089e-01 -3.702271910980637903e-01 -1.052661581226426307e-01 -2.042085733508138545e-01 -4.472643577738458199e-04 1.152177966079106219e-01 -3.221282945761652639e-01 -3.422771273634525602e-01 3.696951125759944112e-01 -1.435173819021824115e-01 2.442510281117841187e-01 2.652533960280485936e-01 -6.142417765122298867e-01 -3.658687975624607125e-01 1.108664452356630387e-01 -9.107951179129467056e-02 -1.896800131312533499e-01 3.204702920182253556e-01 4.942955164573522020e-01 1.709162906190600795e-01 1.633249450937141467e-01 -3.922077235538354995e-02 -1.099551867469290289e-01 1.578308428877930325e-01 1.453687564939554026e-02 8.818215255683661824e-02 -5.228177796632689223e-01 -1.643667527511997184e-01 -5.060061161085408488e-01 4.746109229968778487e-01 -1.531788684553230806e-01 2.296882318510068410e-01 3.517499162730781254e-02 5.054049407584573217e-01 -1.389020905278331441e-01 -4.697106672409058770e-01 -3.512608711936419104e-01 5.343337260958025414e-01 -9.828341661307593569e-02 2.022063571725042641e-01 -4.662985584515217177e-03 -4.985434198437843079e-01 -6.283298435993896203e-02 -3.537439301970756178e-01 5.976876737379390736e-01 2.439662638638274428e-01 5.253836431574011590e-01 1.257571259484248360e-01 -6.989692450574744309e-02 4.782840575324164845e-01 -4.217765158260496916e-01 -3.695985814098129429e-02 -1.116954164313325448e-01 -4.650921166213713986e-01 -2.228917996692749981e-01 5.155517795544131004e-02 1.028216589560794064e-01 -2.766329563723083917e-01 2.341015323053129427e-01 -5.882472245849951209e-01 5.898496793969588703e-01 -2.197070730513576986e-01 7.551672069161675938e-02 -2.572050161511010291e-01 -1.323083961281363852e-01 -1.039236217500615206e-01 2.091734644477281357e-01 -9.684369316646727899e-02 2.298189899539390957e-01 -6.839449557979516980e-02 8.935004597386669856e-02 2.292217851013229613e-01 1.678996832747783330e-01 9.345403449108813376e-02 -5.349034861258010753e-01 2.716496800576128634e-01 -6.277654819117942653e-01 -1.771758707596845783e-01 6.587442058851643301e-02 2.333813868537171210e-01 -4.272577212928666546e-01 7.884915579042446609e-02 -3.608789841820491118e-01 -1.756362086547199608e-01 7.137642372253633072e-02 1.181890992039157928e-01 -2.772537113308653489e-01 2.793756944582652391e-02 6.077366286310104115e-01 -6.588546792701939492e-02 3.296805544020746381e-02 -2.378318383993455742e-01 -4.058105805530026755e-02 1.065565302078876897e-01 -5.454451154382140843e-02 7.699133454297085732e-02 7.291703224735662792e-02 -1.349432132390616379e-01 4.719532782116410696e-01 7.893785122256706532e-02 -4.031627990225949976e-01 4.947788710968657466e-01 3.796198029573448762e-01 -6.484535143344251351e-02 6.003472853006305288e-01 -4.703363423981073432e-01 -1.149616784613272796e-01 -9.481761402701771591e-02 -1.864599396515414231e-01 -3.759613978262359435e-01 -3.099802865499708474e-02 1.088502906679905818e-01 -3.748358318923720733e-01 2.452177217170629225e-02 -7.302118918696559602e-02 5.146139322563473284e-01 -1.581365151244705780e-01 2.467723957853609762e-01
-1.175545670485732136e-01 -2.591635737649467530e-01 2.271253271003843555e-01 -3.031039247265104875e-01 -4.414619018979396015e-01 7.875964135101504171e-02 -3.137406645852361398e-01 2.056077148791312925e-01 1.166105417643092251e-01 2.529047040842324207e-02 -3.702271910980637903e-01 5.769349029477017776e-01 1.037511478927583275e-01 7.973558437868898119e-02 6.498726970792131907e-02 -3.416673106631135659e-01 1.113139861638456768e-01 2.411620162887814500e-01 -2.392118121763324445e-01 9.985689473603441557e-02 -2.996882296750031857e-02 -1.656818283815184034e-01 3.558837928783457616e-01 -6.499302649152387257e-02 -7.018190635275331490e-02 -1.205696268698927404e-01 5.800756184898794160e-02 -2.308571113019030896e-01 -2.307912158780600909e-01 -3.633589707776698763e-01 -5.703180600478809786e-02 6.610799414377196981e-02 1.142318785609287013e-01 -2.208880068843750710e-01 2.256641693493825762e-01 2.625794221721763910e-01 4.379739523247146438e-01 -1.401233303785374973e-01 2.542161645415965121e-01 -2.300752173385565424e-01 1.633208860783297300e-01 -5.619530979789501973e-02 2.017057345098120236e-01 -2.259671384907125102e-01 2.024701230145637409e-01 2.308715353012280314e-01 4.078973788252945321e-01 -1.102725103459602923e-01 1.060133746861460641e-01 -3.539440742386068539e-01 -2.631929358522480111e-01 2.403623184535132740e-01 -7.892999100148023750e-02 1.209712229872611788e-01 -3.215788456683925656e-01 -4.827580422074921884e-01 -3.908536625750487770e-01 -1.489998230133995349e-01 -2.485333419981121117e-01 -2.480599280838013398e-01 5.833655442674631209e-01 -2.368269966904454904e-01 1.970785777843589437e-01 2.320198509447885804e-01 2.352301108136018448e-01 -1.085621195604154765e-01 -1.323617284178736087e-01 2.110625298405186534e-01 -8.112114099962899894e-02 3.492575720736485478e-01 -5.002156438639342451e-01 -1.869749443463180824e-02 -3.104604810174046992e-01 2.020591480824654729e-01 1.284654360201993584e-01 5.941090523440394067e-02 -2.046534541178677002e-01 9.055084996975572981e-03 -1.012737057401280200e-01 8.181637449219435199e-02 -1.045507515767363366e-01 -2.841373076746127602e-01 -4.570169870733342132e-01 -1.050563256443982074e-01 3.647504487686199504e-01 2.598655079945830226e-02 5.280126607827266838e-01 3.608021601033569586e-02 -1.124112155552046965e-01 -2.147350901931354417e-01 2.950719131394088923e-01 2.515794036480588081e-01 3.181968072237087442e-01 2.407996347702510143e-01 -8.223198197448684799e-02 -1.479008732989809394e-01 3.973525967057786601e-01 -1.408658619242930399e-01 -4.626569659577852156e-01 2.048859117563391619e-01 2.223466234248843987e-01 2.627614501803628849e-02 9.727664515032068138e-02 2.712032512663949402e-01 -2.365915836190190524e-01 -1.313990308520748274e-01 -1.131795422411414898e-01 2.464716487694444402e-01 -6.021777991791075202e-01 -1.520248228962371162e-01 2.086223272632904135e-01 -4.287931578387408349e-01 -2.386107351281451239e-01 1.474511657633058304e-01 -4.829430338977695469e-01 2.227493865019786468e-01 1.103128224317293377e-01 6.899435317384265687e-02 -8.695820257247681428e-02 1.915855889344127982e-01 1.285952359700410497e-01 2.509515066016979601e-01 3.360052478178615631e-01 2.869855415624920081e-01 8.119776674934861549e-02 -2.784586121968972705e-01 -1.110270702108194230e-01 1.262221299250283063e-02
