3.048823219603594495e-02 -2.033333088947721079e-02 6.995779420628366919e-03 6.529307066630701643e-03 3.173154180555933781e-04 -5.135826999383503490e-03 5.355327444953933078e-03 -3.955961186621017277e-03 2.089493717371353546e-02 -1.498127528132414676e-02 -1.977198213764404938e-02 -5.663386422331560636e-03 -6.137102547702453018e-03 7.260497349277948015e-03 -3.392971576529478506e-02 1.298410688568741797e-02 3.805380052211134422e-03 1.956078852367592116e-02 -6.300960199662842230e-03 -4.253737058911875868e-03 -2.899761701629068912e-03 -2.577009850185464288e-02 1.972884329854461202e-02 1.194935700523998799e-02 -1.314343309196282748e-02 1.138758741125874691e-02 2.454243689021300134e-02 1.005197565559662028e-03 -1.195499876187330890e-02 1.402056211592471978e-02 -3.505067846648983465e-02 -1.832478557560136487e-02 -5.664922930658515716e-03 -9.834680414370827739e-03 1.186364737220747811e-02 3.254606801433993120e-03 -4.010943524640040933e-03 1.295115970635296945e-02 2.609436369343509469e-03 -9.901755696806745916e-03 -8.499765298147997014e-03 -2.430360312791121635e-02 1.321470508433318994e-02 -1.186014653109792628e-02 -3.480618552449750869e-03 7.196678306112698313e-03 3.965314016937248644e-03 -1.031676747281154785e-02 -5.581094608181362028e-03 3.230902309950449761e-03 -5.459477350395087851e-03 1.032388926059176794e-02 2.757198803012446756e-02 4.009841504789482015e-03 -4.083701479592543107e-03 -2.287566563877615165e-03 -1.796897600839478248e-02 -2.327553763241970494e-03 -6.467326794086796990e-03 -4.845929075421484718e-03 -4.945093123210086462e-03 1.188095432361055762e-02 -6.226412890018520434e-03 7.328470605601917695e-03 -6.386630009935280808e-03 1.931260321382630152e-02 1.857371803743019384e-02 3.297771798824150613e-03 1.143713200560846077e-02 1.094497633724135499e-02 -1.214874568168238661e-02 -1.652087671537761163e-02 1.729671171593999066e-02 2.345987830168314199e-03 -3.933706506786632112e-03 -1.739512800566364202e-03 -7.780857759788088746e-03 3.215143227670357040e-02 1.403006197689329708e-02 -7.741171499713945386e-03 1.404183097642509176e-02 1.189925217360781381e-03 -1.787042521765648236e-03 -7.421239697270672238e-03 1.738353393594598353e-02 -1.011915624480630785e-02 8.773497614316888918e-03 2.914021166684700737e-02 -3.960913578176040832e-03 1.128539184013158461e-02 1.265933450237333863e-02 -1.427856405881798400e-02 -9.352670785764917102e-03 -8.516009096619901048e-03 1.451396460816373364e-02 3.028820009495152704e-03 4.370141556448044889e-03 -1.167724231893319496e-02 -1.804873448691043979e-03 -1.131748112079465109e-02 1.220370193827571489e-02 -1.814861821694252128e-02 -3.364310293832600135e-02 -2.048430255986046986e-02 -7.279985184444310621e-03 3.710903653496239098e-03 1.611977073308573302e-02 -5.805015765474069722e-03 2.541464610569164027e-03 4.422701856619980915e-03 7.722971741218044757e-03 2.517058367238048100e-03 -1.464338191684739880e-02 1.179039152044040984e-03 2.099224145175479506e-03 9.087927656207571772e-03 -3.737848438838116231e-03 -1.978191513121118489e-02 1.181502977412243575e-02 2.924135401570654349e-03 -3.267896673767641674e-02 9.098126269368660840e-03 -4.035809024050000283e-03 7.000188031746211632e-03 -8.689440120917350449e-03 -6.178600030512130387e-03 8.992733697967362008e-03 1.390365741543520516e-02
-2.033333088947721079e-02 5.424920091308319675e-02 -1.441046057269418238e-03 -2.389300110177326481e-03 1.455781542380669806e-02 2.398506195864595972e-02 2.857204781364701754e-02 -3.006840227318982595e-02 -2.245781767830695372e-02 9.417935987630691314e-03 3.265981423537237666e-02 -1.360964511128191258e-02 2.144819088902395407e-02 -9.906621510306804629e-03 3.715663834001270427e-02 2.491004360413489205e-03 -1.702663912924749778e-02 -3.639920741125730191e-02 3.388181396957087865e-02 2.203038128323620351e-02 9.991478527804277532e-03 4.716671172487071212e-02 -3.155625189133533237e-02 -3.531949181061812184e-03 3.092759758554413513e-02 -1.761989752619226579e-02 -4.221701540751020970e-02 1.152437854167445708e-02 7.994383125889521768e-03 9.576616035198867727e-03 3.325702420456160685e-02 2.533283626027132973e-02 2.297960850402792563e-02 5.250508783710542728e-03 -8.144749554937899191e-03 6.548488548328478204e-04 -2.327853526872530193e-02 -2.020147628890784849e-02 -1.995932231559991929e-02 5.241988102981060688e-03 -1.532757963236322865e-02 4.075335239834278894e-02 -8.015059550058781235e-03 7.349861691799132804e-03 1.473658147402805152e-02 -6.732713838267274584e-03 1.609170117648047382e-03 4.347037083010094234e-03 2.088444300500364587e-02 2.260594140119301029e-02 -3.138531774920401678e-03 -1.039922621420754159e-02 -3.258783393994654082e-02 -8.262590190940751270e-03 1.245576934678343552e-02 2.912629287215530091e-02 3.695288644732300926e-02 6.267676835152731496e-03 3.971706744690856050e-03 2.410694711609323929e-02 -1.367276794698308803e-02 1.540559699774924143e-02 -2.811886425957349847e-02 -5.790442736588123640e-03 2.076448193243391610e-02 -2.454254349190474610e-02 -2.241961806451365363e-02 -2.284936147352254615e-02 -1.439821401351745744e-02 -2.741806095747559985e-02 3.628093645422589275e-02 1.055563119981024409e-02 -1.380853283486309325e-03 -2.148427097674755759e-02 1.763979060097280172e-02 2.059644647654529370e-02 1.894554227276859775e-03 -3.011145248876788763e-02 -1.630875788643778093e-02 2.467360037515820351e-02 -2.064916493579189299e-02 3.928363475905266577e-02 1.763702443679507348e-02 6.322679969463857602e-03 -3.550162235114865533e-02 5.051758056785462560e-03 -3.493716145879721680e-02 -2.154595224827342628e-02 5.275098094288914984e-03 -1.168244127216284955e-02 -2.280259136419841848e-02 2.351144413041137901e-02 5.429710080130103426e-04 -1.888073054281083846e-03 -1.824558698188109146e-02 -6.882917079899322950e-03 4.322432713573438369e-03 -5.000705054829404292e-03 3.269841768246853353e-02 2.191482052751597687e-02 -6.648607639856609491e-03 1.158046087455193336e-02 3.480981110516354754e-02 1.412006836631814026e-02 4.141418136931514747e-03 -7.761518437140508923e-03 -1.387540780974885063e-02 1.019959570599093292e-02 1.526456759943039219e-02 -7.695285649568370939e-03 -3.164845910578564792e-02 3.045240870624593352e-02 1.940705775336891425e-02 1.677723542260173284e-02 2.895699846006292641e-02 -8.410659864814935827e-03 1.881305585211659123e-02 2.876694269362731551e-02 -2.377775736021607231e-02 -1.000553057731813807e-02 3.058768460686278265e-02 -2.038643229680462896e-02 -4.920190432013638905e-03 -2.199644489532101219e-03 2.663955148623807501e-02 2.542479078938637491e-02 -1.199785121283552039e-02 -7.320251610858512920e-03
6.995779420628366919e-03 -1.441046057269418238e-03 2.621256786489046739e-02 1.577262731916263556e-03 -1.211334883744336587e-02 1.025049141240285885e-02 -1.752765136844433884e-03 -3.563543566354834304e-03 1.178601955458041459e-02 -4.076238732398185759e-03 -1.361575048799012859e-02 9.152382377467275024e-03 9.008656722841019981e-03 1.444084902446460608e-02 -5.416534660773860733e-03 -1.290023706610455428e-02 -6.313998051726749106e-03 1.174773355150080141e-02 -1.143279121547002321e-02 1.123168572162982701e-02 5.660923025567854254e-03 -6.150322574058434202e-03 1.509801993503668768e-02 -3.803065900986248179e-04 8.586635612185080854e-03 -1.026146522168262624e-02 3.992992746535126147e-03 -1.831319858039004086e-02 -2.075058285871220903e-02 -7.034992370473825557e-03 -8.477480647994242377e-03 9.125141258426032118e-03 1.091029440073363471e-02 -2.678968856841889429e-02 8.017399395553750918e-03 1.224108041676226499e-02 3.353425953660432030e-03 -1.286005643631890800e-02 1.488611834580881935e-02 -2.073376033728626180e-02 -3.246020379002885134e-03 -4.531655342579598254e-03 8.027516255265087011e-03 -2.156708670463472824e-02 1.079977304452610538e-02 1.837006391126282112e-02 1.277375488705652373e-02 -6.447477889432276163e-03 9.310848841833866546e-03 3.218275062769026238e-04 -1.328365128335583581e-02 1.996579566180539667e-02 4.842317988753157103e-03 -3.350663066514074015e-03 -1.684758060602362800e-02 -6.731591623277306813e-03 -7.881021475182412722e-03 1.249117942312983395e-03 -1.027190476857764434e-02 -1.430643816958765760e-02 8.421298675443942769e-03 -9.717061586201803823e-04 -5.187710786881425361e-03 1.951639880899593005e-02 1.256098401158089670e-02 -1.034951389902675177e-02 -1.159602530593901309e-02 1.539538038691508522e-02 -5.533670095613710607e-03 3.009161224194324778e-03 -7.493461949223553797e-03 -5.659594856632537904e-03 -1.092620663291531645e-02 1.428756201734391121e-02 1.039635370372628265e-02 1.000684812094928232e-02 -2.732028467693705179e-02 7.755154933224017375e-03 -6.149421239621371757e-03 9.435898126741176437e-03 -1.136437051289657454e-02 2.001796908467485397e-03 -1.137155844317617320e-02 -2.083490406922561267e-02 9.660433334145379289e-03 -7.289305980110476549e-03 6.989193167295150270e-03 1.062013583170888335e-02 -2.085766448504239312e-02 5.032424818452347313e-03 1.955133289944360406e-02 1.733561990382244053e-02 -2.463812368880989676e-03 9.053651064438710677e-03 -9.344522655111479892e-03 -8.298937902957515336e-03 1.531768332925515126e-02 -1.020914295168948160e-02 -6.025662941510748043e-03 1.214039224206220173e-02 8.487505019236568291e-03 -4.430820926383934218e-03 -3.885170000018221825e-03 -1.233655050724633863e-03 -1.082814482846319870e-02 -7.892832261125616589e-03 8.048775711873725966e-03 1.218638612134357972e-02 -9.523437178889983604e-03 -8.595933426677769551e-03 1.206430897392141155e-02 -7.193826477494754193e-03 -1.755718389455962133e-02 1.152753087165102157e-02 -5.816514701361430797e-03 1.881628073040408911e-02 1.139276838170751212e-02 9.317305026508107893e-03 -1.272768595415700761e-02 -2.404706993794464634e-03 -4.999357173851280874e-03 1.693997496067535394e-03 -1.237743624034762040e-04 1.336504011857941009e-02 1.017230986312719042e-02 -1.538081298708912290e-02 -4.097534640913123687e-03 5.605432260747477899e-03
6.529307066630701643e-03 -2.389300110177326481e-03 1.577262731916263556e-03 2.159146178517151043e-02 4.159855470061727886e-03 -6.513665269660694028e-03 9.596118502447693096e-04 2.176755570357381819e-03 7.743744429136154885e-04 -9.546535287329700054e-03 5.500392013197268580e-03 -1.309035324612095944e-02 -7.440256708323243068e-03 1.079260190491779930e-02 -8.955471857142918712e-03 -4.454759948844943564e-03 -1.340524812428332824e-02 1.463662245746120407e-03 -1.163290692521335226e-02 -7.515636796966973336e-03 1.018564866633963131e-02 -5.834137774779540528e-03 -3.590024929740382158e-03 -5.427023494066984810e-03 7.698647365291161121e-04 -5.618048727909132761e-03 9.349899206150869002e-03 -7.037490022755752556e-03 3.736410408102710926e-04 -4.133485791693584065e-03 2.612142038811397695e-03 -3.466434227683953188e-04 -7.663691244211122931e-03 -2.774752249887175743e-03 -4.694297226814327789e-03 -3.246226906138875365e-03 -1.146605620155969479e-02 -3.917077227344274194e-03 7.786677173115821686e-03 2.388605111075734735e-04 -6.134806139912761308e-04 -8.455820582150167658e-03 -3.504113058693750487e-03 -2.997588242323241691e-04 -1.127513377294805594e-02 4.713213022959739746e-04 -1.342594141983146673e-02 9.617775789480795257e-03 -7.364218832322515229e-03 1.252389291526756834e-02 7.137342326479063914e-03 9.769569701624061017e-04 1.167639626904967698e-02 -1.723368929767407978e-02 1.756094119136988397e-03 1.188566986295140973e-02 9.448382886549410234e-03 9.130314561779121971e-03 4.847929417392518939e-03 -8.481692281613316745e-03 -1.527939923612983177e-02 -7.693533837606408507e-03 1.522083233472429787e-03 6.312157954214788662e-04 -1.357050012237777901e-02 3.181730223889857843e-04 1.363605850964877820e-04 1.015559921624073839e-02 -3.204774022147581915e-04 -1.292751949719631380e-02 1.543047645799304479e-02 -7.965621410455427445e-03 -6.236583139715580655e-03 9.464184024355375840e-03 -7.076486130989632223e-03 -6.767900142910728695e-03 -4.211533276334804808e-03 2.889363448618216621e-03 3.901936623877248528e-04 -6.078014863695980693e-03 1.005227810983492630e-03 -1.823292673709006129e-03 5.456820839371713874e-03 -9.361872380369985758e-03 -5.767191565375568048e-03 2.669931757409802365e-03 -1.562019332912168400e-02 -8.907499390245273173e-06 -1.044498822005570163e-02 2.122894157858718281e-02 4.227010088415083210e-03 -1.121503151020946439e-03 -2.003186146037455942e-02 5.736475365874141308e-03 -1.717704282867150024e-04 3.840721863173902646e-03 -1.214757597637893330e-02 6.221633346552039520e-03 1.019913096074194503e-02 -1.055175731416721887e-03 -5.264125068536518182e-03 -8.661696003923347736e-03 -9.613366323040283684e-03 -9.654016015759702210e-03 3.661866658779448693e-03 2.591188805311313639e-03 1.301163764371100241e-02 -1.427625813789730122e-04 1.872808432369894860e-02 2.766228699033092611e-03 1.216545714738109102e-02 3.812239096324968220e-03 -2.358360799190791120e-03 -1.054338443417611980e-02 1.116051270034335886e-02 7.760174647071693861e-04 -5.628353947235710010e-03 -1.797981991113877095e-03 -3.157496647812054087e-03 -1.869720286573298487e-02 -1.097507927665751330e-02 -1.889258484327006882e-03 -2.129294018323351148e-02 -5.538411915362077831e-03 -5.430026812911226304e-03 -7.558255422022271998e-03 2.360703244651811105e-05 7.270183850324596700e-03
3.173154180555933781e-04 1.455781542380669806e-02 -1.211334883744336587e-02 4.159855470061727886e-03 3.825307226086026996e-02 -9.742726239615917549e-03 1.156900671945071402e-02 -1.057472942326735839e-02 -1.818481268668645581e-02 1.891786510874040803e-02 1.159121617499647358e-02 -3.196475540019726863e-02 -1.098133544828197930e-02 -8.110888168690698688e-03 6.800994480484309768e-03 2.845240479596860758e-02 7.782522500446072654e-03 -1.609745721416056333e-02 1.105364239453793598e-02 -7.898702216758755543e-03 -4.690449592951640226e-03 1.105068923054466738e-02 -1.198607440244649040e-02 1.970803450299831588e-02 2.893331600150055374e-03 1.657145239908574055e-02 -4.958490981836459650e-03 1.179871606312916932e-02 -6.925094789972759861e-04 2.370228823635222790e-02 1.280500482685342388e-03 -8.863855066064559550e-04 -1.003357724095830551e-02 1.401390208834273239e-02 -1.862043855228589367e-02 -3.562180686555310033e-02 -5.275734920325242036e-03 2.307856597345350411e-02 -5.543695627993502212e-03 -1.176740543450755655e-03 -6.657010868960502176e-03 5.685659713040271818e-03 -1.864590465075408043e-02 -2.204611841447807249e-03 -1.106568771235445087e-02 7.231321174517828113e-04 -1.940998749185758945e-02 -1.136872229084527272e-02 -1.062667492598734671e-02 1.235890479363736978e-02 2.992551436918223715e-02 1.339061098227549689e-03 -1.717145645480216152e-04 1.012845219265014196e-02 2.816448371306526691e-04 2.784933874834999434e-02 1.130494731909982217e-02 -2.462156609054240268e-03 3.475746893525035602e-02 6.926070668632707678e-03 -2.926786793448073534e-02 1.968679569196348650e-02 -1.172160437043053526e-02 1.485591212759065872e-03 -7.531421407268401244e-03 3.305522801173861169e-03 3.314185145859206098e-03 -1.431245787099911897e-02 -5.778874866989045476e-03 -2.986311299391356498e-03 1.327531440244561142e-02 2.125763615249689348e-02 2.822828274571078863e-02 -1.422869836956717343e-02 -1.197360077229304987e-02 -6.485780561539325473e-03 1.010394731756008614e-02 1.557376106938578291e-03 -5.733753180086293387e-03 -9.720491610091454293e-03 1.600695428569979704e-03 1.317154381447030974e-02 3.848283608652729865e-02 1.495485182502905713e-02 -9.381672011104996017e-03 -4.618885873808593716e-03 -1.352068358019502085e-02 -5.534952808897008504e-03 1.816801416132775293e-02 1.025059189709676393e-03 -8.253991794344158611e-03 -2.117043155855448042e-02 -5.141928612617391314e-03 -1.545531168467117848e-02 3.790824678755053611e-04 1.697217893255432986e-02 -2.215612962130278016e-02 8.228421223710138607e-03 6.990621255585448453e-03 -1.162386680770635672e-02 -1.978171209202827033e-02 1.847300173269796411e-02 4.928761103556480484e-03 -1.715324576015643532e-02 3.444917440340838910e-02 1.739139908267562859e-02 6.145907479826216886e-03 -1.317385659676033154e-02 2.428064703440514435e-02 1.957056062788540413e-02 -8.060510451769682325e-03 1.253350334518386032e-02 6.282852187199613678e-03 -1.135614930121287870e-02 7.945489242065987071e-03 1.233696667520995782e-03 -1.002081883207728112e-02 3.118956350243710755e-03 1.972642012519482471e-02 5.517487691573491788e-03 2.452579421003000994e-03 -2.647624777309057903e-02 -4.657503996173260538e-03 -3.427217637771192565e-02 -9.756517037632472800e-03 8.276426638721801066e-03 6.064579686332502613e-03 -1.990523477643082323e-02
-5.135826999383503490e-03 2.398506195864595972e-02 1.025049141240285885e-02 -6.513665269660694028e-03 -9.742726239615917549e-03 3.121387133896461399e-02 1.477528484864977162e-02 -1.585613406183974602e-02 3.135553692418028421e-03 2.833199549262341559e-03 3.005820424649805096e-03 -1.336472274239806435e-03 2.942722605613662390e-02 -5.819073909634660258e-04 1.490651562114910997e-02 -6.956592856506261038e-03 -4.355899603306492320e-03 -2.147403883848272767e-03 1.034249319339503384e-02 2.813485154185137865e-02 -3.588501634137627409e-03 1.687519446603581372e-02 -1.841997492378829281e-03 4.001592555668986514e-03 1.863069597423205881e-02 -7.759642769994410869e-03 -1.680997424374479701e-02 -7.468475380372676525e-03 -4.535666088767846310e-04 6.356634103781060897e-03 1.329010572203436630e-02 1.815202774337279848e-02 2.867380040517199594e-02 -9.325649796047424250e-03 -4.284708037024975887e-03 1.295543423474478095e-02 -1.405660535457990690e-02 -1.448284513875277082e-02 -3.075448297244158698e-03 -3.608669260962661858e-04 -9.153826977918437524e-03 1.285435402394920906e-02 -2.289531395778943504e-03 -4.234025268959402586e-04 2.139180086426681685e-02 -9.444538267668613988e-04 7.821576276730340255e-03 -8.392086534483936267e-03 2.716894681181900029e-02 1.519197672341627246e-02 -1.329870962249788194e-02 -2.019758866961850370e-03 -1.295076945676361044e-02 1.277252661784268432e-03 -6.958144003055644154e-04 6.765346976034273575e-03 1.020204305010508940e-02 7.095242260123677674e-03 -1.103067907218410401e-02 5.294664933742166193e-03 -1.566365665489550521e-03 1.494074133673173668e-02 -1.478845859963432742e-02 -1.719687010750304201e-03 2.441116415675847681e-02 -1.893762871381422103e-02 -1.845529958485692817e-02 3.209420911701778897e-03 -8.607192836403100913e-03 -7.996098050832631601e-03 1.205305684668172422e-02 2.481813600227714134e-03 -8.244295458945781127e-03 3.281174232088684192e-03 2.714487296091889351e-02 2.713208337397165354e-02 -9.911553823591814569e-03 -1.470965203515904769e-02 -8.232491618681937046e-03 2.877501878641825633e-02 -1.731764714745227807e-02 2.131011199359836294e-02 -4.973509732065182869e-03 -8.796002855651005592e-03 -9.583387608207438041e-03 -1.464826816420381275e-02 -1.291231766034008771e-02 -1.245271194471652375e-03 -9.407649489859885861e-03 -1.046149233138519465e-02 -1.044762355257517795e-02 1.572294275250918361e-02 7.601032326252495259e-03 -1.818902746400419452e-04 -1.550663673954950916e-02 -2.195845137439396758e-02 1.031790696543730297e-02 -2.867184140085606795e-03 1.672864986790656081e-02 1.057104867138674957e-02 -5.079884725101805210e-04 4.347459630119731265e-03 1.499058330159777110e-02 2.165712263712489321e-04 -1.181985551070082255e-02 -2.224727751865813660e-02 -1.259820943755308315e-02 4.642442202602766257e-03 3.193407180440408812e-03 -2.372507115577942791e-02 -8.947264390837759637e-03 1.429096899730538522e-02 6.440345794656996553e-03 2.224623326147092198e-02 1.618933908088349485e-02 -1.684850920126749856e-03 2.619995216576533059e-02 1.941664903993696109e-02 -1.657171255769762999e-02 6.036351766864898102e-04 1.222631322396932479e-02 -1.273850249098956375e-02 2.632657307226401490e-03 1.170148017956609658e-02 3.210418212450640713e-02 5.332937320623612129e-03 6.804226594683369413e-03 -3.050097480565588828e-04
5.355327444953933078e-03 2.857204781364701754e-02 -1.752765136844433884e-03 9.596118502447693096e-04 1.156900671945071402e-02 1.477528484864977162e-02 4.282665395291107568e-02 -3.706352083478358511e-02 -7.547197575090578087e-04 -1.066491886923637798e-02 1.959886861465130053e-02 -2.317873379446891077e-02 1.069133523776710434e-02 -1.905939965934267885e-02 -5.903724593720100812e-04 1.834431094113889854e-02 -4.279061298782894061e-03 -1.534154733790764683e-02 3.255998315867936199e-02 1.037018613054688405e-02 1.145320276383748545e-02 1.835085158542649683e-02 -2.061782971876786191e-02 7.102718354707419739e-03 2.249922135816744689e-02 5.167685656098703131e-03 -1.404592287546613597e-02 2.966144828343257253e-02 7.529848998186244174e-03 2.478987769869170354e-02 -1.116892126552952204e-02 1.059901545022719910e-02 1.177350565860661724e-02 -6.300646620722216490e-04 1.474111066357521906e-02 7.134587124994982640e-03 -3.253633036683279550e-02 3.803374704559200903e-03 -3.306910725110356886e-02 6.597453339482474768e-03 -3.589136144806086282e-02 1.362276052488193591e-02 1.727199379565318507e-02 7.554375926710502065e-03 2.227495493928172837e-02 -9.875707335275537430e-03 3.497787464942587934e-03 -4.731820013840469866e-03 9.765183420433287340e-03 2.034801055523328267e-02 -3.841127814174245120e-03 -1.068630906292908876e-02 -2.380046600208819956e-03 -4.058550982836809512e-03 1.738193213050854072e-02 1.913913580600949682e-02 1.199684186207458647e-02 -1.430787325231026690e-02 -7.384891458007147164e-03 3.492710605896865578e-02 -2.094377553564253508e-02 2.470569343882030033e-02 -3.558141250804670863e-02 -9.613709487242633189e-03 1.809698121141367286e-02 -1.016508399406959931e-02 -7.431917465952696256e-03 -2.558568063068853218e-02 -7.519652579372306141e-03 -1.112552002526505553e-02 2.230812944880961393e-02 -1.146474681305856801e-02 1.836578908881015756e-02 -2.506076836707145719e-02 8.403484887762246655e-03 1.362540394586539416e-02 4.845044314171115078e-03 1.115239051986055205e-02 -5.952949334095802153e-03 1.096496682558527856e-02 -1.190068367519930663e-02 4.008319758052711346e-02 1.180891804686111900e-02 1.317806513839513138e-02 -1.243551972597701713e-02 2.685828603673189041e-04 -2.164124130940824411e-02 1.700672104877578217e-04 1.576081671919790650e-02 -3.443443259365066775e-03 -1.041902279984535142e-02 8.817437036387478985e-03 -5.755703941277695579e-03 -1.447894691391601006e-02 -1.004610968530715402e-02 -8.290908766470234115e-03 7.626070633195677732e-03 -1.772907568916284524e-02 3.523726573822313218e-02 7.446442078659936369e-03 1.761932539498164974e-02 -1.140022380904084226e-02 -3.479793760695142849e-03 -3.133993315057119998e-03 -6.494929995892208957e-03 -8.879238377511174465e-03 6.942695586706738343e-03 7.337004870081246036e-03 1.518167826063519105e-02 -8.451510588004329874e-03 -3.045965224121808743e-02 4.131144816190673863e-02 3.846125257344138338e-03 2.964999145841242315e-02 3.570778294445322437e-02 -9.644172173656853989e-03 8.807784304765963260e-03 7.567605742816598847e-03 1.228460741936742307e-04 -6.426974551933803577e-03 -3.061282942581272822e-03 -9.326864696777013072e-04 -5.482731241440252576e-03 8.116995885262399957e-03 1.152913805131714105e-02 3.423081380222074005e-02 1.834284612424131255e-04 1.154441693775315816e-02
-3.955961186621017277e-03 -3.006840227318982595e-02 -3.563543566354834304e-03 2.176755570357381819e-03 -1.057472942326735839e-02 -1.585613406183974602e-02 -3.706352083478358511e-02 3.620032937133102480e-02 3.891555331011046365e-03 6.627671551337836406e-03 -1.284621071555651708e-02 1.436567987014026465e-02 -1.240522111020281315e-02 1.235427515015354895e-02 -4.653040142530419539e-03 -1.486806604314679092e-02 6.731686549946596688e-03 1.683103547158069924e-02 -2.940896487663828204e-02 -1.334179491850566966e-02 -1.144046601164030487e-02 -1.986642139513930191e-02 1.346758430877058842e-02 -8.139036764782956249e-03 -2.138523251604005845e-02 1.294630220414831959e-03 1.671735187714789780e-02 -2.234369988111252481e-02 3.034673702443636996e-03 -1.932463604826096387e-02 7.475928695715183120e-03 -1.166513886142321252e-02 -1.409172864501090881e-02 4.034698775739787267e-03 -1.448266201882579193e-02 -5.891537834039967808e-03 2.334905207096031957e-02 8.666066403491715997e-04 2.336840108034628216e-02 4.266386447916283541e-03 3.093547463396066274e-02 -1.591233631469280568e-02 -1.585529115170195361e-02 3.362339146075925440e-03 -2.099640951494142344e-02 -3.139382284298855097e-04 -1.124697150132553634e-02 9.117533981058703607e-03 -1.189866154424512254e-02 -1.834804650169940404e-02 6.506499509372690518e-03 5.122377079568073491e-04 5.979046438419422307e-03 2.573369884659925440e-03 -7.005907298350978057e-03 -1.846825658698312764e-02 -9.530940395232088275e-03 1.164669153595500849e-02 5.224978603432201690e-03 -2.572420515587372711e-02 1.208397087310339804e-02 -2.262434560804182579e-02 3.556378275007451156e-02 -1.116486973874995054e-03 -2.083535125942174646e-02 1.111334092621503802e-02 9.230277980845599459e-03 2.397809928524212431e-02 1.031365571969281372e-02 7.681396695162390383e-03 -1.654230975263887640e-02 7.801193673715281149e-03 -1.484485290998265733e-02 2.352951316489819075e-02 -1.042811281306606740e-02 -1.491985779076432893e-02 1.186746186142024779e-03 -7.622677612472900967e-03 9.474560920286010518e-03 -1.298848056825663462e-02 1.251572127296309705e-02 -3.912114888814775121e-02 -1.055819349990660266e-02 -9.095487341614364590e-03 9.738836039565641409e-03 -5.603276646730505437e-04 1.575994698260372098e-02 -1.405845238354353367e-03 -1.174597565051364693e-02 5.896577511172088233e-03 4.334196246089554345e-03 -1.328673090990124817e-02 2.281624870848643957e-03 9.208884501732718386e-03 9.863791978814217404e-03 5.996826276341202765e-03 -1.463579262041457899e-02 2.112128005702372177e-02 -2.612705679328342079e-02 -1.425001149982036384e-02 -1.609818213919547714e-02 7.280947612318010818e-03 -2.578527506994253600e-03 1.882536660625243774e-04 4.483472302909382104e-03 6.032384710679979285e-03 -5.065451917046771314e-03 -1.198000364567855698e-02 -7.358954928504785227e-03 5.515566287744206458e-03 2.650346773820719606e-02 -3.236360320353030146e-02 9.007006937546322388e-04 -2.712889822971757334e-02 -2.583252866052826446e-02 -4.032463010579371058e-04 -1.103011467016164725e-02 -1.114900637242024171e-02 4.714497363430036718e-03 4.294079008295884937e-03 -1.385346108773453976e-03 3.084980797130181928e-03 2.073286007068007343e-03 -7.396663268316726846e-03 -1.370386014439351277e-02 -2.471693846288130006e-02 5.092451878328186667e-03 -8.001661704222760158e-03
2.089493717371353546e-02 -2.245781767830695372e-02 1.178601955458041459e-02 7.743744429136154885e-04 -1.818481268668645581e-02 3.135553692418028421e-03 -7.547197575090578087e-04 3.891555331011046365e-03 3.159373406972161569e-02 -1.749530462482867810e-02 -1.694816388758089293e-02 6.425855734110571225e-03 2.869329978497424903e-03 6.721398952592359116e-03 -3.132146089326366678e-02 -3.974414849663720356e-03 6.752558810882309734e-03 2.819618438938402416e-02 -9.830964503945629346e-03 3.417612804321606274e-03 -4.952433734610304020e-03 -2.502240228171202785e-02 1.840839741471698293e-02 1.690933982312558268e-03 -7.412509128576293127e-03 6.665359731862217571e-03 2.104973023921335312e-02 -4.353989921345251778e-03 -3.163017166358704328e-03 3.566890944484888814e-03 -2.998654316738026682e-02 -1.089888639156265902e-02 3.485901074771407399e-03 -1.610917099634456839e-02 1.387386955078937986e-02 2.221736926730222272e-02 -4.104495081773319558e-03 6.403963339510350102e-04 1.570489870659961228e-04 -1.228311061253292095e-03 -4.048621442230285021e-03 -2.079052438157368357e-02 1.514296183253011248e-02 -2.267046158169118853e-03 6.857051775660325324e-03 1.276293296875317311e-04 7.161540122709211809e-03 -1.696873087002135532e-03 3.415732859058515179e-03 -5.512297645983324328e-03 -1.834708080401251107e-02 2.224426859773455389e-03 2.091411681165478847e-02 2.645456924767955811e-03 2.147951259809613867e-03 -1.765904889590811863e-02 -1.825324187884486832e-02 -1.926719385163749550e-03 -2.453301022948911614e-02 -1.860864502906609637e-03 5.611538056835625732e-03 4.484222779281519904e-03 3.223892137777426524e-03 -1.041589960735462504e-04 3.877909555269680409e-04 1.060269812997609654e-02 1.029014676351724250e-02 1.223235776456837141e-02 1.251408489194229950e-02 1.007515300028929452e-02 -1.420758266972304770e-02 -1.990531289921048178e-02 1.164328574807819462e-03 1.139125096324703976e-02 5.341003153178954313e-03 5.716524025925446423e-03 -1.174193563577316871e-02 2.390256960442649001e-02 1.401407632268408983e-02 1.655555326640173637e-03 6.500271190564651906e-03 -6.817317681211501959e-03 -1.980102255329932795e-02 -1.390884911086899545e-02 1.692101404778580120e-02 -1.130107475914445513e-02 1.213296164940026213e-02 2.470338671358543112e-02 -1.372021710270054755e-02 6.150282308616163846e-03 1.138671273123334146e-02 -3.665554112858960580e-03 -3.876344109495789923e-03 -2.091398947920999896e-03 7.873761085711186367e-03 -1.166962560782681436e-02 9.084624670282332587e-03 -7.151687124711098541e-03 -1.226665187878976746e-03 -9.138937001917660230e-03 1.618056023451183018e-02 -2.052307266764188259e-02 -3.051520439638735413e-02 -9.233531307624151530e-03 -2.513814452257674345e-02 -1.121926338456220862e-02 7.104275067820828987e-03 -2.292169391231718614e-03 -6.794676004565195805e-03 -1.175791582507676632e-02 8.710177583853668040e-03 -2.586801499346782357e-04 -1.162909496974514484e-02 1.098369454426488361e-02 1.202296284643566797e-03 1.291302129268404823e-03 5.038667919030142064e-03 -1.558094594382494757e-02 2.059388856506307389e-03 3.591830263690197998e-03 -2.631460736188954291e-02 1.718487273475027832e-02 1.657576455337236680e-03 2.445756372270615694e-02 -2.038271537197176581e-04 -3.399981620245735251e-03 1.147657630799162574e-02 1.712516711614420900e-02
-1.498127528132414676e-02 9.417935987630691314e-03 -4.076238732398185759e-03 -9.546535287329700054e-03 1.891786510874040803e-02 2.833199549262341559e-03 -1.066491886923637798e-02 6.627671551337836406e-03 -1.749530462482867810e-02 3.390341825128217329e-02 -4.438976721957177711e-04 -1.153893617957667088e-02 3.479005515665382214e-03 -2.862083243265009774e-03 2.391627909284889733e-02 8.357361547407736110e-03 1.555735970393843683e-02 -5.656177613565809351e-03 -3.929513350434587528e-03 4.907993866260899202e-03 -1.729407800284948893e-02 1.100408013868244689e-02 3.099025270843221809e-04 1.757020120773714403e-02 2.304906405317053153e-03 1.198397266042805151e-02 -8.923279604216195413e-03 -1.232553543484816473e-02 -3.820373880670376639e-03 8.122970353913563576e-03 1.931168129818987278e-02 9.191203549735023348e-03 2.905882757035464954e-03 8.032237604816673537e-03 -3.000338322435160132e-02 -3.143330389436314876e-02 1.386713060080841525e-02 1.357522686196001825e-02 1.284867275537962192e-02 -3.914648586151522891e-03 1.226999703150579227e-02 7.370298084053653748e-03 -3.070890374952480253e-02 -5.206696478859127071e-03 -4.525841650964090856e-03 5.342131802670517689e-03 -1.420855612813592267e-02 -1.630699221418448544e-02 2.473984420350156845e-03 9.885769320455511065e-04 2.479039656291857560e-02 5.520268056183354026e-03 -1.250015407541237716e-02 1.975135662734194344e-02 -1.406449857787031923e-02 1.066334270829501218e-02 4.325421836800140765e-03 4.369211233627961176e-03 3.189332855265664124e-02 -1.073268460569586254e-02 -9.763309053696435716e-03 1.053317604316562385e-02 6.007567753428655517e-03 5.161673209549236772e-03 3.519573727006124371e-03 -8.929840757634486051e-03 -1.033865710762621459e-02 6.008179878492764421e-03 -1.035017809501016794e-02 5.338746065902338390e-03 -7.551260819327661883e-04 3.625035402887568509e-02 7.218279934600844820e-03 5.840808194867943247e-03 2.157585328898998372e-03 3.172654779523507822e-03 1.679522296453465858e-03 -1.829980765754610217e-02 -1.174548301008225548e-02 3.475547902048685151e-03 -7.748713225548164302e-03 -3.981271566853564724e-03 2.247616903145147060e-02 5.198897774560395924e-03 -2.650604279229265125e-03 -1.472956731897014614e-02 6.921006160149512521e-04 -1.288943617442468714e-02 6.021342548627513051e-03 -1.199805888601053645e-02 -8.408293886563068462e-03 -1.394534200683673376e-02 1.324141374408731135e-02 -5.860419626023558905e-03 -9.194440486232762291e-03 4.247817015796695635e-03 -1.826919573946000908e-02 1.948445413286930758e-02 -1.181691842892606918e-02 -9.242129984836084181e-03 -3.009575697082309681e-02 3.555698181644638411e-02 2.439574538030739662e-02 -9.260323948075511319e-03 3.129892542953458673e-02 5.142888426542546049e-03 -1.096378374004933556e-02 -1.378974266905685052e-02 7.353427397775556471e-03 5.553261086093192779e-03 5.182321511263910697e-03 -1.000612436137546767e-02 8.418305448797047327e-03 -1.135691951476221553e-02 -1.216369884228100592e-02 4.882767505669289958e-03 2.502666007713424696e-03 1.570182677886115818e-02 1.207271654807557347e-02 1.713296046741652132e-02 2.087725526491871972e-02 -3.339326995423627653e-02 9.906607040245032567e-03 -3.145122948172159733e-02 5.478495019458327203e-03 -9.097567650229471808e-03 1.130700317756958874e-02 -3.249117299087302124e-02
-1.977198213764404938e-02 3.265981423537237666e-02 -1.361575048799012859e-02 5.500392013197268580e-03 1.159121617499647358e-02 3.005820424649805096e-03 1.959886861465130053e-02 -1.284621071555651708e-02 -1.694816388758089293e-02 -4.438976721957177711e-04 4.370321260749877867e-02 -1.741761314118183204e-02 1.031853128548175253e-03 -2.013526461330353637e-02 2.246324862509640682e-02 1.924343940546254829e-03 -1.273991635063253039e-02 -3.026606897694451848e-02 2.937488546128489558e-02 -8.177752392305419208e-04 1.297045909029484294e-02 3.411044129804151337e-02 -4.443673084750709990e-02 -1.922566830470081797e-02 1.898938077148890763e-02 -7.849911691556276869e-03 -2.899313363690658382e-02 2.237158044351624311e-02 3.181140784925010762e-02 5.624994936657649360e-03 2.519650282512173045e-02 1.256395770956757890e-02 1.971139412314147459e-03 1.367719025131818554e-02 -4.015004148151476299e-03 3.240030431150907591e-03 -2.578844600911851456e-02 -1.287109310418451530e-02 -3.363219977851158310e-02 2.917262294051463020e-02 -9.652764569497105165e-03 3.154483004594076795e-02 -3.690209475923988004e-03 3.215380603436270024e-02 2.852826940536311306e-03 -2.774416614187161928e-02 -1.575388331997515726e-02 2.763295589866916757e-02 1.513301680499134138e-03 8.534259614891617426e-03 2.362933452987772513e-03 -3.120909031539782774e-02 -2.305181048789300621e-02 -1.450199183892469587e-02 3.370369385581191424e-02 1.522292566088438888e-02 3.593035387413973103e-02 9.227966091921568220e-04 -2.524292744846325380e-04 3.488235155635014545e-02 -1.913952464898933253e-02 -6.343353399244927191e-04 -9.250131010528812175e-03 -2.710338966763128563e-02 3.245952694054230511e-04 -1.281459242229995160e-02 -9.477630429428366907e-03 -2.213770959084159634e-02 9.670163902427622712e-04 -3.204932856488625081e-02 3.609307151657351748e-02 1.529470295328119820e-03 -1.184481914892619378e-03 -2.052378228965871451e-02 -1.435050548606863277e-03 5.545984900761747423e-04 1.558572281869642466e-02 -2.141170762399255412e-02 -1.064179582427598287e-03 4.635698684836584739e-03 -8.738643393615543736e-03 1.829856011611815172e-02 1.239989986018208770e-02 1.385887970895747709e-02 -3.599167162377541612e-02 1.791589762641677616e-02 -3.516218719156555955e-02 -2.690764808568724478e-02 1.134040029462519278e-02 -1.859629816367548878e-03 -2.903091288907002840e-02 1.355853493396069927e-02 -8.042348967254631803e-03 -7.049627484805995846e-03 -8.969130108422800757e-03 1.258139403709685605e-03 -1.243842162423797193e-02 4.639819524337614881e-03 3.441844231446442720e-02 5.405266773285953216e-03 -2.342987227424073865e-03 1.383101287392178927e-03 1.931497527286579405e-02 1.882486923368686602e-02 9.864798738837309618e-04 -8.624461061080715505e-04 -7.498411226089089256e-03 -5.877084365825232170e-04 1.997368024194318831e-02 -6.814400892296444603e-04 -3.185624447576080459e-02 2.981023336651806091e-02 2.758221928137217019e-02 4.964259061933026795e-03 3.142757680116696484e-02 -2.915858759185112684e-02 -3.054090965475885844e-04 1.046800403897032473e-02 -1.322373892949687581e-02 -1.529539318453869423e-02 2.026398060675389107e-02 -1.919433178260949091e-03 -1.051677763943130277e-02 -1.191561387306037771e-03 4.195996672349843783e-03 3.710009795490933765e-02 -1.203333328840263707e-02 1.199611234242425536e-03
-5.663386422331560636e-03 -1.360964511128191258e-02 9.152382377467275024e-03 -1.309035324612095944e-02 -3.196475540019726863e-02 -1.336472274239806435e-03 -2.317873379446891077e-02 1.436567987014026465e-02 6.425855734110571225e-03 -1.153893617957667088e-02 -1.741761314118183204e-02 4.994131488653872492e-02 2.259557971486772683e-03 1.365940079131474152e-02 2.515543394311735032e-03 -2.673314104984859246e-02 -9.387911114009482930e-03 4.822636076686841709e-03 -8.469216375132572472e-03 1.985825527113547345e-03 5.354704610442201189e-03 -5.731182509109047918e-03 1.788037472409380324e-02 -2.050587635527307065e-02 -1.178869794015181306e-02 -2.555037080960275916e-02 -2.554790823629138775e-03 -1.038846874111794966e-02 -1.175766401081293488e-02 -3.302989028928685761e-02 3.626471704530676889e-03 -6.125145841802803054e-03 3.057777253140013529e-03 -7.207203506265463279e-03 2.142770719321350492e-02 2.924535348516884431e-02 2.618117539187715670e-02 -2.577501849109300330e-02 1.354727520434594740e-02 -1.229945105442240873e-02 1.781489600172417656e-02 2.988755568623724553e-03 1.786846836981235628e-02 -1.038500209432816589e-02 7.306111883986145684e-04 1.223904352996765463e-02 3.321809623460129229e-02 9.379774349401199390e-03 4.056553006016486856e-03 -2.404298018631323419e-02 -3.125760620971987369e-02 1.076705524070480958e-02 -9.496766489294249450e-03 -5.672210944093974451e-03 -1.061740833214439537e-02 -2.985317539430105624e-02 -1.500557986057208908e-02 2.153677625710887725e-03 -2.788818486358426302e-02 -1.440464061777864055e-02 4.812317023554302242e-02 -2.615649841584307550e-02 1.436815403618290146e-02 1.279771254918379148e-02 3.313265950121947832e-03 5.292239869824097095e-03 4.416163026951617013e-03 2.670482818318810347e-03 5.805971426623718172e-03 1.103750793283703700e-02 -2.603801214091767263e-02 -1.473334562147495148e-02 -2.608186837310690759e-02 3.248603045836864333e-03 4.114203809481241890e-03 -1.903648829882962886e-03 -7.432808819792302568e-03 -7.048236308920253351e-03 3.948922403217593538e-03 2.227698656176615392e-03 7.088895636012144431e-03 -1.792259870407278757e-02 -3.602279260749817469e-02 -9.521660962474282064e-03 1.160391750947562840e-02 1.666879400425188076e-02 2.746893336612656750e-02 4.460635976115337985e-03 -1.251075332471804358e-02 -8.770422611408663222e-03 1.578566118925075687e-02 2.257171828333908586e-02 1.251961653026044397e-02 2.212575732513812066e-02 9.632547502230951256e-03 -2.026977387835745409e-03 3.301637915754323388e-02 -1.544972883113563539e-02 -2.654523251022722005e-02 2.130857175117201879e-02 1.857687822396596883e-02 -1.212224060206681074e-02 5.080268154655375075e-03 2.981282765691388101e-02 -2.694420946192131738e-02 -1.210798691883409632e-03 -1.120675693586284556e-02 2.017434601177592671e-02 -4.191099839586591436e-02 -2.223218596706913811e-03 6.450742072449915619e-03 -2.878530977138706731e-02 -1.080677350900856488e-02 -4.342058283714123794e-04 -2.978499165738547269e-02 1.137208195826725811e-02 2.756932805664352639e-03 -6.020614393163129310e-03 -2.236149762171527056e-02 7.355888589948789353e-04 6.741191448121837057e-03 2.978880893089292520e-02 1.415335446126447447e-02 2.954181500823036682e-02 5.812976179672711197e-05 -1.639473687936020274e-02 -2.180404971666688799e-02 1.232892355144829012e-02
