4.017015007248802422e-02 1.270673224012040803e-02 -1.587178289024544081e-02 2.160498079938065127e-02 -7.042326540451888765e-03 -3.483479764098015852e-02 3.410131488971205466e-02 1.632812679196167819e-03 2.023510148518886491e-03 1.248762089728826935e-02 -2.986597716483508150e-02 -2.666365114030942729e-02 7.339387256549547399e-03 -1.354359913974528817e-02 -5.153012193461583342e-04 1.372750418927752396e-02 3.287548434003834119e-02 2.910172248387941224e-03 1.395008667966038266e-03 -6.577594523378219862e-04 -5.276354546412316895e-03 -1.444640015823722397e-03 1.901220564960589762e-02 3.105152067519238029e-02 1.491048900507801166e-02 -5.865564328823553650e-03 -8.065769569416887316e-03 2.378277150731019154e-02 -7.620733712211011715e-03 -1.274694300289458751e-02 1.489605318009744328e-02 -7.007487345453308931e-03 -1.559507504810821741e-03 -1.276310088931020825e-02 2.980044262027029683e-03 -2.151366084238984320e-03 -2.650220563664846055e-02 -2.279452320920913929e-03 1.664334425909130485e-02 -2.365045546803684444e-03 1.963617124698477726e-02 -2.539558075706130347e-02 1.399964659188075548e-02 -7.028000607076350520e-03 -4.917547052848537589e-03 7.192766507161760248e-03 2.818556055920568709e-02 -1.836367333739748892e-02 -4.380183242310591030e-03 1.201725482845714815e-02 2.465204091324027166e-02 3.101465406693611204e-02 -2.987043895941779784e-02 -2.556327595007327688e-02 8.823661695947627656e-03 -3.048756698039017943e-02 -2.178750838008977619e-02 -8.471163860745199378e-03 -4.761420214747041045e-03 -2.314183938875323185e-02 1.655446822594310030e-02 -2.314155914162291383e-02 4.668218242489080051e-03 3.080523114233411908e-02 -1.615125517620307274e-02 3.569445980701035220e-03 -6.998202562765744837e-03 1.252106936143447015e-02 -3.551291745756060460e-03 2.367020689696925848e-02 7.563738571183259950e-03 -1.952747693911924959e-02 1.949585506586694675e-02 -7.833069711329173528e-04 5.844814032980162263e-03 6.912285209719985085e-03 5.727556696895115367e-03 -1.676362548330905325e-02 1.784290257450932976e-02 -8.138715613885601783e-04 -1.552520131075041041e-02 2.505445976399773775e-02 -6.171076150848373888e-03 -8.535517346990057624e-03 2.259934247341751842e-02 1.948502138529649430e-02 -1.264852994322786424e-02 1.011464316802825059e-02 2.750297205902478559e-02 7.552527066385786476e-03 2.362462099191127776e-02 -5.488680299151348779e-03 2.308946869450939632e-02 4.265302312752200010e-04 1.063267735455664109e-02 -1.052904134919023776e-03 2.493285837295763918e-02 1.031057767276077897e-02 -4.993105094716723466e-03 8.621325592825334824e-03 -3.345150564713923920e-03 1.106916359908223860e-02 -2.514611451259461325e-02 1.756126335613688097e-02 -5.742273048159699531e-04 6.078513936780977891e-04 -2.898893843617809767e-03 -3.440349039156347967e-03 2.663568771704652796e-02 2.546418742298868498e-02 1.342494376996509857e-02 4.319294974180997587e-03 1.490251943776554032e-03 2.090876196098794687e-02 -1.965340154351444962e-02 2.871501527762300443e-02 -2.842819584822103840e-03 3.485614214079493334e-04 -2.203636829597773860e-03 -9.105778125707386476e-04 1.475395053750166822e-02 -1.437839905466075817e-03 4.748988733955117163e-03 1.301793246585924296e-02 1.368155168251894947e-02 -4.895472360238988484e-03 1.167569163703871364e-02 5.816988944358056158e-06
1.270673224012040803e-02 3.662776303475478307e-02 -1.677715320992921935e-02 3.572563839892287790e-02 3.584355303055713343e-03 -2.359212758001237240e-02 1.652255435474505804e-02 -7.570747481570972402e-03 -6.448653921928023010e-03 2.176738307030454123e-02 6.533278831564894203e-03 -8.261078513683543442e-03 -1.597165243624671868e-02 1.403383994008907190e-02 1.839704026045744720e-02 1.661369636924228330e-02 2.677853563275808466e-02 -2.443734075025092833e-03 6.616116653933403098e-03 -2.670483207774287243e-02 8.335254614659714026e-03 -6.108661372868620133e-03 -2.789396430980202023e-03 5.018312096536092955e-03 3.053458230085490371e-03 6.609597092962460688e-03 -1.428084440185232833e-02 1.084184546230530788e-02 -1.796495355619366976e-02 -2.101766293617702338e-03 -1.042591893267339024e-04 1.279377456281487364e-02 -1.847922791125165137e-02 7.633544069718707289e-03 -2.225020106568257813e-02 1.834704838245115530e-02 3.887499119188455535e-03 -6.602006916475321521e-03 1.980554617459573397e-02 -8.247754039435213277e-03 1.148072431516251185e-02 -2.090216608799516651e-02 -8.452553477777895174e-03 6.370942427820409405e-03 -2.565094657209243678e-02 1.545441760491251225e-02 -1.516193904557837802e-03 -2.863127040284399114e-03 -2.580588871374214777e-02 -6.117385574894804862e-03 7.658819162513191142e-03 2.185657303461542231e-02 -2.723757477077661665e-02 -2.830889897437850397e-02 -1.741093543392176549e-02 -6.988824948511554273e-03 -3.170373932787672825e-03 -2.757449619397725135e-02 1.859891982263987484e-02 -2.593223837771194140e-02 2.966550977772109549e-02 -3.133384563579555415e-02 3.104640010796842417e-02 3.367862607976115918e-02 -3.125677051900741660e-02 -4.680905534773774704e-03 -8.345413307442893286e-04 -1.296435209228955854e-03 5.236284871059491801e-03 -7.615884021737127571e-03 4.471182679338216517e-03 9.351010283286701266e-03 1.331014180781130499e-02 -7.219628053527651565e-03 2.117599973181397838e-03 -2.198983477965817113e-02 1.257057123777893456e-02 -2.609180057545552097e-04 -6.921116748320281335e-03 -2.482780922796249193e-02 -2.629713368482212987e-02 1.005180878691949026e-02 -4.443933833383546805e-03 2.502048413948369278e-03 -1.163383893735168290e-02 3.080298443453434107e-02 -8.984572491549774539e-03 3.146354478767160109e-03 1.732409998788366975e-02 1.042630665995526555e-02 2.988788541599046722e-02 2.301024853192178143e-02 5.796247617331588007e-04 8.577251929954503307e-03 4.597598303716195905e-03 2.822181573494995585e-02 3.080124676108044607e-02 -1.580159619867192722e-02 -2.804698747643658355e-02 -1.600389990304738191e-02 -2.644949811782985882e-02 -4.251081378959844712e-03 -4.492753740205376531e-03 -2.600587998803043435e-03 1.788622017192836172e-02 2.601833310152418602e-02 -9.222376924205195892e-03 3.316838325783185923e-03 -7.797736768239841090e-03 1.129819124335412067e-02 1.593877733935072927e-02 -9.847485761297852455e-03 -9.068634630142284603e-03 3.368342164745431137e-03 -2.697571953296497294e-02 3.834731050608022190e-02 -3.764431490128022743e-03 2.175087209392667295e-02 8.728463806981711162e-03 -1.730882775310473368e-02 2.297923207780516036e-02 2.588319428396639726e-02 8.173450559004188931e-03 -1.505676509997277458e-02 -3.406242619489782252e-03 6.778267575493598235e-03 -1.767025363119314671e-02 -1.716712084636969754e-02
-1.587178289024544081e-02 -1.677715320992921935e-02 3.642994427809903568e-02 -2.058533347707370426e-02 -6.193599280887011720e-03 2.558896600143138744e-02 -9.985642987261714523e-03 4.935007948172588990e-03 3.470807708127772798e-03 -2.037954288623963772e-02 1.121177908674971533e-03 1.605257991269835871e-02 7.150943083410761687e-03 1.603347452241663668e-02 -1.137310335118600288e-02 -1.120213712757706429e-04 -2.984587611716306432e-02 -8.307739540548692361e-03 -4.869668343838389792e-03 1.102050564894179255e-02 -1.692060238635330631e-04 -1.902634453298606657e-04 3.410567362909932339e-03 5.286954660956795331e-03 -5.560219443553480329e-03 1.889127155541977946e-03 2.766349157319298799e-02 -1.426768693829551238e-02 1.039190616628335277e-02 -1.621481749559985181e-03 -6.097453804001105350e-03 -1.187792291283539838e-02 3.033071529532255228e-02 1.258896198124791763e-03 9.717697983067504972e-03 2.890752979859148152e-03 -1.096494759458305907e-02 1.679097756283216445e-03 -4.476102759671113374e-03 4.893455465197344735e-03 -1.838293798538630924e-02 2.903363398784782057e-02 -8.280199262386776771e-05 -1.371351927206568636e-02 8.621754018383474133e-03 -3.023297590728240723e-04 -1.747872341138408461e-02 1.941802795113974772e-02 9.659990245449853394e-03 5.321578491846856197e-03 -1.364499675987022875e-02 -1.755904459569700843e-02 2.804533602789457264e-02 7.181599942209645690e-03 2.138096927070996453e-02 -8.931134014126618573e-03 3.163269273560294879e-03 3.042611670290326295e-02 -1.643696347533515206e-02 1.474277301027880974e-02 -1.919769355238132649e-02 5.646440089901528028e-03 4.995783330501859338e-04 -3.498189750721533708e-02 -8.339561650748220393e-04 4.636796773862483963e-03 9.639174215227808151e-03 1.537713615863923328e-02 1.085923635560864277e-02 -1.418503028980845973e-02 3.859836480800366704e-03 -1.497643087647448912e-02 5.674249951051529330e-03 9.500974518726805138e-03 3.659663113488141693e-03 7.465024400064437099e-03 -3.233207414567558328e-03 4.600038752487633381e-04 1.534325829821063525e-02 9.857681132375567187e-03 3.046042190625124213e-02 -1.368623718209413878e-02 1.329126114015017138e-02 -7.209014962143121819e-03 1.044618593275680428e-02 -1.113256676597872141e-02 1.241192478469831367e-03 2.047423973643234044e-02 -2.761197616202018187e-02 -6.457605169254494910e-04 -3.101990436580734367e-02 -8.788004141115380100e-03 -1.682782155629647738e-02 -8.980502690223067519e-03 7.651655679979608472e-03 -1.235544889884766795e-02 -6.461488541751944127e-03 2.204737569497372887e-02 1.185810296003205616e-02 1.687614002285603085e-02 3.045418532243193005e-02 -1.749928738013036000e-02 1.299019118460796943e-02 -8.656732410485716914e-03 -1.983281242387291768e-02 -1.058095079501805182e-02 7.857359441556072480e-03 -5.913262883787774593e-03 -3.428179388618604259e-03 -1.494275445415170316e-02 -2.825963721641710277e-03 1.962306196978747322e-02 -5.767460054707977159e-03 1.156477327983905816e-03 1.876129548354284887e-02 -2.609605762684528638e-02 8.042781643838490049e-03 -1.692144853305654201e-02 -2.210466181019034304e-02 -1.886948215915151264e-03 -2.865037689365729917e-02 -1.193216187411733943e-02 -2.711854886765517614e-02 5.976035189374911787e-03 7.101577661024646021e-03 4.802291408406388767e-03 1.908929184359270392e-02 1.338012763573264395e-02
2.160498079938065127e-02 3.572563839892287790e-02 -2.058533347707370426e-02 4.790771692824808553e-02 5.675409823455392598e-03 -4.511076148938601010e-02 2.225055276527737602e-02 -1.463311827861002272e-02 1.022311000638753339e-02 3.022177887878726640e-02 -7.312804094541529992e-03 -3.699556833447375896e-03 -1.628782690684455262e-02 1.998321743821411187e-02 1.725317588064848723e-02 9.385769863560846499e-03 4.860794848595632878e-02 6.861997784454808291e-03 -7.705317299103587973e-03 -3.166024355085557407e-02 1.766434571080488514e-02 -1.000489940705899007e-02 7.103389870208755633e-03 1.953166731205453407e-02 2.005399688536126102e-02 5.069309207568924863e-03 -1.489496591177252166e-02 4.162899120683316058e-03 -2.982749375005486897e-02 4.688822316678957838e-03 -4.415467289964766784e-03 1.358375690117709020e-02 -1.552229224659415659e-02 1.700581861765144975e-02 -1.479673560192671343e-02 1.588388791332583788e-02 -1.085120356478464464e-02 -1.169276199181648081e-02 3.990101202283834886e-02 -1.793970031653274386e-02 2.651602987328014957e-02 -3.848890505240643717e-02 -6.221004216972070983e-04 2.051778168929195047e-03 -3.085450150219056983e-02 1.780068413195531191e-02 -1.037420476378952180e-03 7.564507615510012578e-03 -3.182709097087962902e-02 -6.880550802905354216e-03 2.454000787609466813e-03 4.305234326999086980e-02 -4.587097723971703123e-02 -5.182278135231780519e-02 -6.411178215650193031e-03 -2.386808575310950253e-02 -4.277043509813274400e-03 -2.655570843541869841e-02 1.084601776466239190e-02 -4.553418814514455931e-02 4.095305709163108571e-02 -5.442694404796048074e-02 3.877703837222304384e-02 4.427753444240009606e-02 -5.269687374867855489e-02 -4.478186392178958898e-03 4.413056565748781426e-03 -2.020144456062191677e-03 1.766294816779674995e-03 2.432753316329824486e-03 -3.785251777405435492e-03 -2.639539657068997510e-03 7.916328661456634511e-03 4.005861404096124935e-03 1.698154739875896296e-02 -2.616707306047477352e-02 2.065303085834668123e-02 4.084490821440659065e-03 2.328220955403619702e-03 -2.826462318706904689e-02 -2.883936520569811701e-02 6.606120728127426456e-03 -1.715723976411601820e-02 4.590321579802015065e-03 1.589990727576840466e-03 4.419288590464796190e-02 -3.259783117816716057e-03 6.461529308762133626e-03 3.394892070172809279e-02 2.437341989153152602e-02 3.947048226267050458e-02 1.802937260179271819e-02 -6.762778949469254626e-04 1.915734407120596450e-02 6.370167898218963981e-03 3.365555951699365778e-02 5.077535210793467785e-02 -5.328483317166135547e-03 -3.364576586678420106e-02 -1.113709192192600776e-02 -2.340291460034020152e-02 -1.548795428205713108e-02 -2.037447135919810692e-02 5.651696209972542281e-03 1.391116566376973500e-02 3.135833962360493749e-02 -1.753760666979744393e-02 1.347712392605203598e-02 4.806462795278540132e-03 5.574016822318848645e-03 3.557756548183536871e-02 -7.188655435458074505e-03 -1.733648318023526744e-02 5.702037351306070249e-03 -4.592810693131110095e-02 5.545072608228975020e-02 -1.207876771651202573e-02 1.604893041397446526e-02 3.987970293586171402e-03 -1.623625094858401757e-02 2.489372022124014885e-02 2.836952015991815040e-02 7.079666000351787260e-03 -3.551074903728463576e-03 -1.313852902105309408e-03 -6.392080483129809233e-03 -1.131814803414040241e-02 -1.539351069188812406e-02
-7.042326540451888765e-03 3.584355303055713343e-03 -6.193599280887011720e-03 5.675409823455392598e-03 2.819966039119078255e-02 -1.088821258650301584e-02 -1.246086156284213591e-02 1.402382604295103995e-02 -2.430804725413129256e-03 6.998326922999040939e-03 7.992346833699207759e-03 -9.740540835206812353e-03 -2.814512202045277994e-02 1.438519082738002469e-02 3.084846691482769944e-03 7.071268666214934259e-03 1.267986817676462589e-02 1.033022722951094756e-02 3.612333906732395888e-03 -2.507578035856259518e-02 4.815947132290772088e-04 1.113438617438871833e-02 -1.484091933321318897e-02 -8.972229358689784440e-03 -1.078488378821403429e-02 1.172193124626856424e-02 -5.004560666448989656e-03 1.067552712435457761e-02 6.922958694371984280e-03 1.440436996943934324e-03 -4.101706731524456563e-03 1.475900259081825393e-02 -2.707961294347856901e-02 5.102045461429000409e-03 1.191240258244358717e-02 4.223819952813795062e-03 3.377460952785887611e-03 2.119505067094497319e-02 2.616309320963149544e-03 1.732323665531661228e-02 3.997694359585268233e-03 -1.849741691733144261e-02 -1.336943631109078177e-02 4.845109852535087885e-03 -2.319671381556159123e-02 -1.797608620907199459e-02 -1.346387024064659918e-02 -4.095300299931478594e-03 -2.366773807873489774e-02 -2.760760874698170095e-02 1.268637157789566892e-02 -2.451420561041080183e-04 -1.486007218718627017e-02 -2.861897738612131491e-03 -1.246806017655086550e-02 7.680017905240163131e-03 4.162907176863089691e-03 -2.359988628053727444e-02 1.142757005043558774e-02 -1.365586337992245013e-02 1.975011992904739111e-02 -4.379020774600205120e-03 9.717392282557944100e-03 7.823289375303535409e-03 -2.603572537073114892e-03 9.254971818428469818e-03 5.440207445151426860e-03 -1.898890555779974773e-02 1.580259082414578117e-02 -4.233279349538180900e-03 1.471395310304054148e-02 1.666962710429039729e-03 -1.536480394023815449e-02 -1.426912662199440567e-02 -7.842329048365969529e-03 -2.612404436450330505e-02 7.441328842024233850e-03 8.126458054920788002e-03 -2.053344767043450980e-02 -2.581297342433103853e-02 -6.545874536585511404e-04 3.687118916444585229e-03 -3.792832983839587811e-03 3.122925044925504642e-02 -3.881104214551304478e-03 1.478598012404909587e-03 -1.456399381868628447e-02 -3.234869640346677185e-03 1.549985104113900218e-02 -6.648050546884134949e-04 5.483533497122313437e-03 -1.100016986752632570e-02 -1.563337051459046806e-02 5.857554777167601166e-03 1.280968084249705687e-02 3.143083014689888183e-02 -4.281873829420942794e-03 -1.258249715452471919e-02 -2.452147261235454109e-02 -2.960580062795521369e-02 -2.595968489541704630e-02 6.111079883125323034e-03 -1.125307271324636239e-03 -8.372269523881750372e-03 1.137781754199197401e-02 2.586246800515204156e-02 -9.554810899292411758e-03 -4.072043039040880788e-03 -8.553760141863145025e-03 9.295267010680579103e-03 6.416541750780354117e-03 -2.717380275374934370e-03 -3.457134956204583991e-03 -1.978399480300003718e-02 -1.760940498253501033e-02 1.364118322014348794e-02 2.894225833779729556e-03 -1.094633110898643805e-02 2.322342895539101712e-02 1.175131818686298924e-03 1.873561771477242916e-03 2.657320324225032754e-02 -2.495221239352869280e-03 -9.330833997246016850e-03 -2.644541261793600245e-02 -6.059276013102419048e-03 -1.791861104128976076e-02 -7.057064966795263683e-03
-3.483479764098015852e-02 -2.359212758001237240e-02 2.558896600143138744e-02 -4.511076148938601010e-02 -1.088821258650301584e-02 6.459884649717563543e-02 -2.763189612294706873e-02 6.756815530906545506e-03 -2.675756550260810496e-02 -3.483421915226764254e-02 2.840816532689547161e-02 1.684449269322700268e-02 1.557695739632641505e-02 -1.185153213513910099e-02 -1.388371004787252588e-02 -2.972957628963677178e-03 -6.977774814893013267e-02 -2.239853095414430159e-02 2.243291109703155969e-02 3.059607106202087007e-02 -1.130859789824644433e-02 1.450042567355785614e-02 -5.180765391000288073e-03 -2.912536718659774343e-02 -3.693140438640928058e-02 -1.044737536239391355e-02 2.597648882579835575e-02 -1.462297940194668897e-02 2.078365015515882055e-02 2.627238509350419103e-04 1.211559988608161553e-03 -4.112244376426272240e-03 2.601765025297541820e-02 -6.142707463099937593e-03 -6.253135873499518320e-03 -1.314635294558227051e-02 2.619070859122998168e-02 4.935761962432296500e-03 -5.164269290759582881e-02 9.766011425345473909e-03 -4.417868745234064531e-02 5.629703346244617490e-02 1.631075086346582721e-03 2.793065491923279846e-03 3.012263715117330723e-02 -1.156935481459673773e-02 -7.194089128489619851e-03 -3.478777955483678026e-03 3.236808881252519615e-02 8.755520210817395801e-03 -1.490849370767912893e-02 -5.868699404555160343e-02 6.108116096643786963e-02 6.011569338030210014e-02 -5.454840146144987467e-03 3.524959974601692136e-02 1.622669138007464679e-02 3.591131793589218135e-02 -1.323199807646333569e-02 5.779754850534172400e-02 -4.524420179698256800e-02 6.142666775496143095e-02 -2.845990115983157084e-02 -5.690513865309271280e-02 5.098611507236153195e-02 6.110503614682845190e-03 -5.158211931030609598e-03 5.034256563384849163e-04 3.631435608082492477e-03 -1.370593905538376386e-02 -8.577243807975626745e-04 1.657858419069453693e-02 3.550366031439004181e-04 -9.283871071493973032e-03 -2.940436534380393152e-02 2.301569409779255851e-02 -2.877690029839404320e-02 2.142799664337711931e-03 -7.354732651198560463e-03 2.763474982546336098e-02 2.495822641139226056e-02 -1.650049281356648356e-02 2.291942366226434186e-02 -1.579743570133225472e-02 -1.748054810514894711e-02 -3.952992895204131968e-02 1.009360462212295813e-02 -5.638023088586409728e-03 -5.398379087212783201e-02 -2.427227804183824944e-02 -4.987556866949669626e-02 2.513582603688943335e-03 -3.155048782000164850e-03 -1.776825525250312274e-02 -9.389415877124834484e-03 -3.419845532555770146e-02 -5.154211643861814768e-02 -6.830192163526263398e-03 3.419325096885520582e-02 1.673748159434862784e-02 3.158761191361889736e-02 1.081503745872829103e-02 4.003294014715133575e-02 -1.041989833548919234e-02 -2.116495712345056388e-02 -2.887972919781789383e-02 2.815060531812571543e-02 -7.509528036037532023e-03 -1.951306838688530651e-02 -1.644430986531238842e-02 -4.773902999780796352e-02 5.420779243673404073e-03 2.028246743210883329e-02 -1.343563676294685406e-02 5.890569512074570607e-02 -6.036422385188768003e-02 8.265948596826869568e-03 1.118326344382596224e-03 -1.602238524352543256e-02 1.101248599264480557e-02 -3.236366912222399250e-02 -2.510277725110197228e-02 -7.582978653285410778e-03 -2.247392696665549434e-03 1.227718410404394318e-03 2.470883169255079156e-02 -1.143876659680528787e-03 1.866781147880311464e-02
3.410131488971205466e-02 1.652255435474505804e-02 -9.985642987261714523e-03 2.225055276527737602e-02 -1.246086156284213591e-02 -2.763189612294706873e-02 3.763893240095686488e-02 -8.055297187684013621e-03 6.675545770329288815e-03 4.947223605809695536e-03 -2.709700574060841180e-02 -1.727027098747168157e-02 1.065773104765440835e-02 -3.117635937161678666e-04 -5.884005711885350459e-03 1.084390319960215447e-02 2.582212758621431001e-02 -7.140912917334187038e-03 -4.541931849546741902e-03 2.971722376558229468e-03 5.597381294568755904e-03 -1.101263814157775120e-02 2.000514737747308147e-02 3.088965318852398764e-02 2.201799178201405138e-02 3.297009589834840309e-03 -1.577120655304706980e-03 1.429652926111455412e-02 -1.575735247667616953e-02 -1.885008038408312421e-03 1.111775376538811158e-03 -1.528389561151872154e-02 2.583422403083823413e-03 -3.932160145725944848e-03 -1.604274185282323056e-03 7.771559860486250762e-03 -2.753678678200837879e-02 -1.311658960350913991e-02 2.333634718932006344e-02 -1.159374439055685900e-02 1.006484604745608302e-02 -1.456248324303019773e-02 1.669042445676290759e-02 -1.460155383872083039e-02 -4.315612325796890796e-04 2.092271452834507106e-02 1.527680156925255960e-02 -4.643976821967201948e-03 -2.248649667142230482e-03 1.570155630505570485e-02 1.425156437952184926e-02 3.483067598104431367e-02 -1.959480806929195934e-02 -3.197226747968780203e-02 7.647281612211166875e-03 -3.286649511289533448e-02 -2.861954584789247469e-02 -4.549610819738174848e-03 -6.132333801701446777e-03 -1.755911278898130562e-02 7.030800944431425670e-03 -3.086518799193904358e-02 7.576919100677226640e-03 2.524928338984873052e-02 -2.600785169839157571e-02 -4.729292699237620454e-03 7.273622353466251481e-03 1.686459613976750913e-02 -1.192572267928481734e-02 1.521099730033810549e-02 -1.829405980229463014e-03 -2.125531027594821168e-02 2.256129451029353916e-02 1.227408465612660725e-02 1.144229581648154546e-02 1.141723950621049630e-02 1.497929582195648389e-02 -4.308542515842045569e-03 2.129360213736345916e-02 2.653228943841696736e-03 -1.692066618322310770e-02 1.564601842898596593e-02 -8.091344973557351369e-03 -1.855725998577787902e-02 2.119621729793354573e-02 2.500979810677741652e-02 -1.343128671838655528e-03 1.944456612752224270e-02 1.825736682222943788e-02 2.059227533912893690e-02 2.150638586710095987e-02 5.315295796357367465e-04 1.072440632968330552e-02 4.482486437585290855e-03 5.970669155640481902e-03 -5.622993360909991738e-03 3.638857028438622493e-02 1.012424677128553538e-02 -1.660744278203481975e-03 1.380049978094650444e-02 4.182750899017679581e-04 -2.666954912470705357e-03 -2.963431955545632601e-02 6.537360630585695512e-03 -3.674394263675068422e-03 -3.069953440624877562e-03 6.916790432309996746e-03 6.469121665788224451e-03 2.569454889564907682e-02 1.538720402409044820e-02 2.067001818434643229e-02 1.141139682942995601e-02 -1.182658028633903728e-02 2.784980968535373178e-02 -1.244840399108065009e-02 2.290043054966833108e-02 -1.235955908748525255e-02 2.894228754489355966e-03 -6.671570542551744781e-03 -1.707751983647043739e-02 8.647286563999830034e-03 -5.491677623611386852e-03 -2.924473417111369666e-03 1.054045927590284253e-02 1.851210452746366447e-02 2.544531420163911959e-03 1.488173459499961271e-02 5.229146314634002500e-03
1.632812679196167819e-03 -7.570747481570972402e-03 4.935007948172588990e-03 -1.463311827861002272e-02 1.402382604295103995e-02 6.756815530906545506e-03 -8.055297187684013621e-03 4.348199242618051158e-02 -8.148643729127038812e-03 -1.038220842946604820e-02 7.585759027589645057e-03 -2.514684781267924329e-02 -1.180783356058986121e-02 -4.082788657465244962e-03 9.560585924968785509e-03 1.407463023951876016e-02 -8.737451622091633660e-03 1.520205944871861649e-02 1.009557944910167461e-02 2.073149234747047472e-04 -3.723024269182170776e-02 1.171706191988029257e-02 -2.015501684496643145e-02 -4.934958953959265454e-03 -2.930898286678522424e-02 1.023637910507093490e-02 -3.116864740127934207e-03 2.579034392168104775e-02 4.058217431596978370e-02 -3.343235053430416992e-02 2.797150430971414095e-02 1.301334861397179798e-02 -1.629562183815412915e-02 -1.964596331831073434e-02 1.822731484800102497e-02 2.947478821519856386e-03 -7.980570629620488757e-03 4.127300420316812324e-02 -1.516890400667234538e-02 4.690483110910979164e-02 -4.450804582628847123e-03 -5.430285834747322453e-03 -2.275921041787326918e-02 1.463707606401116156e-02 -2.856367691476649224e-03 -3.222006804157206278e-02 4.463024091029530599e-03 -1.816212730304542222e-02 4.184871462659420054e-04 -1.492351213140244263e-02 2.743837514307604850e-02 -2.207013034725371567e-02 -9.939259136931197485e-04 1.579871020699706932e-02 9.086178593848931277e-04 2.302762959758594945e-03 4.542931298565906426e-03 -1.386775173929845860e-02 5.248709642771331660e-03 -4.699836237358245676e-03 1.654621525832503104e-02 1.576490735543576924e-02 4.015195269403326085e-03 -3.843894508529947362e-03 2.085384009846854778e-02 8.340892055119656159e-03 -2.084464778799718920e-02 4.824285953140989083e-03 2.872197653245792126e-02 -5.881216906477949001e-03 4.411160299051925665e-02 -1.080475496734719688e-02 1.368577762239163442e-03 -3.443668639248217977e-02 -1.542117158166497401e-02 -7.582464649422001983e-03 1.833376925138000555e-03 -2.704154852958171040e-02 -1.655718355415653972e-02 -3.501226724530539375e-03 1.442160840747646992e-02 1.847992245810354747e-02 1.269614527454785910e-02 3.227734245059479812e-02 9.939400124986034687e-03 -2.051862086044923747e-02 -4.119607256940957529e-02 -8.816471891023844321e-03 6.847879338853612129e-03 -3.042342188975622266e-02 -1.014626403200438211e-02 -2.277113580973496448e-02 -1.419820074606988037e-04 -8.723477938421701772e-03 1.219516036503946049e-02 6.268780147209505708e-03 -3.436818178314000188e-02 5.573145395244659753e-03 1.476308861080525420e-04 -3.441699346107152807e-02 -1.542866385824586545e-02 1.921104149534726829e-02 1.315101106060632095e-02 -6.063360918777920341e-03 5.463473401999841342e-03 -8.677256921901047850e-04 -1.390361101453151810e-02 -3.698347523207064225e-02 -7.905109303081796213e-03 2.318172364172449776e-02 -1.022841270564704523e-02 -7.446962610500646243e-03 2.657286885005624363e-02 -1.186411935369330491e-02 -4.969293135848256750e-03 -7.727773969722600243e-03 3.273346222067898686e-02 -2.288365293289935237e-02 1.690753003837973042e-02 1.920344397309640613e-02 -1.922765230317229805e-03 6.852996971440719620e-04 -6.576308313902079136e-03 -2.614217920891150938e-03 -1.298787204377666905e-02 -5.889445971410248344e-03 3.296997689704453567e-03 -1.676582203687217165e-02
2.023510148518886491e-03 -6.448653921928023010e-03 3.470807708127772798e-03 1.022311000638753339e-02 -2.430804725413129256e-03 -2.675756550260810496e-02 6.675545770329288815e-03 -8.148643729127038812e-03 5.499811500844479367e-02 2.394396539884695568e-03 -1.713553936047280957e-02 1.780818959087204778e-02 2.767118949256070718e-03 2.862725896085911367e-02 4.791849690530891950e-03 -2.946740311743688626e-02 3.224251684997100215e-02 2.324987199007500296e-02 -5.357268839414427303e-02 1.632456415546023817e-03 1.057147238828066299e-02 -3.640343473832217958e-02 -7.181430959789758886e-03 1.511351262738630692e-02 4.513928836919689491e-02 2.859781859362356751e-02 -1.038007470179564892e-02 -2.193158249556889303e-02 -7.038157151067796040e-03 1.076021757832682640e-02 -1.756961444911034689e-02 -9.953241180648561906e-03 -5.620507598613544431e-03 1.854764848136634947e-02 1.838797932264964533e-02 2.226605787849470289e-02 -2.901395137650901804e-02 -1.088872137903045684e-02 5.238727627427473138e-02 -8.332447418166376296e-03 2.211901484923450498e-02 -2.106297465687447662e-02 -8.098897009039738443e-03 -6.407734435851382762e-03 4.345695675844323327e-03 1.482973423580173471e-02 -2.289895842899746306e-02 4.471821384710597536e-02 -1.736692708408555741e-03 -2.749493831840397334e-03 -2.177137254398526373e-02 3.977766376751539629e-02 -2.011194697458098396e-02 -4.997367562199997448e-02 2.302410680236549947e-02 -2.969978285112475150e-02 -1.018063442982809590e-02 -8.879909554354735793e-03 5.596498079137602602e-04 -3.541415683132441428e-02 1.393253921622072088e-02 -5.266448564229237600e-02 1.717630739594711714e-02 1.669771834318644829e-02 -4.513753008206649459e-02 -2.817341208036246505e-02 1.979651290105067032e-02 1.251836360080765646e-02 -1.663390474326119708e-02 -8.265228888262553253e-03 -1.263931239393142197e-02 -2.575800277140484831e-02 -1.551459500488775942e-02 3.423927599169673819e-02 4.827899839900039874e-02 -2.410848054284366656e-03 4.265288199450037454e-02 1.064584401093025649e-02 1.015296111042783382e-02 3.037567804959532755e-03 2.305185574195198293e-03 -1.738094431615771693e-02 -2.387216945522050923e-02 1.113369208218968273e-02 2.250221081032599199e-02 1.502513028494440600e-02 1.123935839939333228e-02 4.518884293410348023e-03 2.431319642358602609e-02 2.719722906536104629e-02 1.855321837961869044e-02 -1.131241023310410043e-02 -2.608128632919264056e-02 2.213984380497515184e-02 -1.380057701541534398e-02 1.864657162708360490e-03 3.446695408901259694e-02 2.743394656499617210e-02 4.962795629712537853e-04 -1.243988717662530483e-02 -7.583206922506479514e-03 -4.414063065937744862e-02 -3.416241354477219522e-02 -1.265878170617723911e-02 7.391267940026714431e-03 -5.014496423066510007e-03 -2.341299029789421435e-02 1.174536245669684405e-02 1.176543437359696062e-02 -2.246267236840490678e-02 5.328426957439978684e-02 6.062768452797123210e-04 -2.692234348309885741e-02 1.608717072894894073e-02 -3.315304992710284976e-02 1.343637346947800133e-02 -6.951386899332889779e-03 -1.993870428923683741e-02 3.680431506408183250e-03 -1.559102887191541123e-02 6.479489265551523214e-03 -9.544730980660720565e-03 -1.173384360133732790e-02 7.155376825303030527e-03 8.683812309922264022e-03 -3.056661939331815903e-02 2.721276994243140152e-02 -1.459921451289138833e-02
1.248762089728826935e-02 2.176738307030454123e-02 -2.037954288623963772e-02 3.022177887878726640e-02 6.998326922999040939e-03 -3.483421915226764254e-02 4.947223605809695536e-03 -1.038220842946604820e-02 2.394396539884695568e-03 3.979899594650627981e-02 -3.686544759264337098e-03 -7.129745215699260369e-03 -1.567306616399505997e-02 -5.354472218369757917e-03 2.497534144202947018e-02 4.857519321616658899e-03 4.267820995840483633e-02 1.548377592599058973e-02 -2.295097576371149441e-03 -3.249065809516181458e-02 6.017450226231428265e-03 -5.668412517451778751e-03 -8.543130519737006379e-03 3.637044221669998441e-05 1.723211200381049440e-02 -5.255754921773665711e-03 -3.265883248332131228e-02 1.062663588105908045e-02 -1.250863075761476408e-02 -4.573822772722947218e-03 3.742401055476281789e-03 9.504668092410226143e-03 -2.308274371903855718e-02 -4.526684254351123066e-03 -1.390180013583346315e-02 5.365901698959763509e-03 1.412825624200539538e-02 -8.115546264594989539e-03 1.999819251865761482e-02 -1.136472273064242748e-02 3.617195783138795612e-02 -3.329915128460615714e-02 -1.486480655879086551e-02 9.892799789965031620e-03 -2.947763976674479605e-02 9.752257311858761324e-03 9.761472208938680797e-03 -8.445265382078570582e-03 -2.784509295479763169e-02 -6.114007330197396631e-03 7.209208809608965741e-03 2.461037779515779997e-02 -3.874234744366014671e-02 -1.984209299780647848e-02 -8.343265605104496774e-03 1.423634422548928583e-03 5.666180578564129593e-03 -3.179149167812916899e-02 3.008362848817768345e-02 -2.936591262628054227e-02 2.955673989082280989e-02 -2.215559662118607442e-02 1.562087407855937242e-02 4.206710299263108355e-02 -1.697719543131629566e-02 -3.026948701856066546e-03 -1.065752748061412833e-02 -8.578530517012536091e-03 9.780103427446701792e-04 -1.439836497921938600e-03 -1.740167063900524991e-03 2.012839558031094891e-02 -2.070167419610427495e-03 -3.656351085326294600e-03 1.271440080424292990e-02 -2.533794640766393741e-02 -1.491201584080052006e-04 -8.396990389290264964e-03 -4.317164596896624212e-03 -2.763563708639428518e-02 -1.905099220154306619e-02 1.387582793208187379e-02 -2.265987062210613519e-03 1.080480548318095771e-02 -1.712304593266442132e-02 1.935400900750050557e-02 -7.333868016812585509e-03 -1.072780596064274762e-02 2.696035897771372966e-02 -2.098116175077138681e-03 3.902784948068221266e-02 1.688620687944706461e-02 1.418797085726422776e-02 -1.335195070771476745e-03 1.943011684959369519e-03 3.363563527614968351e-02 2.061963575141794250e-02 -1.102960458894930267e-02 -3.233676624281643652e-02 -1.440955376259134280e-02 -3.063430839779159379e-02 3.569066074480140884e-03 -4.117501847722739201e-03 1.189248193287371219e-02 3.372621467063445511e-02 2.977800512772339411e-02 -2.727360626911156175e-02 -1.740727776394360334e-03 -8.068576970928768854e-03 1.310066379659981066e-02 1.240993621052486999e-02 -1.952886792370589139e-02 -7.184334114527901605e-03 1.406322355846878870e-03 -3.619245443405184198e-02 4.090147631321568167e-02 6.111477122254662699e-03 1.937533330537883833e-02 1.735613402900295157e-02 -1.025870637154489015e-03 3.872365371721767091e-02 3.020515366563244000e-02 2.213738367669486687e-02 -1.847217112931294480e-02 -5.459931166413638411e-03 -1.268138304792001438e-02 -1.776627278956895845e-02 -2.502294944764454562e-02
-2.986597716483508150e-02 6.533278831564894203e-03 1.121177908674971533e-03 -7.312804094541529992e-03 7.992346833699207759e-03 2.840816532689547161e-02 -2.709700574060841180e-02 7.585759027589645057e-03 -1.713553936047280957e-02 -3.686544759264337098e-03 4.076807997581606557e-02 1.395415761078729056e-02 -1.394500053001857844e-02 7.793002459308656475e-03 1.635171826385252783e-02 4.986806702940071914e-04 -2.705003466081737015e-02 -1.081802099077379745e-03 1.459795289064153359e-02 -6.913842271169260562e-03 -7.429086829522865872e-03 7.416764919141585928e-03 -2.191423118613788218e-02 -3.249027707209566768e-02 -3.244284635009480472e-02 1.470814985553403620e-03 -5.805552850120163349e-04 -1.019997080661626775e-02 9.238116962514588207e-03 -2.497978045785472292e-03 3.779725850177106071e-03 2.625481993154000354e-02 -8.449500313249782429e-03 9.936510794631236640e-03 -1.780512477173537902e-02 4.263860313990978576e-03 3.169611671340544223e-02 1.106689178313854070e-02 -2.224663380332532817e-02 1.124072222997430683e-02 -1.788963496051335436e-02 1.455713495947734762e-02 -1.997978888556562610e-02 2.342150820168483263e-02 -3.955164031488820828e-03 -1.242448283841452762e-02 -1.598774633936471748e-02 2.873151680206521320e-03 -2.094429531824939638e-03 -1.551121341944526263e-02 -1.204397505683501776e-02 -3.396119140932387509e-02 1.657563153859775706e-02 2.367557680956249022e-02 -2.269775973867192362e-02 3.322855497537215153e-02 2.845491283468358848e-02 -5.396793753293567704e-03 1.136717514194190287e-02 1.201805007933494547e-02 4.712280367840774448e-03 2.132148970073523622e-02 1.061929745529914364e-02 -1.513603104928733928e-02 1.379525150573392665e-02 -1.191258061687238377e-03 -1.175548778490164044e-02 -1.322649165643077079e-02 1.544145913780612354e-02 -2.272156086757563115e-02 7.591834878842461040e-03 2.734935757264598047e-02 -8.147462568826450632e-03 -2.177953519377213987e-02 -1.886845202382313527e-02 -1.617543504653460099e-02 -7.793144589841252343e-03 1.962294561303869981e-03 -2.906912879220417342e-02 -7.016796247404695312e-03 4.619957485618183634e-04 -1.266308394860810212e-02 7.851119648610944621e-03 1.397247493004250170e-02 -2.906954602428458295e-02 -1.136929967513670460e-02 -3.649788788210541271e-03 -2.029791482392195520e-02 -1.795173933766606306e-02 -1.793011543292185456e-02 -1.331117045183175668e-02 1.728026288098253802e-02 -1.051128240482350311e-02 1.967472799619475292e-03 -9.007625882222033281e-03 9.659471790919834169e-03 -2.669668631758837646e-02 -2.225963670296964708e-02 -3.016841328375485798e-03 -2.335418905344425686e-02 -1.015933643379910399e-02 4.450505099758191182e-04 3.467236253358418202e-02 -1.314264718407440191e-02 6.316777880582878299e-03 7.020985258851147534e-03 -3.868497959291952119e-03 -6.402101618316305594e-03 -3.364749916381168382e-02 -1.207633205241151822e-02 -2.008823370261137581e-02 -1.878379438749059119e-02 1.615903553455606476e-02 -2.629104703430978907e-02 9.368574949274626959e-03 -1.132541990571681381e-02 1.042958207999767836e-02 1.316930844196315467e-02 6.336721550479716518e-03 6.733061684106823527e-03 -1.885981849915526311e-03 9.838588691882216991e-03 6.536027418735625844e-03 -1.764380117767859815e-02 -1.696157358059106890e-02 1.038722887112562832e-02 -2.421598472930895640e-02 -1.405145306997703132e-02
-2.666365114030942729e-02 -8.261078513683543442e-03 1.605257991269835871e-02 -3.699556833447375896e-03 -9.740540835206812353e-03 1.684449269322700268e-02 -1.727027098747168157e-02 -2.514684781267924329e-02 1.780818959087204778e-02 -7.129745215699260369e-03 1.395415761078729056e-02 4.622717984594151147e-02 8.599936325652524777e-03 2.174435652377169903e-02 -2.859591963097279314e-03 -2.487533001291980170e-02 -1.736764644288133971e-02 -3.526818139176558439e-03 -1.951358524573474154e-02 8.379469926594051987e-03 2.330907899268670411e-02 -1.056772339146185014e-02 7.780255336806097578e-03 -5.647599539170389434e-03 8.666802108250762013e-03 -4.583942032504307110e-03 1.882398019032070074e-02 -4.675957253733579316e-02 -2.127877181156455702e-02 2.576006022288620037e-02 -2.128622949893163932e-02 5.141948450451688454e-03 2.943234578942108270e-02 3.255445030056343392e-02 -9.385992147079615100e-03 -1.009388714237527580e-03 5.165195212823699665e-03 -2.260772592579024520e-02 8.718334461396652982e-03 -2.703302136717337933e-02 -1.041338760352029762e-02 1.880511535615822169e-02 9.249080317470962515e-03 -1.107351369864724260e-03 1.078703802837450119e-02 1.200188188829257561e-02 -2.495067885050334874e-02 4.215216125662390317e-02 9.143157224848246639e-03 3.339649124635300434e-03 -4.670289019772713712e-02 -4.323652810139562951e-03 1.769359830715687767e-02 -9.251082282784789390e-03 9.400652107160878054e-03 1.981822188166708614e-03 2.104676092642142338e-02 3.020019770997359881e-02 -1.831467334724151685e-02 4.407088252469858365e-03 -1.231613666443072581e-02 -1.065615914577571106e-02 9.087146237815715843e-03 -2.551873941763203868e-02 -2.176711457769024693e-02 -9.268606864634853712e-03 1.375229433518948378e-02 -1.644140934350835949e-03 -8.721219160620090685e-03 -1.084457858435735472e-02 -3.147570431544056968e-02 3.339218044912100215e-03 -1.189474393950251327e-02 2.602181947254394653e-02 1.543651891583824876e-02 1.325764342544976651e-03 2.130105674795242446e-03 2.286201404377220456e-02 7.061409381849929542e-03 1.085428373902412938e-02 9.307788175588223648e-03 -3.908347275865515363e-02 -1.031602327791739625e-02 -1.436043814494916693e-02 -4.742742339364029378e-03 5.308365281653208353e-03 3.511349362507880378e-02 4.661241915336576387e-04 -1.995447487309969653e-02 1.904277350725381082e-02 -1.792483517105940283e-02 1.479846412394714150e-02 -2.008215872548141032e-02 1.588711666247468596e-02 -1.674190247832367529e-02 -1.122313407889449603e-02 1.234051391916328629e-02 7.774248031936228931e-03 1.143472704358758710e-02 2.023408373039877264e-02 2.948363694954689654e-02 -3.841875692079654153e-02 9.121650639987492065e-03 -4.591500376563078557e-03 -1.995399671720787457e-02 -7.581593806936202939e-03 3.051868909359328839e-03 2.657563718625186380e-02 -7.809984811383649354e-03 -4.646188308773537695e-02 9.113916223244320283e-03 2.850101025019466817e-03 -1.142221099599353452e-02 -8.201446052064702633e-03 7.815936610899406473e-03 -1.125757524455417609e-02 -1.746421400953417080e-02 5.401404184979403597e-03 -2.738838415537710527e-02 -3.923579348491570626e-03 -1.938602354409376533e-02 -1.051366724768641910e-02 -8.183251063331033887e-03 8.944391713624577286e-03 5.915342746026791207e-03 -1.984804266067822891e-03 4.381748880481458989e-03 9.956041300864847468e-03
