1.512404670131500539e-01 3.783591211131921012e-02 4.944936783375478845e-02 3.183044137620768405e-02 8.055248335072770494e-02 4.481246657033181868e-02 -1.457007106916442243e-04 -3.352844122330507493e-02 5.442326386978189184e-02 -1.855510762535912553e-03 -9.205070230547882093e-02 -1.088508211129698977e-02 5.623208488003844652e-02 1.700769259742120898e-01 -8.566910815312664407e-02 9.219164224998321888e-02 -5.822981630472520015e-02 1.929767932653355181e-02 5.429418664311653304e-04 6.797219384456429370e-02 -7.008729886648952523e-02 -1.106902531578391087e-02 1.298824105827568187e-01 8.761823398857825074e-02 -4.912123785464812126e-02 -5.019311817026440165e-02 3.458110885304051339e-04 -7.468677871294687742e-02 -1.290152111990142958e-01 8.931839155155976706e-02 -2.963558666172337944e-02 -8.395109513021740966e-02 5.307489144352552785e-02 -3.287693049451347743e-02 -7.273618436873477422e-02 -9.971356457307182369e-03 -2.595977439574554020e-03 -3.353792434704194747e-02 1.036273501710006650e-01 -1.105326851404225680e-01 4.602912875946554849e-02 -3.519669169098883776e-02 -6.684329583407210007e-02 -1.244460679218060140e-01 -7.661538564044023669e-02 1.071458235488598476e-01 4.854544941888163517e-02 -7.705400270680212715e-02 5.641684539383774039e-02 6.422367523025568348e-02 -6.154554178457752323e-02 1.109479733653333799e-01 3.159422774167169878e-02 2.964224956928999954e-02 -5.990682784409129963e-02 9.751457113578020086e-02 2.905497735761996062e-02 1.540818894633221026e-01 -2.890807192209695221e-03 -1.050994702970193956e-01 -3.852812289855355593e-03 1.333022280229703982e-01 -4.737975073027562989e-02 1.017600691228491838e-01 -4.267499454836764378e-02 1.308505941543239848e-01 1.224218127401676820e-01 -7.863618324753681148e-04 6.387582605450356499e-02 -1.471546693484291485e-02 -5.148523915936969834e-03 -1.265188459846644520e-02 1.088673869744355982e-01 3.569029377420692394e-03 5.473851794970442664e-02 6.575757820063782288e-02 -5.975054626630384169e-02 -2.788702091382403922e-03 8.111592633038693101e-02 4.584309303396771895e-02 1.122486415998549397e-01 6.890849365749049382e-02 7.270704087621385203e-02 -1.106173393497316970e-01 -3.724660301751214764e-02 -9.518830803500796800e-02 -3.883186304953695211e-02 1.799857296024645892e-01 -1.119533857185608522e-01 2.794782068592253574e-02 2.627412081217445419e-02 -5.986925043280322961e-02 -3.368576240991620618e-02 -5.323626931846228358e-03 1.174411945552385761e-01 3.394028925790730511e-02 3.762514956342018907e-02 -1.559450871289104479e-02 -2.011586156481559584e-02 7.995592826894562521e-03 -7.543542216159472569e-02 -2.181558970870731487e-02 -6.903166875272832848e-02 -1.122526187792121100e-01 -1.261896163260997107e-02 3.215907821536125727e-02 -2.387124133215232785e-02 -2.913656002570553030e-02 4.209695007404396644e-02 4.096308894159218783e-02 3.916145804328088204e-02 -1.973486366509191736e-02 -5.072832942157515929e-02 -5.477870529981851422e-02 -7.801350277946340721e-03 1.153135356906291181e-01 6.340748468308037011e-02 -6.517620058984756326e-02 -6.616985299700964274e-02 2.260362913046643982e-02 -9.010035274626226887e-02 -7.060529755809888397e-02 -3.371664584921815061e-02 5.543499966299011636e-03 4.279493244263004453e-02 -1.106864311876164519e-01 4.164040890838115183e-02 -6.632812806547911007e-03
3.783591211131921012e-02 4.010038376895945222e-01 2.628121446423165031e-01 -1.402535737282076811e-01 1.352566445786982374e-01 2.720361263725171175e-01 2.576887609285000158e-01 -3.598546328977762498e-01 4.022742039767032707e-02 1.151435018067864524e-01 5.466684282154623403e-02 -4.060147243945692180e-02 2.628352020175621084e-01 -8.858652572239307868e-03 8.607608116741363724e-02 1.358011269066130289e-01 1.088228841878175965e-02 -1.206928050621194903e-01 3.234843129494835989e-01 3.127757780520795672e-01 -1.224609309555194439e-02 2.597560885857034818e-01 -3.077173314674134033e-02 1.185641337194064671e-01 2.688584012264964018e-01 -5.259107870513418659e-02 -2.730965918736231179e-01 4.251600363277244915e-02 -1.517030391447833360e-01 2.624169177419348187e-01 -9.120336073804143073e-02 1.711522646010629201e-01 3.103945550867604486e-01 -2.163710266904122770e-01 6.758765688600740229e-02 1.005777634675942001e-01 -1.238046578165626493e-01 -1.326716287762786939e-01 -1.413860947215694330e-01 -1.632861771345273105e-01 -2.000021663663907601e-01 2.461578212799589438e-01 4.433578015037707709e-02 -1.518671305986097897e-01 2.727479529538659464e-01 1.187734606251268366e-01 1.855436315872925901e-01 -1.458394991817686670e-01 2.831501197733038988e-01 1.089662926576176194e-01 -2.284959263400433982e-01 1.091796084281448781e-01 -1.658862882193532506e-01 1.306557913601987531e-01 -1.004423915585071249e-02 1.289580812717912306e-01 9.914846397643967135e-02 -4.376764032909973706e-02 -9.605510032779250584e-02 1.814687110340097997e-01 -3.852424954620498054e-02 3.503509696772993953e-01 -3.569224725026315936e-01 1.474563193073845646e-01 3.501317263425808290e-01 -1.219665134115812954e-01 -1.271845383329525958e-01 -2.123676763663616684e-01 -3.681712651483089183e-02 -7.564949437163540069e-02 8.577596969925579962e-02 8.879984507190048781e-02 2.003488998345001881e-01 -1.936214226719506493e-01 2.618304878192264651e-01 3.094433478448276875e-01 -2.263630504607853644e-01 -3.069089619688581370e-03 -6.503127794517662985e-02 2.918914928784741014e-01 -1.527433506722642165e-01 4.116283396210003165e-01 1.091100431625134370e-01 -9.352640670336193063e-02 -1.265531299826492262e-01 -1.592813373757200335e-01 -1.200895628885437355e-01 1.116152373921890095e-01 -7.599251835361417462e-02 -1.780371241990853781e-01 -5.798400318102059879e-03 2.180582712351013253e-01 6.568437381444816592e-02 -1.170228519330720612e-01 -1.012736851701173807e-01 -8.012363804838716630e-02 2.367616996093323822e-01 -2.301739992119153366e-01 1.635330130499879353e-01 1.480671273802489363e-01 7.191150900174209104e-02 7.271347071825655373e-02 1.081239741587757125e-01 -7.253689672185003635e-03 -8.492120163141544942e-02 -6.514482872425596260e-02 -4.478398096615485158e-02 5.436972929237780111e-02 -2.471359677392666321e-02 -5.151962543347756579e-02 -2.882727339564758462e-01 2.313799258929118419e-01 -1.100777393883288664e-02 3.115017145149135969e-01 1.333097417874147261e-01 1.199742102862824122e-01 2.808539916237940415e-01 2.102370600239866216e-01 -1.896265440901307442e-01 1.139650061781232321e-01 8.960644694246630571e-02 -1.592661902961526044e-01 1.224180458561500845e-01 1.339589485786109868e-01 2.564876484473244123e-01 1.634365022159356140e-01 -4.664630353688246911e-02 -7.405099112265596528e-02
4.944936783375478845e-02 2.628121446423165031e-01 5.854175320819292594e-01 -1.841465837614981171e-01 2.696003023296162510e-02 3.327291217126144285e-01 -6.426217658375325088e-04 -2.064536619873474366e-01 1.231237586266941825e-01 2.460725726450850581e-01 -2.525146406244301311e-01 1.025187045081082243e-01 3.249724855805645185e-01 2.664572976855743569e-01 6.920182233270674721e-02 -5.038881979407934530e-02 2.604578207581328270e-02 7.443522100687023635e-02 -1.978008997542582414e-02 4.002633648703757818e-01 -8.625249386491855297e-02 1.406231313942229721e-01 2.721165326163019205e-01 1.806753733697007425e-01 3.222742588876658654e-01 -1.544433135264652313e-01 -1.907001247801951016e-01 -3.513892933391162821e-01 -4.853388372384445093e-01 9.014409835619190126e-02 -1.194165679413227849e-01 2.941520111958227379e-01 3.775688173703828920e-01 -5.363919319119478946e-01 -2.122656660053711536e-02 7.467430749096318210e-02 1.312656762425016277e-01 -2.240240101866311229e-01 2.580812929913662845e-01 -4.738014031143243376e-01 -6.411992772942223806e-02 1.242084607095631649e-01 -4.453381719477460948e-02 -4.985113074289699853e-01 3.190950596516152205e-01 4.307401055829097603e-01 2.882985852150553030e-01 -3.312262443730061290e-01 3.380602375343003674e-01 -5.005373142827543656e-03 -2.706536819730094301e-01 4.601420817556500786e-01 -1.435716703972416686e-01 2.037631492561876312e-01 -3.652402754378068495e-01 -1.377681254483496473e-02 -6.793365379585249164e-02 2.702187166878539451e-02 -7.360485596470152381e-02 -2.289968661390389959e-01 1.187989426096907608e-01 2.676871674783401489e-01 -2.405039825043924218e-01 4.626451492379777819e-01 4.440298688355817647e-01 -2.462198625911255767e-01 -2.887148258344272578e-01 1.354643588610817406e-01 -1.492979921518701736e-01 9.991753934079287969e-02 -1.743367974967545697e-01 2.188510324375111393e-01 3.201466045227246981e-02 1.372515069261240617e-01 3.526796357033615825e-01 3.613021162486957372e-01 -5.738643268814569431e-01 -6.784687138118802169e-03 -1.772571420847512680e-01 3.333548777153244602e-01 -2.821166877206663925e-01 2.208305414412322087e-01 2.069535237191452368e-02 -4.084229281666499345e-01 7.418085654089739966e-02 -3.374433760441027941e-01 1.282967603130938383e-01 2.085953933054114917e-01 -3.843695393279807915e-01 -1.582585621990852398e-01 3.085117062198737825e-01 3.457490897225439230e-01 1.451366168070171436e-01 2.432561031545849017e-02 -2.457565247110062856e-01 -1.455485339556920610e-01 3.200048302410214984e-01 -1.725362507327191652e-01 -1.612913903855225928e-01 2.327481225916601670e-01 -2.210895884454533444e-02 2.158218868655255307e-01 1.336633992248146274e-01 -7.092510022738553188e-02 -8.124209070500341967e-02 -1.224035450169780603e-01 -9.949712718430857653e-03 1.538047211131331471e-01 -2.006926730494930922e-01 -1.177143855294812136e-01 6.392058191096441910e-02 -1.233588041503011629e-01 -2.822838116822622978e-01 3.279925677175029031e-01 -1.739767569286487514e-01 4.356036827485384455e-01 3.662922246485798006e-01 3.530924960244187227e-01 -2.801140959845934142e-01 2.036459997881604755e-01 8.379472887306520235e-02 -2.704531523784806657e-01 2.203252281787351219e-01 1.281549893531811202e-01 3.214609344177634664e-01 -2.555685363775068164e-01 -4.319332030498165137e-02 -2.100356914262093422e-01
3.183044137620768405e-02 -1.402535737282076811e-01 -1.841465837614981171e-01 3.316918178408034823e-01 3.890125128476110139e-02 -2.506238812855473563e-01 -2.440994150456233733e-02 1.443509141034621523e-01 -6.721894821949897514e-02 -2.389097616333516472e-01 1.412441336681916904e-01 -1.350834750576504761e-01 -2.462426269181744454e-01 1.359365896475752400e-01 -1.487016144806571627e-01 -7.358887606686596861e-02 -2.433437350538304178e-01 -5.461729393795133197e-02 -1.949528190235758907e-01 -2.808768621498545226e-01 1.938240268814348799e-01 -9.898659014905719644e-02 -1.076774553407697788e-01 -1.758966452224031696e-01 -4.178463870694881094e-02 -1.113936623344745913e-01 1.431861409556294817e-01 5.719445865662187850e-02 7.444128911613000221e-02 -2.030114519687355179e-01 8.453566728739957126e-02 -6.690880925690657899e-02 -2.807186829230761682e-01 1.300312498590263377e-01 -3.078081789872126606e-02 -4.164196407153409468e-02 -1.182438520747991356e-01 -1.205377170086278926e-02 6.828978031172808216e-02 8.782216074725432420e-02 2.381493140858209970e-02 -1.461814666192152168e-01 -3.422303740581340305e-04 7.749685276289074165e-02 -2.510088453271382414e-01 -5.221875347593053079e-02 -1.931770721622908804e-01 2.136969348871039787e-01 -2.625821755194671647e-01 5.688394264945216550e-02 1.859227353774626224e-01 -5.319664474096001683e-02 1.423110093455599023e-01 -3.390913704686644992e-01 9.304937394647450066e-02 1.163105354812492831e-01 1.357334142373639307e-01 1.023369467778878494e-01 3.744639655799455319e-02 -9.553474956752164293e-02 -1.318171968029223373e-01 -2.767677705544490663e-01 1.359466025281980128e-01 -7.942359481557191569e-02 -3.726805565008737831e-01 8.606896968532955217e-02 1.018926611863810588e-01 8.992476213834943444e-02 -2.968057558963994522e-02 -1.432722293134169322e-01 1.851776767662788592e-01 -2.256255288131212289e-01 -1.400792940013025345e-01 8.167760930447720558e-02 -2.587656917774089349e-01 -2.729713365527711710e-01 1.574857032017338843e-01 -4.476967297717015203e-03 8.858840597415687870e-03 -2.633349351878358502e-01 1.015697083909414683e-01 -1.521736927109898496e-01 3.580392399274889143e-02 8.713035489892004617e-03 -9.699020321892147523e-02 2.258365316412600798e-01 -1.464842023265013893e-01 -7.119468212840240895e-02 -2.810288386318860257e-02 3.307410196800188995e-01 8.090654417383183472e-02 -7.430767507119780124e-02 -2.880070808416549388e-01 1.762305870528557694e-01 6.061823456678188532e-02 9.735412951941088688e-02 -2.098745579357744473e-01 1.596283970296457078e-01 6.678843306878604058e-02 9.527206359834472851e-03 -4.891356593320883572e-02 -2.195539103527912039e-01 -1.662919858382831406e-01 -2.099653221697972069e-02 2.896867350838594479e-02 6.991981708067067369e-02 1.655746113062852853e-01 9.738865330613336035e-02 2.038989564442512947e-01 6.760439469637194443e-02 2.142668736497064519e-01 -1.548395489567138718e-02 -8.357527096725449189e-02 -2.196927338242635752e-01 8.826861950428488424e-02 -4.596167740359641263e-02 -2.502601556695651097e-01 -1.449991578477312637e-01 2.265864249754453476e-03 -3.321205480868181792e-01 -1.501233398700232979e-01 1.372262684931192245e-01 -3.304632102682160677e-01 -7.216481988665923719e-02 -2.496825059804485547e-01 -8.631867122948273796e-02 -5.027705802053299144e-02 1.689272474306204030e-01
8.055248335072770494e-02 1.352566445786982374e-01 2.696003023296162510e-02 3.890125128476110139e-02 2.379623901554861476e-01 -9.940253349005820360e-03 4.087895617499449213e-02 -9.653219397980331018e-02 -8.495183025494992823e-02 1.024141718104663729e-01 -2.000131915991837026e-02 -1.018545053358838187e-01 4.444993966535725643e-04 1.217546367972053012e-01 1.038178189068083776e-02 1.689454010839757936e-01 -3.930911552782539314e-02 -9.961388159057166236e-02 5.129805232529233844e-02 2.481541288388967870e-02 -3.156317939161970565e-02 7.432337368424633828e-02 4.928194296755630116e-02 1.344766297452643644e-01 9.205451918803335409e-03 -1.711621964733765419e-02 -5.857903936800712419e-02 -2.372884575243109154e-02 -1.517955004812683306e-01 1.269581610249809478e-01 1.338725687300305889e-02 -2.397787228690096903e-02 6.659858593363860053e-03 1.051215543028452201e-02 -1.110551456430530076e-01 -1.672572461014814327e-01 7.627194009665608058e-03 3.429771757140819693e-02 9.249108171648690035e-02 -1.464615149029159791e-01 7.153307321929825054e-03 3.024582202835646855e-02 -1.188399665580660847e-01 -1.549799364399357671e-01 -8.990460069575019475e-02 1.423695019743557721e-01 -3.389357417472943761e-03 -1.149863337348466519e-01 7.308724973828037257e-03 1.030458347948007558e-01 6.907481027872880430e-02 1.419940163231810382e-01 -1.436287764058903106e-02 4.336308510990646847e-02 -9.276186825147110515e-02 2.055231258036701036e-01 7.352843820298951560e-02 8.964749598986386514e-02 1.598878341523279900e-01 -8.089554803849191567e-02 -8.946324663952569256e-02 1.531136962299951554e-01 -1.103315523200745635e-01 1.465726328269520151e-01 -2.847757801254800422e-02 7.813270269232300280e-02 6.598472350845198398e-02 -8.285540115529702043e-02 -1.993143964506095475e-02 -2.862679414901547065e-02 5.257731799018077606e-02 1.024925155453937503e-01 1.774039970363534002e-01 -7.350558261793725678e-02 -4.706432247932372526e-03 2.057771692781510536e-02 -3.276762886469347658e-02 -2.367942235087686087e-02 -1.419152263559444495e-02 5.001621147144186090e-03 6.235182509143483848e-02 1.299320465042308193e-01 2.254863113207377368e-01 -3.059098096535464717e-02 -7.236976915018523970e-02 -6.486000877306109802e-02 -8.097334153321757155e-02 8.250202504443507334e-02 -2.076091571921940757e-02 1.539490773561190406e-02 3.289809065075675887e-02 -6.794770652072169848e-02 -4.138675987783897725e-02 -2.900227259038787309e-02 6.479877186727403537e-02 1.194838470158754579e-01 -1.761880185940717033e-02 -8.501231852288820834e-03 -1.395631956561783037e-02 2.496423349434584438e-02 -1.339000449307060359e-01 8.487598772909478451e-02 2.589126742105575182e-02 -1.293411902031048610e-01 1.550224695350234938e-01 1.218832216282173531e-01 1.964895530853833644e-02 -2.729168501019787682e-02 9.711937961249274276e-02 1.396717373615199431e-01 -1.868682441243717761e-03 1.033287530155490262e-02 -4.226568286842209698e-02 -8.621227033050223032e-02 -1.344587331535874661e-02 1.480646842758213955e-01 1.202574489789913319e-02 1.584629003048913451e-02 -7.484832335050060036e-03 2.207631206408684765e-02 -1.068572705540480651e-02 -1.764184150279332342e-01 -3.903201725269496436e-02 -1.513163843319967616e-01 -4.696494201401443976e-03 -8.293427541418295357e-02 7.187541124618222407e-04 -1.117218787863963336e-01
4.481246657033181868e-02 2.720361263725171175e-01 3.327291217126144285e-01 -2.506238812855473563e-01 -9.940253349005820360e-03 3.641687974523059035e-01 9.474501644368273079e-02 -2.269804164220610709e-01 1.500467543996969466e-01 1.998625956993778652e-01 -1.337628561515633585e-01 7.899624165696950140e-02 3.611175823772976856e-01 3.574580908059668549e-02 8.161933533680908182e-02 4.212267764587347002e-02 1.292468365322951840e-01 6.505266395763645293e-02 1.841544946942442473e-01 4.167984610676843671e-01 -1.717343955847148718e-01 1.488356559224406073e-01 1.511875308952984887e-01 1.832204482772112342e-01 1.870053225857454815e-01 -8.925046183211061621e-03 -1.969715237695165433e-01 -1.509549556539150905e-01 -1.924910246061349584e-01 2.336436191559737585e-01 -1.009768161911279993e-01 1.541621638916318704e-01 4.052782920124991528e-01 -2.794225986150831176e-01 -7.670542862824978811e-03 1.309627525396139525e-01 1.084627795525448628e-02 -1.341266337792481333e-01 -1.560947249670794051e-03 -1.919640616648330689e-01 -7.116956051546760587e-02 1.632720765169224653e-01 -3.121211038159833404e-02 -1.941232413708836591e-01 3.007783252732281198e-01 1.488990037762691621e-01 2.221227135444452938e-01 -2.363935118581360628e-01 3.768722167419952251e-01 4.035535691229310412e-02 -2.917282415981810040e-01 1.537505323593593154e-01 -1.472173911189192108e-01 2.706864644525148744e-01 -1.176778011448886690e-01 -1.404920425006099885e-02 -3.221806348511228185e-02 8.535305848569841106e-03 -1.303743663620718085e-01 3.586282705457650294e-02 7.364011350507923548e-02 3.656355527472692213e-01 -2.333193968024950549e-01 1.749432794513661460e-01 4.127423379324314245e-01 -1.270742892480467290e-01 -1.473295655683158067e-01 -3.205040720039098456e-02 2.357464097792116072e-03 5.038752238813902495e-02 -8.337180480119324444e-02 1.732921089276576454e-01 1.300299850602738838e-01 -2.176431535743104939e-02 3.727907105441997104e-01 4.013408643491883088e-01 -3.149159987565915975e-01 -2.522254401974667257e-02 -3.171960476076066127e-02 3.795433918329967904e-01 -1.595298372996757363e-01 2.733126499155946743e-01 -1.635426914582978342e-02 -1.934197304005179086e-01 4.754082887398887632e-03 -3.179214068925279024e-01 3.123234491806365157e-02 1.836433984469315883e-01 -1.720927812472299312e-01 -2.594223137463180229e-01 -2.496133877071053143e-03 1.732417058502170037e-01 1.902465197146542553e-01 -1.137196091398339909e-01 -1.078308267092187855e-01 -1.767900237733031621e-01 2.566564303483681031e-01 -1.726417464576741889e-01 2.035040419893106509e-02 7.015623157601308391e-02 1.304201965377922018e-02 1.594196312285253436e-01 1.141639234683553411e-01 -4.850257796259063725e-02 -1.299440206138430254e-01 -1.509975574834761802e-01 -1.426450432383614686e-01 -2.526194845915680220e-02 -1.295358110918501393e-01 -1.472951647474521619e-01 -1.662582788363390629e-01 7.625681193390605739e-02 -5.244653815127646966e-03 3.068024792742533036e-01 -1.360597314695794228e-03 1.489460202627551355e-01 3.793726241583279535e-01 2.183103066054499219e-01 -1.762486703740675231e-01 2.589177552314581021e-01 9.235376686015207837e-02 -2.083125215740533887e-01 2.488725254396639275e-01 1.718006120111800483e-01 3.545786392344902893e-01 1.969789994394165189e-02 6.368026446718749733e-02 -1.432759804424174055e-01
-1.457007106916442243e-04 2.576887609285000158e-01 -6.426217658375325088e-04 -2.440994150456233733e-02 4.087895617499449213e-02 9.474501644368273079e-02 4.239789657469028583e-01 -3.670045344737347115e-01 4.852448677066138749e-02 -1.594672966956339200e-01 2.760645706787363540e-01 -1.074967201458789240e-01 7.809454192074632983e-02 -2.598955404242064837e-01 -3.967217312873316110e-02 1.340338735966449257e-01 6.900958064842996863e-03 -1.368341603138414075e-01 4.005235948386410283e-01 6.954411477842965816e-02 1.825456643936821943e-01 1.621734211793398606e-01 -2.625491444637571559e-01 -4.273166494849780367e-02 2.357557590560698524e-01 6.368735717609248781e-02 -1.471983262424972350e-01 3.986598403748388142e-01 1.528182273370749800e-01 1.958691027287842168e-01 -1.831700190231774772e-01 1.092661812324062509e-01 1.040739434723160217e-01 -1.998970885847959483e-02 3.007018007703988194e-01 2.195412553094111263e-01 -3.153110894363722605e-01 -2.505251656142412544e-03 -4.462337605698758480e-01 1.250859101731668643e-01 -3.725018474748477693e-01 1.669328093663647039e-01 2.974879784265447302e-01 1.651860466027022245e-01 2.930294651803792005e-01 -1.505371231461394566e-01 8.717916984851198370e-02 7.260765070047350833e-02 8.949875362085080166e-02 8.546609288119587367e-02 -1.384513369325266474e-01 -1.814864231508839520e-01 -4.187321948912400144e-02 -6.564020623326421999e-02 2.644726998262172390e-01 5.754639150856044605e-02 7.726921619098721383e-02 -2.652471033861703020e-01 -2.179106430915296044e-01 4.801307458673388373e-01 -1.077419012108381813e-01 1.725965392173750002e-01 -3.270022112352213295e-01 -1.391922628893164648e-01 2.129629538081762308e-01 -9.361777851544199336e-02 -6.205076112055428472e-02 -3.472789907329166259e-01 -3.282391096897613325e-02 -1.223499318885275106e-01 2.038878268634390090e-01 -1.899677324618818663e-01 1.603397999055529433e-01 -3.285902898726872912e-01 5.943166169403682475e-02 1.099644169969601348e-01 7.232152261826704787e-02 1.502704717746321250e-01 -4.178405085373060324e-02 1.015875280853381635e-01 -1.171835352454565216e-01 3.720432797739787745e-01 9.924998471315137939e-04 1.859049918753845065e-01 -1.167351472919566091e-01 1.015928179965732842e-01 -1.772355870713105686e-01 -3.255199900470803070e-02 1.841671020813029080e-01 -6.897614958897343995e-02 -7.251876244928166793e-02 1.634349169774163835e-01 -5.076674954384690491e-02 -1.137475676290591042e-01 -7.548343247048429350e-02 -9.049449700728422197e-02 1.625988714360480647e-01 -2.479585372612927996e-01 3.538408134741551914e-01 9.582960156193710832e-02 3.146071070178634854e-01 -1.933436185186468703e-01 -5.553320499205165878e-02 9.302733434974215510e-02 -1.841705602305672151e-01 -9.324146683997533436e-02 8.097019305509960130e-02 1.100377903806798036e-01 3.324975258012800167e-02 -8.568486210762493727e-02 -3.967295508194235709e-01 4.371450051119256663e-01 4.235638655424655424e-02 3.570858029722627225e-01 3.241115264642285276e-01 -1.498719187535655084e-01 7.295048615868167385e-02 4.754149285626106669e-02 -1.870311245096801037e-02 -7.093933011967060165e-02 -2.944884424652133813e-03 1.593133773230882844e-01 -1.140172043087498560e-02 2.265880385758874960e-01 5.662442349794822444e-02 4.600614064841768158e-01 -5.167438228635885811e-02 1.839272690174917346e-01
-3.352844122330507493e-02 -3.598546328977762498e-01 -2.064536619873474366e-01 1.443509141034621523e-01 -9.653219397980331018e-02 -2.269804164220610709e-01 -3.670045344737347115e-01 4.358876846919634840e-01 -4.177392527042619180e-02 -2.440648482162701902e-02 -9.995094266140026884e-02 4.051274088537624302e-02 -2.112613110785799830e-01 1.481350502475190511e-01 -4.550758602791721980e-02 -1.658521740980588577e-01 -4.847544004685467450e-02 1.224221829135934692e-01 -3.945065736311766935e-01 -2.403635790086585122e-01 -7.873100138270640314e-02 -2.183408753491303533e-01 9.239263667382131839e-02 -9.949761784402033626e-02 -2.722391131006551279e-01 -2.425382514393770866e-02 2.233919382641394169e-01 -2.067777741879707754e-01 8.310796922705297740e-02 -2.685414571264720940e-01 1.898545945745034047e-01 -1.673844904716638715e-01 -2.567814562472902629e-01 1.793258782472915980e-01 -2.300616960732725647e-01 -1.470212250844067092e-01 1.782991978136638789e-01 4.870970820198380208e-02 2.773393036638615028e-01 1.080955482066227880e-01 3.256295818329886793e-01 -2.183823688620648296e-01 -2.091723490554562859e-01 7.990151906104278612e-02 -3.527702301595924128e-01 -5.886925030600405340e-02 -2.142955829294335701e-01 1.266994425455314766e-01 -2.303836946207965808e-01 -9.862176253616442012e-02 2.123432719227046073e-01 -4.088063885486457189e-02 1.110855247776147553e-01 -9.801787965383873535e-02 -4.749325046904908504e-02 -8.402042081590978262e-02 -2.260971016379456286e-02 2.088941381307682366e-01 1.420731327011981182e-01 -3.219203833661971048e-01 3.526887655755273770e-02 -3.210303149924964572e-01 4.150654735302005127e-01 -8.727276280483767246e-02 -3.866602003754059935e-01 1.404512164060085222e-01 1.340357165353815716e-01 3.072785587261633866e-01 6.601688926994117579e-02 4.378916315927935260e-02 -8.251144603684219814e-02 8.525106383638453647e-03 -2.230841131874416461e-01 2.874980662707800616e-01 -2.048013119736780963e-01 -2.564604428039675699e-01 1.416382794519221722e-01 -1.192792061846889989e-01 9.062744015685829380e-02 -2.399346347224206033e-01 1.726842339690405903e-01 -4.525516007947334440e-01 -6.217248048793436177e-02 -4.307431811427162721e-02 6.165872724926524384e-02 7.224511978575652582e-02 9.331769327181718698e-02 -6.746317058332357286e-02 -6.588192952429121341e-02 1.819003414368646765e-01 -4.893202602392374839e-03 -2.309838462141139137e-01 -6.308408324877876061e-02 1.436037924087286144e-01 1.170713424390660840e-01 8.362131042430512307e-02 -2.843023626276016125e-01 3.202489357705761153e-01 -2.183779070908935527e-01 -1.594407833475616487e-01 -2.357066834722189308e-01 1.654601156624099442e-02 -5.729886983831154051e-02 -2.754635179423039690e-02 1.157977360733284250e-01 7.048782862523302051e-02 -3.216648761627174946e-02 -9.950859574544518305e-02 5.897775196101432554e-02 5.708184990068475989e-02 3.723457071379798755e-01 -3.261326887657574058e-01 2.465067962623343142e-02 -3.952461242504357042e-01 -1.851597511786505224e-01 -6.001275966790364791e-02 -2.195074771309671879e-01 -1.766467249947532847e-01 9.313240581489796999e-02 -8.478592028544652826e-02 -6.083254935236629551e-02 3.033195571812778366e-02 -1.209943080575004160e-01 -1.787867179549743057e-01 -1.989860432512917110e-01 -2.965534377299339774e-01 6.297604850344518113e-02 -2.434534558435137372e-02
5.442326386978189184e-02 4.022742039767032707e-02 1.231237586266941825e-01 -6.721894821949897514e-02 -8.495183025494992823e-02 1.500467543996969466e-01 4.852448677066138749e-02 -4.177392527042619180e-02 1.893932425061146951e-01 -3.009093908579345972e-02 -3.101632068728425035e-02 3.900678954579214763e-02 1.530732614708133765e-01 5.231725941205502689e-02 -8.971662506614241916e-02 -2.431024437211475042e-02 4.872864193645728981e-02 1.132647385633050313e-01 3.840131009264970141e-02 1.607607700204312928e-01 -7.160962400193932043e-02 1.544254591848791876e-03 6.635916206239694803e-02 2.659415937529053045e-02 8.996662222944339093e-02 -7.024385204337011898e-03 -3.514525543933472856e-02 -2.650550078275658653e-02 -1.714934853222256292e-02 6.715019623259127490e-02 -9.967829028462958652e-02 4.240457603587800828e-02 1.633455151179235287e-01 -1.366987667738613355e-01 2.630800891857928980e-02 1.929048947740746867e-01 -6.270351468585290411e-02 -8.440178762551352187e-02 -4.201330846665206342e-02 -3.652816872518730579e-03 -4.293716091997402950e-02 1.130485656015792553e-02 3.301967002605248752e-02 -8.157858448471293558e-03 1.470191349289137195e-01 3.582599724582725964e-03 8.368125487687794184e-02 -3.175493669753420845e-02 1.539280787381848148e-01 -2.472448395548844033e-02 -1.836221170969176697e-01 5.280407640102922039e-03 -1.498274975570982638e-02 5.807194657500676371e-02 4.161376372395743373e-02 -7.431139665980232567e-02 -1.358006436114713583e-02 1.697138202137731325e-02 -2.051554927749190127e-01 5.172762265470944032e-02 4.056704721534527824e-02 1.296260120091040635e-01 -3.851461823212363328e-02 7.988185748998272552e-04 1.159875915234265253e-01 -1.412649928816560839e-02 -1.425602953696927279e-02 3.270238055137913297e-02 3.726911113519721513e-02 1.596779904840876091e-02 -2.824456194422048094e-02 -5.437004940863737062e-02 1.959556682713504625e-02 3.541780095680487767e-02 1.573044854875464416e-01 1.689549952471879612e-01 -1.105114127617460723e-01 1.870669749465092915e-02 4.032870779289281921e-02 1.473981658693833685e-01 -4.005847170910761812e-02 6.241097858214620514e-02 -9.467747890508156072e-02 -1.177488057497414337e-01 -4.153246318103158592e-03 -1.257716008031472543e-01 1.339328707445152852e-02 1.302340620966442597e-01 -1.320763664505414658e-01 -5.831800350736842525e-02 2.770477187947942635e-02 6.233426173074647220e-02 3.818029245687289130e-02 -7.301182971372719051e-03 -1.934533802746431913e-02 -1.567800794106773421e-01 1.023836680350374978e-01 -2.573189001910098500e-02 4.875377761976981694e-02 6.950356032699345384e-03 5.237167400708643561e-02 -5.732427165070862890e-02 -7.747313062903993242e-02 -8.341670447986518355e-03 -2.058223495180089013e-01 -1.556786761245037565e-01 -6.331823636646732867e-02 2.022192053166981668e-02 -5.166440636651822849e-02 -1.588481807283083636e-01 -2.880353968947571910e-02 5.694612621251433221e-02 -4.147719177516615008e-02 1.821276337955759494e-01 4.781056121236222645e-02 6.946173194695277192e-03 1.622164863314913830e-01 1.266155529609827926e-02 -9.260748038829999529e-02 6.493288331932853263e-02 -4.566679498725927794e-02 2.676627838459721270e-02 6.874717118580137010e-02 2.071418741264123009e-01 1.283114889440173934e-01 3.816077668254990590e-02 8.695262451168610240e-02 3.641184171123999780e-02
-1.855510762535912553e-03 1.151435018067864524e-01 2.460725726450850581e-01 -2.389097616333516472e-01 1.024141718104663729e-01 1.998625956993778652e-01 -1.594672966956339200e-01 -2.440648482162701902e-02 -3.009093908579345972e-02 3.941277850352362111e-01 -2.798304352510035398e-01 7.812226475803110692e-02 2.081349067836996414e-01 1.027116995892718987e-01 1.819881676324177910e-01 6.401381276988300784e-02 1.845585481660506622e-01 6.482754282084454700e-02 -3.475228747942258473e-02 2.691286175630800970e-01 -2.634932214003875006e-01 5.926965793586320974e-02 2.656726290243912048e-01 2.753963508882412148e-01 -3.874928186368103815e-03 4.805817003051606612e-02 -9.010290886844511682e-02 -3.267890763464227910e-01 -2.836923094758138642e-01 1.504358338359436387e-01 3.123632154573144359e-02 7.156843490054864976e-02 2.359260602677319130e-01 -1.597698682485222677e-01 -2.128709929319121397e-01 -2.037115959681824462e-01 2.606640727602041463e-01 1.610680241023555725e-02 2.677454444732114691e-01 -2.807544467174773462e-01 1.478634616237061716e-01 6.244594512748192355e-02 -2.466470763713337622e-01 -2.998369654998426226e-01 6.079429491709238687e-02 2.536114642103096117e-01 1.065059470576102396e-01 -3.296111458097923386e-01 2.211315487719829886e-01 6.128837660440056637e-03 -3.016604495194828706e-02 2.738593839993460621e-01 -1.142102590149836339e-01 3.526059119385276941e-01 -3.271245428198509275e-01 2.337759203626451482e-02 -1.080885050723085633e-01 8.328046656355028721e-02 2.068581736070964905e-01 -2.476076999115795485e-01 7.795044409921408901e-02 2.535301465266290855e-01 -5.174643334530538291e-02 2.789164630885701546e-01 2.552683855155517545e-01 -6.497708236878174670e-02 -1.078897296396495176e-01 9.773195534575207510e-02 -3.038750097688229859e-02 1.609696639892009840e-01 -2.082951503236428470e-01 4.003787360773475856e-01 1.195972823831825543e-01 9.963766395052880975e-02 2.268282673630380997e-01 2.321997989335032875e-01 -2.671034265438225197e-01 -9.248020975557051659e-02 -6.577611021079847464e-02 2.209093564734993242e-01 -7.648863798591025442e-02 4.823760396362380271e-02 1.206286979786851260e-01 -1.625701550577187127e-01 1.081206084909322324e-01 -3.328788514983715419e-01 1.508909642105394355e-01 1.084391016846729533e-01 -1.217047766569776951e-01 -2.331292357647329061e-01 2.518722382974967339e-02 -1.394093747745823314e-02 2.371263595905547250e-01 -9.382030163730468997e-02 -5.917821302190318100e-02 6.090356191899837061e-03 8.257674531293415776e-02 -1.596893549839925597e-02 -2.390740477191127256e-01 -2.282155019654830141e-02 -2.222036404988991520e-01 3.831211999809692181e-01 2.196806625850213079e-01 -1.420781465353732897e-01 1.935959780712857847e-01 3.807163524399827942e-02 -1.395090179052539681e-01 -1.391627472493975337e-01 -1.141089400578316343e-01 4.588790228193576765e-02 4.993469519210050334e-02 -1.978995604114517082e-01 -2.156524895599348530e-03 -8.522286845961186963e-03 -2.471353256075769778e-01 2.515995269819095159e-01 2.264993624935806860e-01 2.023090972775998253e-01 -1.673190325416741564e-02 3.296039476159831616e-01 1.475639981843136495e-01 -3.780997275322295903e-01 2.622356642553817507e-01 -1.680714774880202322e-01 2.240623401563552330e-01 -2.457364148009882343e-01 7.539345009605299963e-02 -3.479018365869397389e-01
-9.205070230547882093e-02 5.466684282154623403e-02 -2.525146406244301311e-01 1.412441336681916904e-01 -2.000131915991837026e-02 -1.337628561515633585e-01 2.760645706787363540e-01 -9.995094266140026884e-02 -3.101632068728425035e-02 -2.798304352510035398e-01 4.260223726432763036e-01 -1.555852738173844896e-01 -1.494768942237649778e-01 -3.021542868196304132e-01 -5.492237166504133905e-02 1.879837461872945273e-02 -8.373830857762723512e-02 -1.658766405921703324e-01 2.482208852535882360e-01 -1.969515735965510772e-01 2.481327860931371587e-01 8.421785040334602013e-02 -4.299436448816534306e-01 -2.577183717416387521e-01 9.993794389320923011e-02 4.755353673847339396e-02 -4.404299877398933083e-02 4.443757753682855971e-01 4.026871310267137183e-01 -2.131250116142410691e-03 -2.344759681716741470e-02 8.306606892872195683e-03 -1.561577722425777359e-01 1.888280206647912907e-01 2.250927296880542716e-01 1.727404033617394030e-01 -3.314561995072595746e-01 1.947183367910480453e-02 -4.710424109648528312e-01 3.790873522402320450e-01 -2.351828828890297207e-01 9.319102278811257356e-02 2.393488522130581830e-01 4.175248154058279759e-01 5.555635982376027487e-02 -3.657788146817449459e-01 -1.477800236522779920e-01 3.422378609661567150e-01 -1.495814112275918595e-01 1.356796862438923792e-02 3.546027922078231337e-02 -3.984903164710320023e-01 5.689691134200512007e-03 -2.573528647751505694e-01 4.369285388660442693e-01 6.979240616194671079e-03 1.731901812613380887e-01 -1.951675120581513601e-01 -1.688451316679651926e-01 4.708911953901216418e-01 -1.668775541790036843e-01 -1.336027541517563755e-01 -5.497920865928145051e-02 -3.745926949650579263e-01 -1.117531388579689339e-01 -2.134296916864227359e-02 2.829741064148235882e-02 -2.532914544770981102e-01 3.330221350123922092e-02 -2.197885862432008286e-01 2.955603882618484946e-01 -2.835347916555476244e-01 -1.566363883468679247e-02 -2.434867366099031094e-01 -1.730395767477997115e-01 -1.529329898793612419e-01 2.977250117780574912e-01 6.491476569465301494e-02 3.782446624558461618e-02 -1.355236872806192261e-01 -1.051681239722321477e-02 9.194281729659575797e-02 -4.458952458455996831e-02 2.751523238479861577e-01 -1.913701203669223028e-01 3.143431907375651702e-01 -2.369790817827626406e-01 -2.082276907913882813e-01 2.467619128166561593e-01 1.024869210149438187e-01 -1.751323647723058430e-01 4.569532356198641870e-02 -1.744409031534845944e-01 -3.895002796836748160e-02 -1.051198291436632702e-02 -1.523346416677560412e-02 -9.801291391505284611e-02 -3.050730408069616401e-02 3.670657232886344601e-01 -1.705784546397547813e-02 2.381364300106721954e-01 -2.794314944706327020e-01 -9.959589690076144086e-02 1.856998304765886398e-01 -1.408275065999243514e-01 -3.794583191292984214e-02 9.612342509195724582e-02 6.088308065586959389e-02 1.482849321281876631e-01 -4.156630824721342654e-02 -2.803443034371683740e-01 3.645448660185739986e-01 1.522124100278722802e-01 1.119070433412363147e-01 3.506945407559647343e-01 -3.687264712909947839e-01 -1.681840832375142147e-01 -1.000438968773975784e-01 4.492089266949204213e-02 -2.496265619186626705e-01 -2.144458614203433727e-02 2.997330312326111357e-01 -1.770228306589130551e-01 1.385827323869661121e-01 -1.590739845751815429e-01 4.739798313115071160e-01 -8.098789341098369676e-02 2.668759668219895520e-01
-1.088508211129698977e-02 -4.060147243945692180e-02 1.025187045081082243e-01 -1.350834750576504761e-01 -1.018545053358838187e-01 7.899624165696950140e-02 -1.074967201458789240e-01 4.051274088537624302e-02 3.900678954579214763e-02 7.812226475803110692e-02 -1.555852738173844896e-01 1.552061327973022486e-01 7.770110643986741228e-02 2.885201889750673918e-02 5.826964554381959538e-02 -5.821368743890054792e-02 6.063714333432281695e-02 7.095602332499409415e-02 -4.355257322067107584e-02 8.777500116495981497e-02 -8.587937589482795564e-02 -1.563265401114553171e-02 1.317907071519432705e-01 3.803315534645006213e-02 -4.493700177178634042e-02 -2.302365064627385702e-02 -1.466930205335518524e-02 -1.270821630021896076e-01 -9.307798559895820445e-02 -3.361425176036285378e-02 9.352649305712096035e-04 -1.046678823456221067e-03 8.476320970767735330e-02 -8.522652762956779704e-02 4.044170569206495015e-03 3.435402964758302313e-02 1.480491969964203847e-01 -4.030427443930074960e-02 9.475714210529753712e-02 -9.215445969104739399e-02 7.709539359455282181e-02 1.361017599538667973e-02 -4.356482214090539630e-03 -9.672426702258797582e-02 5.033535433580881013e-02 8.185863043650271065e-02 1.231219575164733820e-01 -8.626194241805203167e-02 7.990994787251518017e-02 -7.998791393100657121e-02 -9.731734253354849817e-02 9.098936428518017427e-02 -4.557940398860222536e-02 1.171736110672057657e-01 -1.200112120961606549e-01 -1.193042440132356941e-01 -1.064421320142384803e-01 1.333657462106675219e-02 -2.786362167977141438e-02 -9.630256860461865187e-02 1.567147518990869293e-01 1.331914041157418634e-02 3.420298924460096757e-02 9.016726151424378499e-02 1.101389228039342943e-01 -2.221666411210754255e-02 -3.483378346457688401e-02 6.582091030645738361e-02 1.440995002796581839e-02 1.082411738669240980e-01 -1.691173101144351487e-01 7.575391694255696751e-02 -4.422542249047892171e-02 6.072153452553106373e-02 9.055295309430921868e-02 7.205801408950915365e-02 -1.073107164097847621e-01 -1.748028654368835935e-02 4.841363432828647492e-03 7.433471127112326049e-02 -1.814857278635699511e-02 -5.218248891153724062e-02 -8.993339404024136563e-02 -7.152304921468796706e-02 1.007869776261935413e-01 -7.385803361244863696e-02 1.519569261542436378e-01 4.450778377174885447e-02 -5.849562595657801373e-02 -1.097018754739726154e-01 3.405201634979982545e-02 5.266879275375466185e-02 1.375750573472598326e-01 -2.245197020010592567e-03 -9.980565173886266767e-03 -3.397769840366496319e-02 1.139650657187945698e-01 -4.462560539443101437e-02 -1.440060227137631710e-01 2.967525729638783097e-02 1.055761007460155262e-02 8.550525912860547362e-02 6.864159817621603987e-02 4.263043462256037308e-02 -3.261496592848968368e-02 -2.503830451868405485e-02 -7.950100202732096610e-02 -5.597327777184240172e-04 -1.612701653507450650e-01 -2.975810253583729623e-02 2.849021832695993600e-02 -1.371077853750383713e-01 -2.225038781801100263e-02 3.099282790784522318e-02 -1.436425547092704813e-01 7.793693423876200954e-02 7.983406540215076674e-02 3.538598542996138074e-02 -3.371272971886549868e-02 1.283248440916918143e-01 5.225604256992921054e-02 -1.526588297414039654e-02 1.427594540889796926e-01 4.286887980327915015e-02 8.695421668121816605e-02 -9.969402167917403024e-02 -1.329685062193425304e-02 -5.657234369575720595e-02
