3.160133023723536022e-02 1.202213747819257800e-02 -1.264128462095745996e-02 1.812238515077163256e-02 -1.010533259484035565e-02 -2.761038393085473927e-02 2.917212634277605368e-02 -2.276941367363518286e-03 3.768287095253336841e-03 1.193452027571835668e-02 -2.311646270019346652e-02 -1.902877743287433379e-02 7.251843601598529677e-03 -1.130636281281225015e-02 2.822353851887407939e-03 9.850440376910287940e-03 2.648667006208928892e-02 2.566959219795652333e-03 -1.779849454797616465e-03 9.138446330887626482e-04 -2.676447036505360134e-03 -7.589217087937388806e-03 1.340981882310959307e-02 2.408284477990806083e-02 1.554071483084027913e-02 -3.238000548428200849e-03 -8.558688032890898398e-03 1.764337388923564731e-02 -7.722803720436353242e-03 -7.101016448734526892e-03 7.093937205125734786e-03 -8.581222622779728290e-03 3.705289325208573135e-04 -1.029216929561248273e-02 -6.449288141756416353e-04 3.459786483068367710e-03 -1.759181615235851093e-02 -6.218011819271427459e-03 1.465387257739627497e-02 -5.629744662652467514e-03 1.611137031345530324e-02 -1.795595859503064037e-02 9.610567100845171171e-03 -4.251085059307286446e-03 -2.182703401906516561e-03 1.170938381881437944e-02 2.143349741382939710e-02 -1.273124557077713256e-02 -1.908794962120037185e-03 1.074754549568087726e-02 1.684957897769898127e-02 2.579218281530313781e-02 -2.177936083981023285e-02 -2.243952960404241651e-02 5.688752976655453604e-03 -2.338663954401409145e-02 -1.937904928172137775e-02 -8.744908156492651324e-03 -3.010862645239130247e-04 -1.766072875896922828e-02 1.149883522374409509e-02 -1.993109100802049199e-02 2.066321004846229624e-03 2.689313193489675097e-02 -1.421204476983965563e-02 -1.338438400109626591e-03 -3.635275914259687800e-03 1.317302921263569133e-02 -7.616977869456235777e-03 1.553298472491640610e-02 2.901417532118688841e-03 -1.362113534564885452e-02 1.820779484812531240e-02 2.358890585112980408e-03 8.185285277801107248e-03 5.657435840486583697e-03 6.938154642572384387e-03 -1.344344587970920830e-02 1.734507831622107352e-02 1.417732692063266176e-03 -1.288589894085090913e-02 2.029254762686555705e-02 -2.960550478311133049e-03 -1.089816129996173596e-02 1.602448570157147950e-02 1.704544604757764897e-02 -7.737883352710929995e-03 8.288716265716112100e-03 2.020054273656476593e-02 8.328861909632091776e-03 1.985800551982550705e-02 -2.863525483409000774e-03 1.814532608012952783e-02 -4.885910616878847519e-04 4.762816822020930936e-03 -1.786698180546928728e-03 2.342010508254238621e-02 7.741166613785899556e-03 -4.359000574046562916e-03 9.597439182468133628e-03 -3.196534125169560921e-03 4.708392304847983274e-03 -2.124563108912671736e-02 1.187388864366978845e-02 1.855572772172570020e-03 -4.513976669137817152e-04 -2.813166831894153581e-03 -1.522965909684198451e-03 1.810363223318360235e-02 1.914506708828369805e-02 1.097626827131886577e-02 1.503860238995669485e-03 -3.019588097950740967e-03 2.005390706541744505e-02 -1.580076129248414452e-02 2.110711232706955973e-02 -2.963669695667598986e-03 2.185463758146128244e-03 -1.221753740926286805e-03 -5.324741646767005426e-03 1.479716199468728878e-02 -2.153350195594628657e-03 5.687028105968080019e-03 6.420246315834180970e-03 1.193162631114710881e-02 -4.294438164698172015e-03 9.950194219529017239e-03 -2.512841803785287060e-03
1.202213747819257800e-02 2.975568544142988270e-02 -1.484101344791325348e-02 3.104645408133137677e-02 2.409925651505081916e-03 -2.483915127067462189e-02 1.468262594344153966e-02 -6.471166579299299920e-03 -1.041947239117693410e-03 2.417255965250432459e-02 2.810544523030692431e-03 -6.254720089303041596e-03 -1.005448456022294684e-02 7.520692045822801111e-03 1.732077262142175250e-02 1.235682600979451894e-02 2.790391653680220421e-02 2.416162910078266998e-03 1.255819963331536752e-03 -2.229220039321539587e-02 7.432769930468247251e-03 -7.395145951068791100e-03 -2.370637229534736795e-03 6.391268106123212077e-03 8.515332147184737077e-03 3.010828454609538064e-03 -1.617309981638370697e-02 9.065243419644710213e-03 -1.494345133047489914e-02 -2.050707013542021374e-03 -5.598278890863440894e-04 7.519114585172540118e-03 -1.181583059503460778e-02 3.213574580049512186e-03 -1.720463267618594499e-02 1.444461171820694313e-02 5.022087859363017111e-03 -7.961596533040630336e-03 1.845119468190983825e-02 -9.978862739540916155e-03 1.721076104413822236e-02 -2.153388642914276160e-02 -7.055193851541949335e-03 6.893154363238754474e-03 -2.253988244878804906e-02 1.352698408948533638e-02 3.641230635206607873e-03 -2.238741838629044068e-03 -2.001594115415379280e-02 -2.288026852522888083e-03 5.915570599297845060e-03 2.134415103119796653e-02 -2.712201138322965430e-02 -2.486820841652380085e-02 -1.263445804869960977e-02 -5.708644019815641880e-03 -2.314482609158682348e-03 -2.478982162553310803e-02 1.937220012758322091e-02 -2.249895509673479135e-02 2.473881470747039957e-02 -2.783975153937265357e-02 2.274490224990571852e-02 3.173182746089363987e-02 -2.620432883576931382e-02 -5.249368511738061564e-03 -1.745155005183516564e-03 3.790487835529512484e-04 -1.327603257184324734e-03 -4.688923612940779952e-03 1.263930050553435267e-03 8.644656582392528862e-03 1.188816918562935615e-02 -3.806798006749416256e-03 6.623653426978446702e-03 -1.670617488148514948e-02 1.036261657501394602e-02 -4.215486264295512618e-03 -8.917101103483282250e-04 -1.853290218031275471e-02 -2.300964471552713331e-02 1.152118518001141005e-02 -1.540796927910356934e-03 5.595403474216695304e-04 -7.831713481046808853e-03 2.597153708203795916e-02 -6.402689572248989117e-03 4.137822982409335940e-04 1.750759703740059972e-02 9.543287605474152710e-03 2.584375081424564874e-02 1.795020568639222810e-02 4.672126034601055064e-03 4.395654161481650675e-03 1.749816693895871059e-03 2.343606463900788431e-02 2.830789558078304971e-02 -1.006508439397884799e-02 -2.427260383911841735e-02 -1.007246511205622287e-02 -2.285495087328378097e-02 -4.454920243992342190e-03 -7.860847522875667043e-03 1.250577474266875450e-03 1.920773665673038491e-02 2.142235939863515806e-02 -7.584237071210437470e-03 2.934733469088009455e-03 -6.671336145380573832e-03 1.066828112154902600e-02 1.344717191401333632e-02 -1.134446009100391686e-02 -8.228402582438999052e-03 8.780433436968325053e-03 -2.614288608689490506e-02 3.582374259023375640e-02 -1.757426270892695945e-03 1.742616445849137427e-02 6.515458286221451935e-03 -1.464410412379864822e-02 2.582139786422947211e-02 2.085992767391894182e-02 1.134942776520415919e-02 -1.367207152319407579e-02 -2.609885211676305980e-03 2.282569467214594187e-03 -1.231284261390601896e-02 -1.742466119886207712e-02
-1.264128462095745996e-02 -1.484101344791325348e-02 3.308549500799767840e-02 -2.082830319787591991e-02 -3.075003197346095393e-03 2.331703904642747419e-02 -1.132939448640981825e-02 5.096288576905865994e-03 6.961797313082322691e-03 -2.296172867936512041e-02 -1.711429039328855265e-03 1.466796118836222532e-02 4.267962602925353885e-03 1.712594200969880243e-02 -1.650049967013268726e-02 -5.732382446765373236e-03 -2.634185510271429276e-02 -8.515210690837504010e-03 -1.045581190449197673e-02 1.096086987807855760e-02 -1.689648096599121038e-03 -1.207157713414566940e-03 8.165035634309026269e-04 4.273462367989810072e-03 -3.861260452225378278e-03 8.079615883237526580e-03 2.846617338759635865e-02 -1.372246565630438897e-02 1.029139138830613420e-02 -6.466830249516916478e-04 -8.735505444414806350e-03 -1.207427576738427134e-02 2.234541253576534728e-02 2.967772829592543998e-03 1.383175683695944853e-02 3.472289685386445446e-03 -1.605528815975270848e-02 2.573837140553274574e-03 2.320234254096925912e-04 7.465512029929833454e-03 -1.877603242388145924e-02 2.528965479054389592e-02 -1.908122005185239334e-05 -1.574620861460410137e-02 1.081103857553796996e-02 -2.700703391763115482e-03 -2.178667099201425650e-02 1.950370936767204313e-02 8.632199053095437891e-03 9.543408709368371087e-04 -1.239831374212068543e-02 -1.510660585566828661e-02 2.657322053958845534e-02 3.552359845515000187e-03 2.055129687391475321e-02 -1.100225967719227135e-02 -5.382124214291371823e-04 2.728156272149328057e-02 -1.726257893410327454e-02 9.911385177883548156e-03 -1.721025184036376401e-02 2.053232937509800148e-03 1.613803588391197769e-03 -3.150747818316250448e-02 -3.318762573347805271e-03 3.369926082066376349e-03 1.212615609022937857e-02 1.142988567410005950e-02 1.111626466060692230e-02 -1.207043888131619641e-02 2.304374564781301246e-03 -1.853896377228817297e-02 -1.632803568207678120e-03 1.002345372712271435e-02 6.048374336413182492e-03 6.845004713830906730e-03 2.026839765751724080e-03 5.020057541525868063e-03 8.778397606960608793e-03 8.832392119553464024e-03 3.026397253489269967e-02 -1.595041672607920222e-02 4.179138255318222937e-03 -1.947834586734273864e-03 1.076817295024167301e-02 -1.179444367936949810e-02 1.629716347110727118e-03 2.011525846890309388e-02 -2.286038794679423961e-02 1.452800534771232690e-03 -2.581178898000421190e-02 -9.835532386468498825e-03 -2.134280323364066284e-02 -4.625441274422094524e-03 6.877820725558972913e-03 -1.194980031497772099e-02 -8.537426971138881854e-03 2.067766719612980017e-02 1.241506372064004465e-02 1.164624078027595711e-02 2.491516719554133161e-02 -1.644828224067230657e-02 9.181943686278197167e-03 -1.275966540608335434e-02 -2.058902011515790359e-02 -1.031191344448933664e-02 3.830167129417960930e-03 -4.029004775643238098e-03 9.494388950694898925e-05 -1.547938697699751190e-02 2.422944881690885024e-03 2.182524381848721315e-02 -8.216498886422007875e-03 -1.935103107180123367e-03 1.789645933705420744e-02 -2.647022288161702402e-02 4.203284254730768436e-03 -1.964895992981581865e-02 -1.614101450916809177e-02 -1.919153747616345832e-03 -3.050542658567363327e-02 -1.119352708647570159e-02 -2.940331894631109319e-02 8.180508423166477083e-03 4.300121980721086437e-03 1.929277614558001569e-03 1.937593904818084647e-02 1.399867328298216342e-02
1.812238515077163256e-02 3.104645408133137677e-02 -2.082830319787591991e-02 3.741017940078843890e-02 4.531473790841531422e-03 -3.664005938372854460e-02 1.815101654575607820e-02 -5.978355425152943534e-03 8.221577148590496556e-03 2.712548002524070231e-02 -3.124480406981235830e-03 -7.252857141738356869e-03 -1.061263172837365390e-02 8.248598017724274520e-03 1.924341937016644383e-02 8.148842355042125798e-03 4.016449751611969599e-02 9.238000073789408295e-03 -6.234321464189049311e-03 -2.345976022342295339e-02 9.044110367227398833e-03 -1.007666200443746440e-02 -2.415924730960280109e-04 1.206409588617271544e-02 1.597679516623048621e-02 4.659437164105142450e-03 -2.040046964625065115e-02 8.650875149750847717e-03 -1.775251600110892836e-02 -2.868724175068678643e-04 -6.661384390413254688e-04 9.946502801167439109e-03 -1.584864283345437802e-02 6.918412218861238680e-03 -1.206727986474723756e-02 1.503809934700334888e-02 -2.399658372238412662e-03 -8.264859862554697206e-03 2.785804038962147455e-02 -1.128367305422561806e-02 2.507877279022530451e-02 -3.326570731681693233e-02 -5.494098844012623890e-03 8.462892199129734908e-03 -2.394101081568433126e-02 1.306454884307041257e-02 5.095193156906719853e-03 6.560925951248593787e-04 -2.188779532553035076e-02 -3.920360246837783190e-03 6.084793472867484551e-03 3.188371143027964039e-02 -3.768092892681984551e-02 -3.603596975987435891e-02 -9.419866111252500965e-03 -1.288708486751363388e-02 -3.575066705740085303e-03 -2.930108515087564980e-02 1.688891061896417509e-02 -3.350308705372475465e-02 3.325261075584157178e-02 -3.858741555571433557e-02 2.598827778027176794e-02 4.045954053782209459e-02 -3.441063816109909274e-02 -6.831811848639493014e-03 -1.113058077031654812e-03 -5.850946393320428381e-05 -3.643559468828098079e-03 1.038163448102809349e-03 4.474924790253289697e-04 2.132633929001800932e-03 8.175724007244679348e-03 -7.152981308527278041e-04 1.324531339165128246e-02 -1.857579753345640211e-02 1.726206375590551290e-02 -3.904163134580871178e-03 6.136369740416732508e-04 -1.923092211289350803e-02 -2.650298815381146866e-02 1.225377143076778093e-02 -9.127312072104855345e-03 5.294149350800631329e-03 -5.628696190229513004e-04 3.145963775339677415e-02 -6.397739792681626445e-03 -1.838054132008551649e-03 2.929894147557791581e-02 1.465987553208116662e-02 3.263243049052366035e-02 1.371349075297290630e-02 4.693253463012788361e-03 1.157098019601302680e-02 8.790871543344716023e-04 2.580003619200611428e-02 3.533417362711051973e-02 -6.230457975388587616e-03 -2.601413125332917645e-02 -1.348842995900358978e-02 -2.633187584032468942e-02 -8.183842062340030907e-03 -1.750147395993071134e-02 4.566264721990637848e-03 1.941941769561201028e-02 2.271686163964048433e-02 -1.275058328316079452e-02 5.526702585903497250e-03 -6.335206727650615887e-04 1.029775071336086652e-02 2.393271355887988810e-02 -1.310848076196766306e-02 -9.027185097851267090e-03 9.912932841638131751e-03 -3.737224763141561157e-02 4.360485896709085513e-02 -4.304080715953733857e-03 1.318545626547806479e-02 8.425030686452476478e-03 -1.297724531933995562e-02 2.915230231811237818e-02 2.101397879836445007e-02 1.305080363596979390e-02 -8.646633050212900601e-03 -3.177412868386069334e-03 -5.590608284051661048e-03 -9.536201118139990204e-03 -1.999978387010264286e-02
-1.010533259484035565e-02 2.409925651505081916e-03 -3.075003197346095393e-03 4.531473790841531422e-03 2.397553276577914574e-02 -7.122141523331710668e-03 -1.306799116504070435e-02 1.254047752203438053e-02 3.969235893968065150e-03 2.387918638865502759e-03 9.628969813230298450e-03 -2.495847441977564612e-03 -2.130844081138013810e-02 1.634045460989060755e-02 2.955869041900943944e-03 7.594818409718496685e-04 8.512722627910130485e-03 9.126697242021464956e-03 -1.976006662033953035e-03 -1.859521317530002382e-02 1.962289698260117569e-03 6.575715345550989938e-03 -1.345995835419917450e-02 -8.635415015510615813e-03 -7.050311235351693073e-03 1.262121454229332522e-02 -2.973733763127401220e-03 2.717960272472596736e-03 5.009067692208146565e-03 1.848460392711108111e-03 -5.365587547676594835e-03 1.279959092253825544e-02 -2.069985914238880662e-02 8.810972448194454021e-03 1.110696992529250880e-02 4.185424639993134098e-03 9.306164937027115204e-04 1.516211344074733236e-02 5.456484537049097194e-03 1.240094706140390697e-02 2.254898284892671925e-03 -1.461937086514692938e-02 -1.210919704717350678e-02 5.941199976576448487e-03 -1.681127122896379847e-02 -1.438200019724154843e-02 -1.631496748123470453e-02 4.710846910756758509e-03 -1.776148398310344739e-02 -2.266974106866878613e-02 4.658669481487079204e-03 5.084289576700002722e-04 -1.011187579522072021e-02 -4.576682178544543185e-03 -8.055713786035732099e-03 5.770456589152494348e-03 5.578318898226145017e-03 -1.699082617613012838e-02 6.851798068414394031e-03 -1.172340654030831070e-02 1.593403006714381315e-02 -7.129929345975310161e-03 1.005239333863724299e-02 4.132774220241551208e-03 -5.550415408460795084e-03 4.845195387670695950e-03 6.366663811277524163e-03 -1.473530119017481786e-02 1.074592887001775930e-02 -5.475516636567241344e-03 1.035548634175577874e-02 -2.532355787818983683e-04 -1.588722070438462058e-02 -7.509664247739989210e-03 -2.118349778010530839e-03 -2.074698958830324680e-02 9.995391444320158095e-03 9.480950400563681324e-03 -1.704809343116140199e-02 -1.854522353629125750e-02 2.626657389894386323e-04 -2.537038481800690630e-03 -6.045467044676412424e-03 2.663812523840294530e-02 -1.783253608912138645e-03 1.224134728734812931e-03 -9.015669812480316125e-03 -4.334397608451914102e-03 1.195503388263263918e-02 2.101870900534120404e-03 9.667109158867355587e-04 -8.598159729678762908e-03 -1.743574563993906604e-02 9.109893688194351316e-03 7.440149426145949325e-03 2.384582372784337101e-02 -2.956608166112747581e-03 -7.900119056894590319e-03 -1.634492765720377966e-02 -2.608533003194415598e-02 -2.002404707027300931e-02 -2.257617003510114465e-03 -2.098512585812834733e-03 -9.086896257987675182e-03 7.520787535116543222e-03 1.920522057062742233e-02 -6.338467804584882632e-03 -1.282893605616292803e-03 -7.541840678182684665e-03 1.594447916931573343e-03 1.023673072549296549e-02 -2.250339412495158762e-03 -2.378932991820865289e-03 -1.534354943470883983e-02 -1.495109995963277497e-02 9.014786238596611545e-03 1.366391338110851169e-03 -1.091496589567301188e-02 1.720941781798458053e-02 -6.180688167467646675e-04 -5.242810654516334018e-04 1.878729591257328677e-02 -3.953013898319409324e-03 -6.569375240198400794e-03 -2.193588413058348077e-02 -5.853409904966813682e-03 -1.202766964822318471e-02 -7.090196539289239132e-03
-2.761038393085473927e-02 -2.483915127067462189e-02 2.331703904642747419e-02 -3.664005938372854460e-02 -7.122141523331710668e-03 5.029606425527822361e-02 -2.263521762010687818e-02 1.828050976219900391e-03 -2.365814313828421001e-02 -2.790523289543070384e-02 1.805139956778925234e-02 1.344866220506847967e-02 1.065681129456034874e-02 -6.273839455838965337e-03 -1.784959445109720114e-02 -1.164849312841080000e-03 -5.511641370625112307e-02 -1.955430187365459968e-02 2.099074294560478518e-02 2.176483210578452829e-02 -5.991606519693989247e-03 1.710078255570077893e-02 1.639640566887421921e-03 -1.940784217962878214e-02 -2.982061596408690576e-02 -1.162836019957957934e-02 2.609542676351961354e-02 -1.259138537082822931e-02 1.279396233090920355e-02 1.956920578430906485e-03 2.544696910775080291e-03 -4.010226541662869487e-03 2.296736270767955890e-02 -3.116945916741590064e-03 -3.320401708425348934e-03 -1.747255648787549714e-02 1.658513444977380638e-02 6.014639445516472248e-03 -3.995736947139787859e-02 6.966134810688923672e-03 -3.576683724516364210e-02 4.484420371090356433e-02 7.062642730851897283e-03 -5.280183106213053035e-03 2.223005329133250288e-02 -1.201900164714488073e-02 -5.881852161848602142e-03 -2.728834869442830959e-03 2.281233260641645985e-02 6.895921510287032416e-03 -1.181300672539266523e-02 -4.385562712187327655e-02 4.597432660559222506e-02 4.639550234874929846e-02 -5.692726562692656091e-04 2.454034958569242808e-02 1.363303855430569866e-02 3.496660933158610846e-02 -1.592546894373681257e-02 4.489863886312781688e-02 -3.726653108702453893e-02 4.806118537399250989e-02 -2.172859415233476671e-02 -4.945410667531729976e-02 3.855072099584706119e-02 1.057522281766884106e-02 -2.717549634813949330e-03 -3.719281009354917511e-03 7.786423911615886727e-03 -6.669569447097157232e-03 -2.891887365980110470e-03 1.087066335347151337e-02 -1.855239916559870816e-03 -7.156354483468245660e-03 -2.552233210264236510e-02 1.756760822121903112e-02 -2.782245488152585572e-02 6.010544826195318366e-03 -5.344722994445261915e-03 1.828005947554485824e-02 2.210721038034552458e-02 -1.607729667164981696e-02 1.583794470223342729e-02 -1.310416333173526800e-02 -1.171971069265921074e-02 -3.038327440684568392e-02 9.472070201996031849e-03 1.582076715907620589e-04 -4.281358053132223312e-02 -1.858296046039016949e-02 -4.031873037777556484e-02 5.316194600251413459e-04 -2.888356495093402816e-03 -1.446678067221872713e-02 -1.764162045853643907e-03 -2.535691181522361712e-02 -3.858615079933020581e-02 -4.260002765455798285e-03 2.555605298569547587e-02 1.805193445674254521e-02 3.081104467400487892e-02 1.121421513790340878e-02 3.279981370242206901e-02 -5.336346867421697462e-03 -2.197699790427645392e-02 -2.040838071987279706e-02 2.048593937884374966e-02 -2.598902640839059492e-03 -9.462292988781050712e-03 -1.457252771850904051e-02 -3.730581107054430773e-02 9.866937603256308725e-03 1.367112995181039153e-02 -1.537794563966139900e-02 4.772386157521097544e-02 -4.463018648927945947e-02 3.864023598444185550e-03 5.800374301232672338e-04 -1.588267701158315587e-02 1.215420438627066654e-02 -3.155104001814182380e-02 -1.763143764146542572e-02 -9.858370987581899919e-03 4.690463596484159559e-03 3.619265821659026390e-03 1.942706740414970601e-02 -1.588757672411395547e-03 2.288821893162257259e-02
2.917212634277605368e-02 1.468262594344153966e-02 -1.132939448640981825e-02 1.815101654575607820e-02 -1.306799116504070435e-02 -2.263521762010687818e-02 3.120659933411285350e-02 -6.418316620211465817e-03 2.550046026046069204e-03 8.781224105759802626e-03 -2.074185330139446601e-02 -1.637087973518232265e-02 8.889470487548230965e-03 -7.608369258838177697e-03 7.754376704124573425e-04 1.037660337929098391e-02 2.149193086497792199e-02 -3.570871319910485890e-03 -1.763936292687867018e-03 2.653433762069219975e-03 1.062294433492386170e-03 -1.109970500526665481e-02 1.263006543176815009e-02 2.231030097783887750e-02 1.668185749572581936e-02 5.222552069604119223e-04 -6.335174821609362850e-03 1.517420709128418019e-02 -1.038086781949108112e-02 -3.576746626485943423e-03 1.985333863598545256e-03 -1.274349196038563302e-02 1.500604132159111563e-03 -8.343526948135010154e-03 -4.761585356028271571e-03 8.069978376089397692e-03 -1.542502574139617035e-02 -9.912806561560511334e-03 1.489245032938046713e-02 -8.930356509409757837e-03 1.061785200056875912e-02 -1.178256765654124745e-02 1.040753284778362341e-02 -7.002716526525103874e-03 -4.949732827867372564e-05 1.739674846776735964e-02 1.742317392445602575e-02 -9.603056241187813216e-03 -8.546074857265732868e-04 1.316911788812057810e-02 1.396838259280621872e-02 2.503142880706733450e-02 -1.579266555118258308e-02 -2.242333457324883692e-02 2.874389255690632493e-03 -2.162093358160556769e-02 -2.281311528958453183e-02 -8.314607825939998587e-03 1.412490137815677026e-03 -1.281156674821741677e-02 5.935218501801200336e-03 -2.028662055902808597e-02 2.511134610089518771e-03 2.453168610648933171e-02 -1.586323189628446872e-02 -4.859813270854477021e-03 1.582940849251461600e-03 1.519879648605933047e-02 -1.149830879625878682e-02 1.099062984390042352e-02 -6.405997718033548931e-04 -1.180637255637120506e-02 2.122798142361023710e-02 6.239939646898787044e-03 8.185552803840191044e-03 8.096201558577939897e-03 9.443425161693174558e-03 -9.025477527459399574e-03 1.745804576578466327e-02 2.880365186077075805e-03 -1.451608129140797253e-02 1.798074453377333098e-02 -2.061642704559931913e-03 -1.622476666021224062e-02 1.277721300001519004e-02 1.887456498137932495e-02 -3.517440366774933491e-03 1.181581428317203530e-02 1.447149666044968142e-02 1.232048910432796858e-02 1.975642120289901674e-02 1.488726614184722940e-03 1.430735343047042155e-02 -6.864749651655939998e-04 2.341345705296311690e-03 -3.954639007411301851e-03 2.663000204281325972e-02 5.094984372183739875e-03 -2.841374193962300024e-03 1.148241046941166597e-02 -2.784660956718942783e-03 1.619479478417264412e-03 -2.165675450078941369e-02 6.292910160696155684e-03 2.018316280833310199e-03 -2.131472015441210951e-03 3.053072169196126718e-03 1.920748645738713269e-03 1.643529545647895787e-02 1.653143333941755819e-02 1.102527318882223599e-02 3.838808543397308464e-03 -7.851902663212218664e-03 2.367273706502550160e-02 -1.037351367858352705e-02 1.810248704405559295e-02 -6.379865115170653585e-03 5.673865189126136785e-03 -1.947551044818422467e-03 -1.297112990273122796e-02 1.343468301747051570e-02 -3.527318991189708642e-03 3.469857555818470045e-03 3.311167902704648287e-03 1.414241734538803676e-02 1.640505927730812313e-03 9.787362243850300167e-03 -7.565825928834165161e-04
-2.276941367363518286e-03 -6.471166579299299920e-03 5.096288576905865994e-03 -5.978355425152943534e-03 1.254047752203438053e-02 1.828050976219900391e-03 -6.418316620211465817e-03 2.815723627143461999e-02 -2.766185315097823266e-03 -6.673232897689182833e-03 5.905510666397072173e-03 -1.509008165545019237e-02 -1.019408851407027812e-02 5.448865802187382278e-03 5.037731398824341761e-03 9.256320602931602387e-03 -3.888742155370027761e-03 9.664438118665921729e-03 6.210139388758072546e-03 -3.605711519829393665e-03 -2.152161420143750697e-02 8.218865065842946224e-03 -1.187943723052341423e-02 -1.199712600782046204e-03 -1.930838090178153138e-02 9.419785478226723810e-03 1.625319720999512333e-03 1.585077295188966687e-02 2.271103924256438755e-02 -2.071337625875850283e-02 1.572079678685900372e-02 1.054215303215771948e-02 -9.300459923216897531e-03 -7.858908325192948477e-03 1.244542804482358204e-02 1.447042155668193993e-03 -8.840766542117997964e-03 2.808228462243086282e-02 -4.604871519533815238e-03 2.907547773901432431e-02 -3.457676972555499915e-03 -5.800790211239320419e-03 -1.440552528427091993e-02 9.338917469296057275e-03 -4.416760487708803508e-03 -2.274365798793369711e-02 -2.531577388189861031e-03 -7.885652365768863054e-03 -3.778023723279923078e-03 -1.262345850031501050e-02 1.679634691537678151e-02 -1.011485020205661611e-02 -3.298827781056453724e-03 4.991391687497960007e-03 1.339088231706500338e-03 -1.510191740690722869e-03 3.318128899186084581e-03 -8.182581545188805094e-03 9.031204337562553192e-05 -6.859943958143386103e-03 1.423253545195379832e-02 3.747638790098039262e-03 7.053018713144461327e-03 -2.674566494874655326e-03 6.918017311425115126e-03 7.692400154073116524e-03 -1.065770863842617489e-02 1.302881686116870224e-03 2.041271564814951117e-02 -3.253523684505751912e-03 2.925920889563813840e-02 -9.807927779443057978e-03 -1.024024174857048010e-03 -2.166267357130471569e-02 -7.549843000623937192e-03 -7.323248758738968439e-03 3.590222492062286001e-03 -1.330073557035204614e-02 -1.100031031263828084e-02 -5.238447194378668785e-03 8.567963314876931441e-03 8.581866381575691677e-03 4.356440142312589282e-03 2.214097811058480733e-02 8.960978488986179324e-03 -9.769932740931984438e-03 -2.763621701065493291e-02 -3.647695347226879905e-03 6.899809184480823650e-03 -1.548955035000315963e-02 -9.314955962847456042e-03 -1.422526062385603973e-02 -4.301766295723434726e-03 -1.056091973840846826e-03 1.096801313023849228e-02 7.749339951095076881e-03 -1.743880717871199026e-02 3.778975217827848596e-03 -2.048744662157402606e-03 -2.251368335150497405e-02 -1.039400362150750406e-02 8.225736361061839266e-03 6.515070947699453177e-03 -4.936568578833817368e-03 2.902740286866044490e-04 4.027903694899501001e-03 -9.255087294870298700e-03 -2.155548676938319821e-02 -3.737989867627581914e-03 1.350876596144842158e-02 -9.488506858872989939e-04 -1.772298851006371767e-03 1.466755192188824025e-02 -8.604170597527171366e-03 -6.244102188802805493e-03 -1.814280916283139136e-03 1.910744059819974652e-02 -1.614972316564702165e-02 1.031400943981157503e-02 9.396180525256455154e-03 -3.668999284226315272e-03 3.543410175126043317e-03 -7.061948940673331947e-03 -8.922919576879044285e-05 -1.112313317991505193e-02 -4.185732836831510505e-03 1.597249443177720671e-03 -9.244008355465875224e-03
3.768287095253336841e-03 -1.041947239117693410e-03 6.961797313082322691e-03 8.221577148590496556e-03 3.969235893968065150e-03 -2.365814313828421001e-02 2.550046026046069204e-03 -2.766185315097823266e-03 5.714316163116865688e-02 -5.346569981272890001e-03 -1.872735273813987827e-02 1.946007308263666968e-02 -1.956725032872255569e-03 3.224718309528908089e-02 5.427445193258230742e-04 -3.147806651229769631e-02 2.852679974436747590e-02 1.946484167243192273e-02 -5.928762083592659798e-02 3.664688583583072855e-04 1.121777638640928353e-02 -3.471374128409727977e-02 -9.875308386284531448e-03 1.481871400026664801e-02 4.214881741135825116e-02 3.468825847553203695e-02 -1.677939460937225274e-03 -2.337067149748607575e-02 -2.526599205884155677e-03 1.132474155816437858e-02 -2.444754373038007106e-02 -8.616773806768517757e-03 -6.642757045227166632e-03 2.165915443816239863e-02 2.691225626585366099e-02 2.829284903213568139e-02 -3.697043695964069565e-02 -8.845776141925021721e-03 5.335614417285708400e-02 -3.171477114782217388e-03 1.605334314243555410e-02 -1.950659398282527171e-02 -1.008186689920929566e-02 -8.117763151216726702e-03 2.709525354878210973e-03 1.153600687219998727e-02 -3.269662863228103150e-02 4.769871383342381282e-02 -5.889767636534355352e-03 -9.266673494539330938e-03 -2.070375689552993170e-02 3.282701198598231285e-02 -1.265853008556534938e-02 -5.027281615562093769e-02 2.579171104961842237e-02 -3.330611794450562269e-02 -1.325660693991570667e-02 -8.014435910721822917e-03 -4.846173638400599372e-03 -3.820507300782714777e-02 1.470343820044103973e-02 -5.397478326415778432e-02 2.108348676959968110e-02 1.344149192388406980e-02 -4.878792050418777337e-02 -2.543060650857798671e-02 2.649597318738671284e-02 1.403334880138349360e-02 -1.128916831910054680e-02 -1.076625661614880394e-02 -8.493338930696290451e-03 -3.448945863946888124e-02 -1.963534317087011274e-02 3.786132274731918851e-02 4.922289221518817010e-02 -5.274095714209726428e-03 4.895738781572894771e-02 1.348622402619648400e-02 8.001615056357228029e-03 7.702659983453416298e-04 1.160143593083316597e-02 -1.967200111719919625e-02 -2.807020969627256612e-02 1.814925264870283217e-02 2.504437771684944747e-02 1.365131384392321255e-02 9.748622795370474534e-03 1.085430226570722675e-02 2.283054722970355097e-02 3.098918401917347826e-02 1.688532799848178195e-02 -1.420019945618574211e-02 -3.647841720096782481e-02 2.560848808426305356e-02 -9.675252187855724537e-03 3.369055399654722217e-03 2.960768839329538590e-02 3.029269330336174793e-02 -1.030694802584121526e-04 -1.629901433102358757e-02 -7.434657805653048512e-03 -4.858352005998105988e-02 -3.479780997562210987e-02 -1.900038710174794740e-02 1.208331944226056706e-03 -2.846599485560730083e-03 -1.970204672152228373e-02 9.493513221451362755e-03 1.112782430965375893e-02 -2.400844080634983654e-02 5.731209021843670925e-02 9.723602703138167075e-03 -2.854413562709097116e-02 1.358582597218021409e-02 -3.071888413820786715e-02 5.526474549574549033e-03 -8.363588126064866804e-03 -2.957025752868562909e-02 4.620277157169496926e-03 -1.730560045395761887e-02 -3.314995935570728362e-03 -7.215106504228833810e-03 -2.309229740074041082e-02 6.431654759108896592e-03 6.362352317674398443e-04 -3.016087896193940868e-02 3.047034159871129730e-02 -1.280615910483528207e-02
1.193452027571835668e-02 2.417255965250432459e-02 -2.296172867936512041e-02 2.712548002524070231e-02 2.387918638865502759e-03 -2.790523289543070384e-02 8.781224105759802626e-03 -6.673232897689182833e-03 -5.346569981272890001e-03 3.746033887880498986e-02 3.392830727576876676e-03 -1.076236851188005182e-02 -9.508428473788190297e-03 -1.168626892240509814e-02 2.776614655511096263e-02 1.025882042194658714e-02 3.462567980776150300e-02 1.261698558861927902e-02 5.485659534917531645e-03 -2.476626458242186732e-02 -2.812314741955981032e-04 -4.318039740856455255e-03 -7.719094001480994276e-03 -2.954387276448315353e-03 9.453976936955306096e-03 -8.660428409563150284e-03 -3.391427779469052828e-02 1.428984698547272440e-02 -8.689228776555941308e-03 -8.636296320890315958e-03 9.360819809538048833e-03 1.144258378075719770e-02 -1.945913610651941322e-02 -8.927523537991779307e-03 -2.027108702939728335e-02 4.975133411003014247e-03 2.036202014565621429e-02 -7.489902915878869812e-03 9.022496254266513735e-03 -9.049671245894388635e-03 3.102621444711551810e-02 -2.733659647180545355e-02 -1.392647056225370349e-02 1.615440494661305251e-02 -2.436043750579653874e-02 1.015189714788512255e-02 1.794763974743924032e-02 -1.517652429369732714e-02 -1.894828814315241416e-02 -1.435042649860772705e-03 1.027046505609013720e-02 1.684926222897842676e-02 -3.305732237708901983e-02 -1.013005907545868646e-02 -1.533756070726433572e-02 7.024945748373542277e-03 5.946948656803272004e-03 -3.136729005373531387e-02 3.121848326291691567e-02 -1.926029214867391870e-02 2.567421164001156692e-02 -1.239948411650174977e-02 1.124030538006482241e-02 3.873299915090085838e-02 -7.629068241619571707e-03 -5.350514946465018996e-03 -1.634786142482443430e-02 -5.136238292271375940e-03 -2.917082332685730622e-03 -1.610229353415208904e-03 1.739818284710572573e-03 2.475141679975008391e-02 6.842070639150669466e-03 -1.015874989678842814e-02 4.293499716484598314e-03 -1.773274001875805098e-02 -3.067334239753857945e-03 -1.505043064180537453e-02 -4.127825177669952432e-03 -1.951801142478520185e-02 -2.516040913228905287e-02 1.856149775815716871e-02 4.874963252447513801e-03 4.003073754077548022e-03 -1.846138748636457633e-02 1.572646402433665672e-02 -8.821996174813332564e-03 -1.513315522904144783e-02 2.140271469794522222e-02 -6.051146821116628119e-03 3.274073529592940596e-02 1.952721376769254655e-02 2.136954639203030373e-02 -4.455130723023046670e-03 -2.514481559823091798e-03 2.473398280819455106e-02 1.485155387323953968e-02 -1.458307582450470152e-02 -2.571318547489171227e-02 -1.354005921342110383e-02 -2.970105362558603593e-02 9.257574329831669974e-03 -5.428227655373523558e-04 1.291401471133917303e-02 3.396029284354395994e-02 2.181706974830025653e-02 -1.756219144391406653e-02 -5.057860038178021468e-03 -1.208982728898473115e-02 1.747910158923274629e-02 1.065179079579278362e-03 -2.501426627080639842e-02 1.993497023405387761e-03 5.751581339053757694e-03 -2.860373441675976777e-02 3.671302902835697074e-02 7.890070434363460894e-03 2.415911158603113382e-02 1.411066829414812235e-02 -1.564782216042146000e-03 4.157116682118456447e-02 2.295776059440630956e-02 2.809716111457414081e-02 -2.070366248692321817e-02 -4.095621593877861628e-03 -5.349624596208166910e-03 -1.881546095002648369e-02 -2.672465761057127645e-02
-2.311646270019346652e-02 2.810544523030692431e-03 -1.711429039328855265e-03 -3.124480406981235830e-03 9.628969813230298450e-03 1.805139956778925234e-02 -2.074185330139446601e-02 5.905510666397072173e-03 -1.872735273813987827e-02 3.392830727576876676e-03 3.099639785402982448e-02 6.510489456481536978e-03 -1.080199974894751128e-02 2.638198351389284876e-03 1.214116281772241977e-02 5.049823630683582774e-03 -1.713813231556793673e-02 -3.831239160263245338e-04 1.883833884061534084e-02 -1.011402518732380275e-02 -4.681957622755439710e-03 1.310101877537220988e-02 -1.350493549399687208e-02 -2.401408745336957445e-02 -2.670623457936970729e-02 -5.443773898356359629e-03 -3.660639593166063830e-03 -3.246153580263165528e-03 5.048706769968536873e-03 -4.119400098049351248e-03 8.931059122145732637e-03 2.185754806837514330e-02 -6.262681675284586906e-03 4.548663307227606735e-03 -1.583267804514602167e-02 -4.823318647824980342e-03 2.798122321067328042e-02 1.031203056716112516e-02 -1.998340740588650660e-02 7.346117982757945433e-03 -8.885771858906491710e-03 6.791083114788130232e-03 -1.291632142925703587e-02 1.774846993460071909e-02 -8.308850475127074406e-03 -1.355596014030075944e-02 -4.932072400883705590e-03 -4.299026025572988234e-03 -4.461561890154937780e-03 -9.802762951048845166e-03 -4.911525287928408465e-03 -2.375709161286448587e-02 5.545289975419209066e-03 2.224837961513330756e-02 -1.973410222718632173e-02 2.858180454277924054e-02 2.485365912661156862e-02 -4.984784232884856281e-03 1.077768359067875735e-02 1.067213765577211537e-02 5.095598703426172139e-03 1.947139795604583765e-02 6.560711269122109467e-03 -9.847462808806056386e-03 1.453072582696580788e-02 4.402675170221333548e-03 -1.349253381820977350e-02 -1.527018291918926657e-02 1.273054723783220016e-02 -1.219426451522820365e-02 6.519610313649156462e-03 2.585738843028267953e-02 -5.531412255624749107e-03 -2.126436621112098510e-02 -1.885666729169607411e-02 -1.215181102920484361e-02 -1.358274433565581120e-02 -3.457495868042295153e-04 -2.268992123634253413e-02 -8.943002726766209956e-03 -4.871699221114144523e-03 -5.950223405088547052e-03 8.170146091182908105e-03 1.007533243210115975e-02 -2.354449815586595260e-02 -8.426558640577499690e-03 -4.663928419673790855e-03 -1.822154265216833352e-02 -1.075570711140112594e-02 -1.703131005924899202e-02 -9.950765391347930061e-03 1.538354734535076450e-02 -6.824744751096527631e-04 -1.743046184174495148e-03 -3.057946862247361806e-03 1.102626997317190070e-02 -2.024605268627683100e-02 -2.026497134518764898e-02 -5.598188484646563802e-03 -1.617515274194378239e-02 -9.498558090572335050e-03 8.421381741164961354e-03 2.752273564999569572e-02 -3.055432466127513177e-03 7.917647400290720588e-03 9.420868937250468853e-03 -1.198847995288727800e-03 -4.924832620357744856e-03 -2.398691402290515154e-02 -4.166527166364422836e-03 -1.976126589559457428e-02 -1.642306837106949358e-02 1.602747233351221184e-02 -1.993474955388969613e-02 5.835257390681750783e-03 -7.555986637663621988e-04 9.322666414763465179e-03 1.440065207981274659e-02 4.423996976447217705e-03 8.658566834442309873e-03 3.564320895327620798e-03 1.167317761839650574e-02 1.065388514094784377e-02 -1.285821201181199143e-02 -1.308672693776120888e-02 9.609551886533009360e-03 -2.348544816341815653e-02 -9.360538094195494999e-03
-1.902877743287433379e-02 -6.254720089303041596e-03 1.466796118836222532e-02 -7.252857141738356869e-03 -2.495847441977564612e-03 1.344866220506847967e-02 -1.637087973518232265e-02 -1.509008165545019237e-02 1.946007308263666968e-02 -1.076236851188005182e-02 6.510489456481536978e-03 3.524448741076403879e-02 4.068572793162159550e-03 1.902862924146657420e-02 -7.393824804655537743e-03 -2.392442328634932641e-02 -1.247648931513475196e-02 -1.832799730753038349e-03 -2.323641747725434595e-02 6.351430446592453045e-03 1.791470814869941877e-02 -8.816036415523351155e-03 1.624179750708614964e-03 -4.581376727066292440e-03 1.007432649691060791e-02 3.547279615834464991e-03 1.523451704443788517e-02 -3.635712990498936314e-02 -1.088525265724224478e-02 2.061148142158995139e-02 -1.881476579500760901e-02 8.624792287193643915e-04 1.639756453375422127e-02 2.487626623246828872e-02 2.381201344974228761e-03 2.696059531736915565e-03 -2.616888764807621254e-03 -1.568983740288168796e-02 1.051445339279438035e-02 -1.485691925632097975e-02 -8.424658678978442714e-03 1.313261170570709929e-02 4.526923132655649891e-03 -5.920612777687253581e-03 8.405414146209010118e-03 6.655683846726198616e-03 -2.539586712570388385e-02 3.601997951750254140e-02 5.979828039579063517e-03 -5.202144659762777089e-04 -3.508545850490304291e-02 -3.460037350587279702e-03 1.478545214655698804e-02 -8.086232279070942192e-03 1.059842238726741923e-02 -1.153284080833569302e-03 1.284447890444589957e-02 2.099070380857392254e-02 -1.413335346196930957e-02 6.555262169650918598e-04 -9.973985409307552577e-03 -1.021493361518115497e-02 7.431085346038667806e-03 -2.034192008421863498e-02 -1.753369702998186508e-02 -8.550950391502673900e-03 1.529385340062846058e-02 -2.129689848870449775e-03 -4.782931234294873248e-03 -9.860510038848448178e-03 -2.251257024334213028e-02 -4.150744444571443509e-03 -1.586027364137617551e-02 2.372320211413028040e-02 1.525038482794697364e-02 1.126167256181773895e-03 8.073838813719806662e-03 2.012821359541896310e-02 1.801334407107469835e-03 7.036983493573226688e-03 1.304193418981737865e-02 -3.172459619075974901e-02 -1.208362156215835037e-02 -2.822254477898205986e-03 -4.565867056821063734e-04 1.081582248532797708e-04 2.638566893006003694e-02 3.004981680677412323e-03 -1.292689805137488442e-02 1.534150523088457195e-02 -1.120682956724755597e-02 6.165494197837248849e-03 -2.350206116435378523e-02 1.295405607312997455e-02 -1.146278632501045516e-02 -7.786651161139958484e-03 5.612976730875875869e-03 9.890254576399325204e-03 9.045022869247876587e-03 9.026973809946116020e-03 1.899372176674786819e-02 -3.104969557016156248e-02 3.346313396375620326e-03 -8.940943738077770583e-03 -1.442653305811956478e-02 -7.031017371383970968e-03 5.873653504846041871e-04 1.857493415938992962e-02 -3.749970131517792789e-03 -3.687190341411056976e-02 1.277758168213118106e-02 6.753244669698722086e-03 -1.178413722781968855e-02 -7.028483633326281475e-03 5.963819486092021213e-03 -1.246348970151282820e-02 -1.272262645585326042e-02 -4.769714429208252691e-03 -1.662598230751671791e-02 -2.447786216924554246e-03 -1.889869018966995953e-02 -8.276036975737805293e-03 -1.321544085868040126e-02 7.817246432719584040e-03 2.499475844642492367e-03 -5.286502656943429558e-03 7.532647980042888811e-03 7.991305609498055088e-03
