2.912285643928355997e-02 -6.223545839855638626e-03 5.934484039832628802e-03 7.307895402571209890e-03 1.026857093115687326e-02 -2.853822238130071867e-03 6.197255601252861339e-03 -7.369438878423871693e-03 1.170663051681086406e-02 -1.060705052053582086e-02 -1.311957612284749171e-02 -4.946788358636324337e-03 -2.688632311519109381e-03 1.460688327719324685e-02 -2.504340993094131620e-02 1.805389901177114481e-02 -6.076250824163040819e-03 6.385528405977576767e-03 1.847086544087850899e-03 -1.058234616815591353e-03 -2.546490381358992774e-03 -1.213067196406001497e-02 1.557674610964921401e-02 9.916811699277798195e-03 -1.058164842761190154e-02 1.019557391154800969e-03 1.096149506356748800e-02 1.049937783516920534e-03 -1.435585455552796166e-02 1.584604246836261721e-02 -2.185105557837884946e-02 -1.797527900849241536e-02 -2.419051263324545949e-03 -6.116571726134909480e-03 4.341724344614180005e-03 5.218559339126893669e-04 -4.031128350139461837e-03 4.243406354198094380e-03 4.004224980414393571e-03 -1.207778211629776700e-02 -3.286793649218497631e-03 -1.297444561763486277e-02 5.518806371643946752e-03 -1.379557453239488654e-02 -9.511837367595142242e-03 1.034388871381710165e-02 6.149318740182937483e-03 -7.241616725601206055e-03 -2.183076734232605644e-03 5.797045635997068180e-03 -7.319164859965838522e-03 1.212459728952689809e-02 1.587365058840137927e-02 1.770547670937456988e-03 -3.047246966881334961e-03 7.518677625686918595e-03 -4.730817065271970996e-03 8.581121688953790433e-03 -3.249992740635400824e-03 -5.696009977058388331e-03 -3.768817280305198150e-03 1.585702864869746945e-02 -9.414721550163276942e-03 1.002177601286017780e-02 -8.937731983459916776e-03 2.288054713457853342e-02 2.233577105603695712e-02 -4.651250187748448735e-03 1.277795133885602751e-02 1.418316181378379958e-03 -4.968051015669024476e-03 -1.255285159954583514e-02 2.179909158842738628e-02 -4.419190628236822731e-03 -1.992538151687016541e-03 5.506670288513307396e-04 -6.029946265771165929e-03 1.841564624109777448e-02 1.553495720368565890e-02 -4.303705501035440251e-03 1.856059593567399579e-02 8.693391419795389388e-03 7.373617030472499369e-03 -8.783925644305129801e-03 2.967335458763916810e-03 -6.555313543668533915e-03 -7.237731720564925721e-04 2.866102273663828637e-02 -6.863916383156940491e-03 9.126970982328190887e-03 7.449568892178178720e-03 -1.038031510677592251e-02 -9.931193506088259459e-03 -6.169981094552297145e-03 1.897202852116679217e-02 9.342400038845424110e-03 5.859228390321569516e-03 -1.076067242728210444e-02 -2.228556211856761598e-04 -3.224606315198599513e-03 4.006593934817176926e-03 -1.416211724039409016e-02 -2.382215145957988778e-02 -1.673542489322336901e-02 -3.782531367240074723e-03 9.225781138905094630e-03 8.895467909035795206e-03 -3.522111871662919006e-03 5.017807119536870850e-03 1.051287946540595611e-02 2.094298137606063342e-03 2.830415598395549012e-03 -1.113281821399578382e-02 -4.480272912972810620e-03 2.672101548896135652e-03 1.201032325617101826e-02 -8.061127979687963963e-04 -1.801780216718519567e-02 4.404465779765869915e-04 9.139403307114176908e-04 -2.453965205714748674e-02 3.440871229225123552e-03 -6.231389823952116110e-03 3.924026165947233115e-03 -5.458779382704150897e-03 -6.770442899398643882e-03 2.560654097558724869e-03 9.513154704601593445e-03
-6.223545839855638626e-03 2.873378601603296389e-02 1.087911944444033656e-02 -1.414474914619543930e-02 8.870642222051876649e-03 1.406236584056804600e-02 7.614448885933699021e-03 -1.626333911510715116e-02 -7.866152485685820941e-03 1.322078233693723022e-02 5.524979833190850689e-03 5.218275026739738545e-03 1.350766205618496307e-02 -1.376875865768445494e-03 1.917278645570339932e-02 4.539579638382016703e-03 -3.571104462089595612e-03 -1.751587940117874803e-02 2.203230366218675643e-02 1.793166926809700717e-02 -1.928404843009930191e-03 2.519203667563018473e-02 -5.604203356151343969e-03 2.062271833583329602e-03 1.236140117901064935e-02 -1.106682661968116758e-02 -2.634320650285816579e-02 5.200421349801565745e-04 -8.946164047270693809e-03 9.048918924310506151e-03 7.877460201445786458e-03 8.770875886093751350e-03 1.703170455678348905e-02 -6.375389946329089279e-03 -7.258140554076567344e-04 1.831039559866519482e-03 2.020608425727571811e-03 -1.390941481706194256e-02 -6.878930152924112723e-03 -1.024714112002458009e-02 -2.535268247564813077e-03 2.604445882693972800e-02 -3.266578494332428306e-03 -9.386204674532808503e-03 9.089775207065241280e-03 7.072350333086618868e-03 1.384419677693782616e-02 -4.668058705352912466e-03 1.532347258572083759e-02 1.114510920840723097e-03 -1.320263611797030043e-02 6.162140889881029086e-03 -2.165583214533314121e-02 9.226240838210575737e-03 -1.761525281221652632e-03 7.290485279086789464e-03 1.163427302814911898e-02 2.846427848395591959e-03 -2.258896054449455128e-04 8.936873374785984925e-03 5.550258127063574694e-03 1.525425460631895345e-02 -1.691387008443501899e-02 9.303149314452210938e-03 1.808757139052128912e-02 -7.125107619438894591e-03 -7.161390599305039739e-03 -1.622291879412758250e-02 -8.526542779002435060e-04 -5.969437531660601141e-03 3.309723000471089839e-03 1.226833626687001515e-02 7.106584502170856105e-03 -1.516782136259257376e-02 1.348850112415567702e-02 1.565054597907739389e-02 -1.060378157043305632e-02 -1.212047923199420160e-02 -3.942335687417416329e-03 1.606293901692419646e-02 -7.195253652688461850e-03 2.074464653868786021e-02 7.358917724273358711e-03 -2.801464620376040073e-03 -1.305123152832497919e-02 -1.735800772467112644e-03 -4.889736404418166052e-03 -4.134756519004673179e-04 -1.528874322392236550e-03 -1.641585080021278065e-02 -6.357533133749030362e-03 1.553980600156731895e-02 9.231020325541823904e-03 -4.633978759363324360e-03 -3.976660460342554791e-03 1.204315213426098048e-03 1.475209593236085671e-02 -1.304913747213491335e-02 3.369164689989270160e-03 1.314920285245087597e-02 -1.215790577242213894e-03 1.178693164133111197e-02 1.941706167446416095e-02 1.157795343482759601e-02 1.803524142037978310e-04 2.445046132367020755e-03 -1.135430819272437337e-02 4.337514219029637089e-03 -7.409529185120687644e-03 3.233873782484493389e-03 -2.086780881787381886e-02 6.325396557184305261e-03 5.775382047034182016e-03 1.039846118530885974e-02 5.786113466517152880e-04 6.569031687135352439e-03 1.451009350253947179e-02 1.446972547156773724e-02 -1.691541210200591533e-02 9.209640465616295360e-03 1.696667040977412055e-02 -1.121702702475761010e-02 1.192819139981452295e-02 3.693921806737951365e-03 1.479710862109998200e-02 8.842859113539465812e-03 -1.296269908700670159e-02 -1.024936379472538364e-02
5.934484039832628802e-03 1.087911944444033656e-02 3.382166453912077708e-02 1.166323406899380001e-03 1.292987601188213956e-04 7.869986713891689509e-03 -5.126160545340092793e-03 -8.309552928493143045e-03 -8.795679610577727958e-04 4.440697567784118727e-03 -1.450157237740913596e-02 1.230341326541955355e-02 7.864471979243456770e-03 2.288095926072881287e-02 2.615708267056305464e-03 -9.984555128554183784e-03 -1.537183294016018255e-02 -2.570860849254800497e-03 -7.220044038629441774e-03 1.318105834444608000e-02 8.926317927662829818e-03 4.132565169090408712e-03 1.592849985671439261e-02 -1.733533447445538295e-03 1.278917198789781065e-02 -2.176686656431447639e-02 -6.831688012974819826e-03 -2.336014701338715027e-02 -3.531357547747212416e-02 -8.219523938019375128e-03 -3.897084677783147627e-03 1.241298797881588110e-02 1.115668980874095530e-02 -3.041091761015217096e-02 5.972395863863954463e-03 3.260860435503537286e-03 1.160219821991376014e-02 -2.079068272291779637e-02 2.265829214712454520e-02 -3.534257316571336877e-02 4.272110268926947087e-04 4.720445064702273250e-03 3.358392904668940429e-03 -3.644377322561837690e-02 5.708810180125225425e-03 3.131633739107855807e-02 1.856285710276147152e-02 -9.411364672473707116e-03 9.451857192388377071e-03 1.644644331324451013e-04 -1.480644614122342446e-02 3.308661655794518236e-02 -4.320915261845276190e-03 -3.510864011883820142e-03 -2.601401223348584479e-02 1.687950495467745952e-03 -1.526141030938891162e-03 5.525500318434574745e-03 -1.808387132700763848e-03 -2.223551180382529746e-02 1.170938477955158798e-02 -1.166673549993997843e-03 -1.187855603737157303e-02 3.370761185324559067e-02 1.382311308514923461e-02 -1.012577640551185626e-02 -1.250645225025186213e-02 8.332073171561139163e-03 -7.752151895765284524e-03 -7.443657435043960499e-04 -7.372057996538247324e-03 2.715432752683091030e-03 -7.235706454473573961e-03 8.201887458936315753e-03 9.676971650523039439e-03 9.027418814169784270e-03 -3.466099226954814233e-02 8.990573171349194349e-04 -1.012302194476764373e-02 9.165082542653611025e-03 -1.116078407958915990e-02 8.115767903509506220e-03 -2.062531782550939240e-03 -2.570767586965203716e-02 2.905690669963862001e-03 -4.104673530046065721e-03 5.844434483480653864e-03 1.105514049388046927e-02 -2.466936595988024339e-02 3.441482602378676502e-03 2.489286092613250331e-02 2.562714891013685714e-02 -3.164348919652522959e-03 1.191491462999989641e-02 -8.999965479549662528e-03 2.871368791087520588e-03 2.070591294648059175e-02 -1.654011999481060438e-02 -1.333772326725345472e-02 2.154198529836520368e-02 2.624520357862118822e-03 2.933435006265033927e-03 6.093964214844865314e-03 1.804153425830090120e-03 -1.941259720887091424e-03 4.216305334418803466e-03 8.887958641241082425e-03 1.681711390362288297e-02 -1.296447905825953532e-02 4.460686000639849449e-03 1.021824620655800882e-02 -1.383349285324547706e-02 -2.173817580157646340e-02 5.961103035378050898e-03 -1.468065189585151392e-02 3.202214044257909592e-02 1.124310104165988054e-02 1.679759853960078458e-02 -2.363920987964184331e-02 -2.429982952890322439e-03 1.645632813019248233e-03 -6.767091469634915410e-03 1.237419426380822378e-03 6.211316298845574735e-03 8.422682593617940305e-03 -2.346563057350041850e-02 -1.829904515488189887e-02 -3.012652360296280869e-03
7.307895402571209890e-03 -1.414474914619543930e-02 1.166323406899380001e-03 3.878866556107606750e-02 -3.071976932569451049e-03 -1.686753301906592992e-02 -3.707765551053862716e-03 1.006499932800463369e-02 2.417218557195944823e-03 -2.494996829155450221e-02 5.507073461185852878e-03 -1.231834625518020594e-02 -1.666828641243213102e-02 2.279610074323952518e-02 -2.043905125099567191e-02 -1.668870470104493603e-02 -2.517758454066543888e-02 4.653560946915032658e-03 -2.871225861619268460e-02 -1.916071125268102235e-02 2.233500137661053805e-02 -1.643795285394489963e-02 -2.454300966067247437e-03 -1.686014638641342850e-02 2.321966827106281862e-03 -1.454890869541716758e-02 2.057602570213556969e-02 -1.009315439526249289e-02 -2.195557473922449786e-03 -2.230781971892417670e-02 2.224183143314820751e-03 1.507024562135719954e-03 -1.919963928750838267e-02 -5.022017934251648413e-03 7.095526877987007102e-04 1.854607786916001849e-03 -1.488361093182352483e-02 -8.686280459928277103e-03 1.806597800631716197e-02 -1.510179120113526712e-03 -1.083972430813116838e-03 -2.148113942225671549e-02 2.549527249278264046e-03 -2.507596653204270144e-03 -1.662108517890659512e-02 4.034158932910454978e-03 -1.711495368907917092e-02 1.720816634622112512e-02 -1.764326525014636368e-02 1.341634694537655569e-02 9.662837426064803739e-03 4.670267697209902306e-03 2.207673040403667492e-02 -3.726468563323018929e-02 2.082469625027802342e-04 1.089874281012402635e-02 9.002881293748895772e-03 1.030275039487068417e-02 -1.261922714076694867e-03 -2.027876538593274131e-02 -1.507605030426646849e-02 -2.834315514586462428e-02 9.160698497297940779e-03 3.000938676997895547e-03 -2.623795604351270364e-02 -2.408530129930660070e-04 -8.315117806010270153e-04 2.079691752701165811e-02 -6.288371606632785736e-03 -1.522186019688331372e-02 1.935235034106694632e-02 -2.296038179918881775e-02 -2.196958501868261776e-02 1.966501677179818136e-02 -1.606223093617705280e-02 -1.902692858416920110e-02 -3.513709996305401737e-03 5.477306578650178483e-03 -3.660416157958366976e-03 -1.682591701961452454e-02 1.207238746405630463e-03 -1.266676319782203235e-02 -2.175983491376016956e-03 -1.624623102425253041e-02 -3.301460106348118231e-03 1.130978146766341806e-02 -1.605685883846908954e-02 -2.274692965085685879e-03 -1.941691354015940771e-02 3.928419371283518174e-02 1.949237187957101117e-02 2.893312838190785757e-03 -3.333634863806504700e-02 2.027897611759348767e-02 -1.992265008687815666e-03 2.391913122283312234e-03 -1.524869092046667908e-02 1.162298539048026505e-02 8.634921700267573358e-03 3.447034979865876234e-03 -2.034296182666029979e-03 -2.293152976484261196e-02 -1.989701163090678085e-02 -1.066848102395269449e-02 -2.743520853906951384e-03 1.903986638984683072e-04 2.471840354698739625e-02 1.050851085295262909e-02 2.166890821622478175e-02 -1.937569511376424484e-04 3.026252209166568896e-02 -3.129243267666725892e-03 -1.531727425602163843e-02 -1.478241610981931298e-02 1.009810076134992456e-02 4.638713513214817036e-03 -1.539440750483094325e-02 -4.962414672376093232e-03 -6.596817648635375057e-03 -3.750074294776649386e-02 -2.061684867023180767e-02 9.113156744333633652e-03 -3.653394929801685037e-02 -2.187624714276615277e-03 -1.595093804333179086e-02 -2.005631498728092585e-02 -2.762022305856399497e-03 1.858187810518843394e-02
1.026857093115687326e-02 8.870642222051876649e-03 1.292987601188213956e-04 -3.071976932569451049e-03 2.908208465139854038e-02 -6.832294252076807385e-03 6.596688107450702273e-04 -6.936616505198112993e-03 -9.660941815417021378e-03 1.483643338172447278e-02 -5.462541299040874973e-03 -8.666421268532042629e-03 -5.839077028759423471e-03 8.386319106849711089e-03 -3.788951226172181065e-04 2.468959685712649246e-02 2.163709977275100893e-03 -1.070999001707781742e-02 8.218658199829715488e-03 -1.885415624123055849e-03 -8.054220944664999826e-03 6.110115988634046320e-03 6.785204813580495917e-03 1.701532512553649221e-02 -5.229683396952336180e-03 3.657245645518193960e-03 -5.544059441277774357e-03 2.085778151804201959e-03 -1.641750593687430967e-02 1.734813139997797363e-02 -4.955145637001281793e-03 -9.371249138720715369e-03 -4.333992020451305632e-03 3.742469090696593902e-03 -1.081474630935573902e-02 -2.216869342490077402e-02 8.660584707942436261e-03 1.027227109137958394e-02 6.243762657454401607e-03 -1.554336677368341538e-02 3.334235371837446314e-03 3.869741167227452264e-03 -1.213824111340635996e-02 -1.685283189382929744e-02 -1.270386454852188984e-02 1.460246681672758805e-02 1.376525547872518157e-03 -1.404208985312246569e-02 -4.496047401022859429e-03 2.013087726456314151e-03 8.932062262685575710e-03 1.548509165466513057e-02 -2.186917438019381644e-03 1.328565921497034535e-02 -9.571185523808381501e-03 1.640468711800287596e-02 2.576339896017444241e-03 5.511565318285041072e-03 2.022108259056028950e-02 -5.859815529876527193e-03 -5.944357612650306294e-03 1.876581201285736772e-02 -9.155563940415145305e-03 1.536527063165570028e-02 -5.476945908098276687e-03 1.507943371836118103e-02 1.386885783893482271e-02 -1.357004602572376914e-02 2.818403147443602173e-03 3.832415720237234043e-03 -4.182459641209218884e-03 1.448077485486254021e-02 2.747929892366718363e-02 -1.269198575535966829e-02 -5.654166740006245917e-03 -2.139656763268489408e-03 -7.711131505049281017e-04 2.151556594335046670e-03 3.129013362902923791e-03 -5.752614171224033728e-03 1.212435298604003925e-02 9.531434435672300406e-03 2.615682125984164497e-02 1.939253080858439242e-03 -3.710079227124846515e-03 -5.099168693819011201e-03 4.959457072487273794e-04 1.164879800986087267e-02 4.571366627704055718e-03 -3.617691763049682603e-03 2.729151032658002577e-03 -1.302068326175890439e-02 8.286398497639792813e-04 -8.492872398439503881e-03 1.220443983078630355e-02 1.888892321304520838e-02 -1.837198786457223520e-03 -2.749805656128234774e-03 -9.234785703884241387e-03 -1.865211093798903623e-03 -1.325780055736428681e-02 1.210497525591034372e-02 7.570674207635039480e-04 -1.125112215355738958e-02 2.004827753280705172e-02 1.971692581261188376e-02 4.772433422107457681e-04 -6.208002534342920396e-03 4.193530679436046488e-03 2.203582677505776244e-02 -3.705054207833344444e-03 -3.234580747446728997e-03 -4.355675727893908167e-03 -1.185119587406567240e-02 -8.643479131078756275e-03 1.543580043727902674e-02 -3.848409825814266480e-03 -4.325467714599195296e-03 5.677104654672827759e-03 1.143492545607471475e-02 -1.938758334813458703e-03 -1.612259763734997728e-02 3.968852984422940010e-03 -1.858688101435210585e-02 -7.389726109629896414e-03 -6.047147722468892983e-03 -2.014240622798826874e-03 -1.536657402394831645e-02
-2.853822238130071867e-03 1.406236584056804600e-02 7.869986713891689509e-03 -1.686753301906592992e-02 -6.832294252076807385e-03 1.958129935463232343e-02 6.487294095965602872e-03 -9.933584636616178687e-03 4.738986532034548949e-03 7.313698406185681865e-03 -9.596247754645586278e-04 6.973517379574776381e-03 1.882699911588292876e-02 -8.354501675631682833e-03 1.031890441040661174e-02 -8.033399219922061614e-05 6.040707659161256154e-03 -6.994119599933496141e-04 1.574143301965375344e-02 2.026770185083491896e-02 -8.646858740509971372e-03 1.142501312399802141e-02 2.027858336367143236e-04 3.348800627176713642e-03 7.030867035290045731e-03 -1.294143813222961180e-04 -1.400470108931610273e-02 -6.879151723301062289e-04 7.903742762030360747e-04 1.006274505276520334e-02 5.536621470113098223e-04 6.190701138112086714e-03 2.029563092963162022e-02 -6.193412492096598415e-03 2.015930955404761360e-03 1.056650370586376814e-02 -1.043023230497673159e-03 -7.484189801687752240e-03 -1.000355893669734909e-02 5.091210881737381335e-04 -3.296999626374349200e-03 1.344641111010696534e-02 1.410115871012406060e-03 1.039832638223300680e-03 1.608533626914030942e-02 -2.983830226121471189e-03 1.112701612179807162e-02 -5.974075370881365248e-03 1.898669674283586309e-02 -9.491904785626006100e-04 -1.565251301190464725e-02 -3.427862082283297633e-03 -1.261945497477338050e-02 1.322324783229219397e-02 2.114029532106763073e-03 -5.109989101442268325e-03 6.695197709666310696e-04 -7.232209989769612700e-04 -1.014301426697707294e-02 1.122041791274373639e-02 6.891051532985524239e-03 1.507169022400627403e-02 -9.498983868225898200e-03 -2.325584456292229592e-03 2.053951734188300821e-02 -7.134271842229586609e-03 -6.716856039764145317e-03 -5.914141454176507530e-03 2.939829242285107915e-03 4.115283502821959162e-04 -2.800695461650968502e-03 6.012453967595862876e-03 2.767763935149127313e-03 -5.448495479318192156e-03 1.846273531386473377e-02 1.941117296053954111e-02 -6.871386942727877693e-03 -5.816699503365560867e-03 1.155934464958426533e-03 1.926520223893900957e-02 -7.430687346268711677e-03 1.289983244289284910e-02 -6.395144102827503632e-03 -1.550476215774337701e-03 -2.977328696905123459e-03 -9.775462414854539997e-03 9.250505470647525088e-04 3.134691843047058158e-03 -6.239973935249536674e-04 -1.796786067738297132e-02 -1.106944604067486987e-02 9.019037321066054533e-03 1.364263354882971034e-02 -7.772126269591115785e-03 -4.881870414429136801e-03 -1.096633240276574661e-02 1.259061309149065756e-02 -9.052779460116009910e-03 4.703692329741758840e-03 2.704445540133472003e-03 4.324545138536846876e-03 6.329867254085868103e-03 1.037973021835514320e-02 6.475670486395003478e-03 -9.729912013600123047e-03 -9.850504966887578193e-03 -1.335675797682616024e-02 -2.191617338235721853e-03 -8.943045139952148989e-03 -1.038254610135496553e-02 -1.659572372836250892e-02 7.468303464183139763e-03 8.545150651251422202e-03 1.650220400889369776e-02 3.536681867373856186e-03 -3.328602709265918082e-03 1.785620899700775602e-02 9.022198568333021640e-03 -8.899315155910070968e-03 1.345167057705711627e-02 1.012520915518427822e-02 -4.699570027689200027e-03 1.493201815197969969e-02 1.204068719449244429e-02 1.922068530659751945e-02 1.105354833579092096e-02 9.799420697221459479e-04 -3.526737420237668723e-03
6.197255601252861339e-03 7.614448885933699021e-03 -5.126160545340092793e-03 -3.707765551053862716e-03 6.596688107450702273e-04 6.487294095965602872e-03 2.487515417713949753e-02 -1.906232008231511024e-02 6.417261901241184605e-03 -1.143742104354391470e-02 9.454706037663747342e-03 -8.768015080062797201e-03 4.561488365944950385e-03 -1.624509787015940288e-02 -7.341467297763993975e-03 1.307338840594744062e-02 3.200707104414570858e-03 -3.036551147629528574e-03 2.125649647313737969e-02 2.552076384298830949e-03 3.896088350865601138e-03 4.561012791412475190e-03 -1.051031522081471124e-02 2.965876392718883991e-03 7.355846052935930031e-03 8.773533459923339023e-03 -3.605080509489363115e-03 2.439440164389210589e-02 1.025497769849319230e-02 1.585119696036058068e-02 -1.410174866039121816e-02 -3.023510136464507966e-04 4.375664439115349580e-03 2.002083512647714197e-03 1.492183228904090699e-02 1.101645683199533807e-02 -1.820588159146766319e-02 6.697352940019688124e-03 -2.627313150815276110e-02 1.013882211824213529e-02 -2.141586052726977135e-02 3.597341459112171885e-03 1.702897601586352005e-02 1.113428472777381467e-02 1.513664955607070886e-02 -1.144105927022555196e-02 4.747127667240963293e-03 -1.098983471183516891e-03 3.681592922172177186e-03 4.450771683393346320e-03 -6.133374977931599879e-03 -1.217795847929714279e-02 1.753584249488346737e-03 1.084458932827140351e-03 1.571686473632642744e-02 1.442854424833701563e-03 -9.150541579231599525e-05 -1.274242117037863165e-02 -1.246538912223892764e-02 2.663935110958340347e-02 -6.716212225640874091e-03 1.440633227215780063e-02 -1.708245680871482014e-02 -1.209852022505405501e-02 9.359964270333800615e-03 1.956613309388861811e-04 2.483150600195901166e-03 -1.756756146405689945e-02 1.380521733148766094e-03 -1.542490306744928596e-03 5.794990966357881600e-03 -1.284452428853264695e-02 1.381831861331090337e-02 -1.711155039906995384e-02 3.141660979552816577e-03 5.760367166916036293e-03 8.713457659762106899e-03 1.236265433730849433e-02 3.223026492315917563e-03 3.408505493802158927e-03 -1.421954926614725718e-03 1.921711066996705311e-02 -2.706414669955681647e-05 1.243260022791839274e-02 -2.398559472399651275e-03 1.528806467063345423e-03 -5.923310359447939502e-03 3.757176680243441529e-03 1.354071008210681187e-02 -5.184404609969254889e-03 -7.690018062610701199e-03 1.293354354597430226e-03 4.911543038863936360e-04 -1.182439712601633316e-02 -5.170829104773755477e-04 -6.469028898787825346e-03 7.155791979535604426e-03 -1.193445168662520851e-02 1.843076229245746087e-02 2.264858733752754863e-04 1.776195480624070261e-02 -1.238351764268353673e-02 -8.909886331802780238e-03 3.275431778000496038e-04 -1.125380313930661458e-02 -7.039804368182925320e-03 2.327009264021472328e-03 2.384780754709538760e-03 2.775210294561503404e-03 -6.955434674503864143e-03 -2.115814900706702861e-02 2.403519988683553224e-02 2.468273195664790788e-03 2.022134752914984956e-02 1.930731403220722897e-02 -1.118463073398721572e-02 2.598750175347168141e-03 -4.563162115956236747e-03 5.101284215447267865e-03 6.993626505313399813e-04 -6.193113048194929908e-03 9.880953256267482540e-03 1.343505423388324229e-03 1.200731080575045788e-02 3.248091608908573562e-03 2.569362636460992624e-02 3.307963591490345120e-03 1.223852755956753025e-02
-7.369438878423871693e-03 -1.626333911510715116e-02 -8.309552928493143045e-03 1.006499932800463369e-02 -6.936616505198112993e-03 -9.933584636616178687e-03 -1.906232008231511024e-02 2.340502068795731472e-02 5.839132654564076468e-04 2.929189634563708665e-04 1.288599357483805009e-03 -4.406686533484065345e-04 -8.723368302793320372e-03 5.855450488321248780e-03 -9.841838171011580219e-04 -1.398950820253290657e-02 6.673219012241882837e-04 8.999711622920724199e-03 -2.154228740439894166e-02 -1.040507653331165620e-02 -2.735624504902765299e-03 -1.055871027699159699e-02 -4.083045983465192087e-04 -8.097786359437423448e-03 -8.946459706907194595e-03 5.585039162347928045e-04 1.135100081244538525e-02 -1.267898921118433206e-02 1.084191987461065494e-02 -1.506435385069948736e-02 1.235664299202826263e-02 -2.690777906137531861e-03 -1.048339653105315530e-02 7.266578103592783756e-03 -1.345077928730072613e-02 -4.440100469949384739e-03 4.350494903171886994e-03 1.141020159206573837e-04 1.248737728809143875e-02 1.115700061900553458e-02 1.629933776213471699e-02 -1.019531396987023719e-02 -1.318577675919936631e-02 1.068557526547607960e-02 -1.432941825357766409e-02 -7.534236638439138073e-03 -1.708445016925146109e-02 1.170018181369593402e-02 -9.050364081964761345e-03 -3.124904012517080217e-03 1.086215277125120345e-02 -7.450918598414605146e-03 5.546519621023160602e-03 -7.570362260279844303e-03 1.976531976676881418e-03 -4.873458671902071090e-03 1.992880207872349801e-03 8.869037103868201988e-03 5.286154067177990974e-03 -1.351733663026310345e-02 -2.863843398638554923e-03 -1.854735355937593005e-02 2.361233689412848419e-02 -8.380872508571238222e-03 -1.728193251684036549e-02 1.110756118903937981e-03 4.760601613013108963e-04 1.898921730055486493e-02 1.983783978594891133e-03 -2.285320988411526644e-03 2.573404106297504275e-03 2.441093540071616417e-03 -1.647672043046145146e-02 1.823981246960863431e-02 -8.073427308594742849e-03 -1.072268059738178993e-02 5.428385782415373791e-03 -8.678382793139781393e-03 1.908499106860682979e-03 -8.379758790559539011e-03 3.225402496961688424e-03 -2.434213979314812232e-02 -4.712199694163049339e-03 -4.239602396544483315e-03 6.081543846076993857e-04 1.670820338204814359e-03 -9.122868484908174284e-04 -9.181644894002766871e-03 -6.869954993900052702e-03 1.093760347652886905e-02 -1.420455393742995178e-03 -9.440291232265508869e-03 -5.716641158349205880e-03 8.507798545129249476e-03 9.685036455840243972e-04 -5.281123803536120652e-04 -1.874975044082761305e-02 2.103028053163275013e-02 -5.178509047045283878e-03 -1.058963070562103474e-02 -1.372100682821313956e-02 2.250655065723375804e-03 -1.286265102947015257e-03 -1.598794409731412814e-03 4.094327539010395381e-03 -1.299532900228817433e-03 -1.091618839262059300e-03 -7.492952084284638069e-03 7.375199447460293461e-03 -2.046882284875174967e-03 1.930957532512253896e-02 -1.285634480240091353e-02 5.270706482213932849e-03 -1.798199876745537606e-02 -4.895227787686542986e-03 -7.972489165122996144e-03 -8.270448034292172956e-03 -4.030356523362428611e-03 3.948696391607339241e-03 -7.432259360420767971e-03 -3.924468498831959538e-04 -3.078240607381225384e-04 -8.594196293988795241e-03 -7.778084654409632599e-03 -7.707401295716721085e-03 -1.209528597587509850e-02 6.961864457516894061e-03 -2.501485846048946953e-03
1.170663051681086406e-02 -7.866152485685820941e-03 -8.795679610577727958e-04 2.417218557195944823e-03 -9.660941815417021378e-03 4.738986532034548949e-03 6.417261901241184605e-03 5.839132654564076468e-04 2.087095813530249686e-02 -1.419478412676877972e-02 1.662741894002554410e-03 -2.524523121931182470e-03 3.926721335366166465e-03 -1.158235922027992231e-03 -1.774694555181676597e-02 8.466263664579813187e-04 2.672184292156093779e-03 1.402417757126255340e-02 2.590182975221867138e-03 2.768754944523766064e-03 -3.699532777116929134e-03 -8.917706358896685878e-03 5.156526694972656932e-04 -1.821889637847627728e-03 -3.603892680670760674e-03 5.349736808936908679e-03 7.777314688440300008e-03 5.288953376614799126e-03 1.208252629838858956e-02 8.037743696530303891e-03 -1.229696520900964117e-02 -8.654438977621354070e-03 4.016104325182861048e-03 -2.737734397688610689e-03 4.813950017224300978e-03 1.817625533976891319e-02 -1.350578140856819459e-02 -1.095616273274935227e-03 -1.177171803051671288e-02 1.302084708167783149e-02 -4.026872451287770958e-03 -6.847059734996688470e-03 6.990350445789449835e-03 1.307533388740101006e-02 3.178021712747865993e-03 -1.241999931397647604e-02 -1.795967539821374977e-03 7.899404126685348471e-03 3.998771344577849683e-03 3.893662274157761371e-04 -1.176972922690465960e-02 -1.229945052321296944e-02 9.532500522391971001e-03 -9.995866631699649139e-04 1.557915428097330496e-02 -6.989304218078285467e-03 -9.324820095988394040e-04 2.914966605910498162e-03 -1.867451249649413475e-02 1.119525335633563511e-02 -3.436429895077937509e-03 7.502072482538879768e-03 1.767116102320665611e-03 -1.311817406744174991e-02 -3.105075509547779947e-03 8.548191557883499936e-03 9.782708002060389388e-03 2.341449237531008538e-03 1.274150082750674304e-02 -3.033855990275493783e-03 2.238024052378283918e-03 -1.545750492203470591e-02 3.519220221807510280e-03 2.102788766968899381e-03 4.317234663798346674e-03 5.939258437278578141e-03 9.007808185091693018e-04 9.639547775591903248e-03 1.418883305958859933e-02 3.720823200322768195e-03 6.641809501937243759e-03 4.030681087413088962e-04 -9.599212958879974750e-03 -4.066111572122694563e-03 -3.823131308933631618e-04 -4.789418567383170108e-03 -4.429655678641513002e-03 1.235391128779955196e-02 -5.407594379858550807e-03 3.733881444954893769e-03 -5.839291914106407681e-03 -5.006980040042325643e-03 -5.032870332279101855e-03 -5.282672796547090849e-03 7.684309788370084771e-03 -9.515679110350399802e-03 -1.140826316868697734e-04 1.043520088798675949e-05 1.256883036879551802e-02 -8.609845242880217325e-03 8.505311399916880635e-03 -1.582130807369151043e-02 -1.887562272464146651e-02 -3.534512930656734039e-03 -1.907761467648356329e-02 -1.040869111761913088e-02 -1.021754773869523519e-03 -5.573050726953385041e-03 4.688765743400161862e-03 -1.079528228897053653e-02 -3.901049389370019483e-03 1.153756435376680420e-02 3.734321061504869855e-03 7.348887935773455379e-03 1.409774995455043319e-02 -1.207225530719827078e-02 4.741477887125701909e-03 -1.332068613707617678e-02 4.433638209901114691e-05 -8.843137913279353231e-04 -1.479670199923218549e-02 1.204960923062245448e-02 -3.182695720680142875e-03 1.782774472725183468e-02 2.788183227759716970e-03 1.096120273580452643e-02 1.073944961364668195e-02 1.408896637002366413e-02
-1.060705052053582086e-02 1.322078233693723022e-02 4.440697567784118727e-03 -2.494996829155450221e-02 1.483643338172447278e-02 7.313698406185681865e-03 -1.143742104354391470e-02 2.929189634563708665e-04 -1.419478412676877972e-02 3.513599222712979198e-02 -9.422176868734997990e-03 6.439306342800932281e-03 8.580143054727096263e-03 -4.125012905263799635e-03 2.455404185649328816e-02 1.066114332040917281e-02 1.694824792462814797e-02 -7.921326587780339393e-03 8.401376965000715083e-03 1.309567910335741533e-02 -1.971992253607690940e-02 1.434758048534980589e-02 8.082822060162683786e-03 1.739488523783375151e-02 -1.366422360116770554e-03 6.549795989219911463e-03 -1.653862224993961003e-02 -9.986365125405557985e-03 -1.262107909113190270e-02 1.116937090751566990e-02 9.456422537860439265e-03 3.857378272807959665e-03 1.077112571992616848e-02 2.042796551116748526e-03 -1.705898925785490419e-02 -2.152853411520778276e-02 2.413434458147990097e-02 6.320028089794171335e-03 8.291011670353308494e-03 -1.298914554455472652e-02 1.306400180524715758e-02 1.581624279037423253e-02 -2.032436177179410691e-02 -1.351787544331650021e-02 1.151519389014312453e-03 1.154444510728290345e-02 6.088599800115018605e-03 -1.974757371323963145e-02 9.762709853261207840e-03 -8.413955693590682156e-03 5.703021143378433216e-03 1.186060001935117063e-02 -1.970901510824193958e-02 2.982775541254686566e-02 -1.705610928337675594e-02 1.197099641912311146e-03 -3.258185530712840675e-03 6.138452831606767794e-04 2.144111526910643523e-02 -6.280874397633075430e-03 8.205130837347559061e-03 1.692851494368322746e-02 -1.211742948768753910e-03 1.298262252354451946e-02 1.459892773789734331e-02 -2.847380107946167246e-03 -4.575277336270093358e-03 -6.091575750594937881e-03 -2.483162380409087606e-03 1.194890840867238180e-02 -1.501388162588365022e-02 3.516068658636872096e-02 1.393198040284796685e-02 -5.343913025335147657e-03 8.680126330676447843e-03 1.014632086153036995e-02 -5.226027647286469492e-03 -1.417971528732528581e-02 -5.843931317955099874e-03 9.491173124531071537e-03 -3.275876608484106466e-03 2.297783975998524044e-03 1.442729053592924603e-02 4.277540094512752473e-03 1.503265381961443750e-03 -1.305183305003493159e-02 1.276037268887004507e-02 -2.525464547463478898e-03 6.891396006327912306e-03 -2.567695854862139457e-02 -6.820646072108152436e-03 -4.961604861568388349e-03 2.350926364433970905e-02 -8.942459775062758590e-03 -2.071045630900031093e-03 7.310816926696588752e-03 2.453188260050797546e-03 9.579152516363077579e-04 -2.007799255939452659e-02 -2.043253584595299769e-03 -1.825304573536171149e-02 3.405616373135540720e-02 2.592071096390227009e-02 1.335792561077106359e-03 2.174403093746029442e-02 9.759337783431127136e-03 -1.697383072693952472e-02 -1.005296655994101021e-02 -1.238010713006431306e-02 1.067154403883724054e-02 -7.540795880973169725e-03 -1.340528053716185351e-02 6.962023860817554734e-03 -4.422103706522292205e-03 -2.185894623903657935e-02 1.117527717988730726e-02 9.008222447313789932e-03 1.346481853449581212e-02 3.740761614408516685e-03 2.893304111331922515e-02 2.265150516229986338e-02 -2.569830098298996057e-02 2.538692405887658932e-02 -1.825746587902110293e-02 8.920220282423922328e-03 -5.720653953958200651e-03 -1.951716461036282868e-04 -3.130288746522716381e-02
-1.311957612284749171e-02 5.524979833190850689e-03 -1.450157237740913596e-02 5.507073461185852878e-03 -5.462541299040874973e-03 -9.596247754645586278e-04 9.454706037663747342e-03 1.288599357483805009e-03 1.662741894002554410e-03 -9.422176868734997990e-03 2.745571280370339567e-02 -1.088320980141862376e-02 -2.751065650146702988e-03 -1.685139604424261764e-02 4.581677820569410309e-03 -5.955855044810831611e-03 -1.036169294077721572e-03 -6.157761636933943399e-03 1.030773190978638391e-02 -5.837735920442511418e-03 6.038621114644877018e-03 1.033903921521750133e-02 -2.853122168942566136e-02 -1.561788795088397616e-02 7.264132385010160439e-03 2.115401662192656438e-03 -7.247826542375448121e-03 1.650379316017589262e-02 3.186714755177271624e-02 -1.437314637523883594e-03 1.070170819680029035e-02 4.043011650912218223e-03 -3.223370091319498545e-03 1.074308150714158548e-02 2.854614035389680120e-04 1.132014315834207162e-02 -2.044827958475046656e-02 -3.735062531193392155e-03 -2.535189058305653553e-02 3.041350381735833178e-02 -6.268828229289870671e-03 1.038692244778547519e-02 1.844724904465414083e-03 3.234504905069587877e-02 3.285606626748341537e-03 -2.799062873015433633e-02 -1.551763400264598650e-02 2.314323582162182077e-02 -2.983477073691017702e-03 1.176703047729661883e-03 1.328659422424947499e-03 -2.997269084703677033e-02 -5.593499940665463098e-03 -1.165662512654060991e-02 2.962969949405789422e-02 -1.279455332210063800e-03 1.654821850250691451e-02 -2.661967292404692799e-03 -9.656041518346267574e-03 2.548404363119077115e-02 -1.247310401051265373e-02 -7.248795218315368105e-03 4.680088740362567910e-03 -2.830720400718447077e-02 -5.031374420642456546e-03 -6.957586689723186529e-03 -4.306061441681021534e-03 -5.558681099599403590e-03 3.648251308699263125e-03 -1.582858888768063840e-02 2.047818211838310642e-02 -7.725240207515246711e-03 -8.757164602090989486e-03 -5.523527141176066795e-03 -3.527070556547196988e-03 -3.260279083508162666e-03 1.504900416237633758e-02 -7.509575521133447264e-03 3.477477942452747439e-03 -1.014638673466320687e-03 -4.471663475652932693e-03 -2.168698706474610140e-04 -3.319655785084775750e-03 9.519949605191695141e-03 -1.586396507763608923e-02 1.105719172169632343e-02 -1.774156551819328770e-02 -1.798435975998304362e-02 6.976924295947713184e-03 3.012396880257276442e-03 -1.850787065602332512e-02 2.217691343815179818e-03 -6.123585689239458008e-03 -4.166124197005180614e-03 -4.988700008720802284e-03 -8.091307195637751498e-03 -1.331515318813531433e-02 1.014804206452083780e-02 2.415705249737809535e-02 -5.624439224938546263e-03 3.430694103245680426e-03 -7.342249844775590971e-03 1.324515631132698254e-03 1.212983031857247859e-02 -9.526395905915892651e-03 -9.936064147422487072e-03 -4.199510729904596881e-03 -3.403940046309598347e-03 1.319686155639115434e-02 -1.061407177070225472e-02 -1.448147504080265352e-02 1.915345006133935962e-02 1.856343430616754289e-02 5.589122378914908318e-03 2.334411917618708920e-02 -2.907695244628665660e-02 -3.792222043112134129e-03 -1.325243137853969163e-03 -5.091662415225648840e-04 -1.164790620329582589e-02 5.281405604356905099e-03 9.428790782149757549e-03 -8.291564202610795728e-03 6.894955092997899666e-03 -7.722339632953398618e-04 2.684186771819786071e-02 1.819093047225656470e-03 8.662230442758950960e-03
-4.946788358636324337e-03 5.218275026739738545e-03 1.230341326541955355e-02 -1.231834625518020594e-02 -8.666421268532042629e-03 6.973517379574776381e-03 -8.768015080062797201e-03 -4.406686533484065345e-04 -2.524523121931182470e-03 6.439306342800932281e-03 -1.088320980141862376e-02 2.212573518014681467e-02 7.842938682941504383e-03 5.999692506870131850e-03 1.159344047351451926e-02 -1.015580641409163411e-02 -2.573668088522617498e-03 -1.836227192101587196e-03 1.222780061410332628e-04 1.060811310325924552e-02 1.774814228669131474e-04 5.128530510180116971e-03 1.093746644172567672e-02 -1.785001525583277673e-03 2.812602729547344178e-04 -1.265592336873835183e-02 -8.694503971016079302e-03 -1.115706180211899559e-02 -1.494300622368522659e-02 -9.678905212903356203e-03 4.542429641098666947e-03 4.025523876419767090e-03 1.013245973773541433e-02 -8.804000348025333572e-03 5.663815672878153365e-03 6.476436595382128493e-03 1.638041672047775912e-02 -1.324185135056271320e-02 1.025801270413089807e-02 -1.592768564624144970e-02 7.188277658609322322e-03 9.218474048596868656e-03 2.969939162510503751e-03 -1.529534426421617736e-02 4.845672811412349290e-03 1.388787579591384963e-02 1.921407256447998230e-02 -4.719230400498151609e-03 9.343427675624368586e-03 -7.221781605029092832e-03 -1.373727983579214537e-02 1.366030388199599571e-02 -1.083117205462581605e-02 5.097748145927480205e-03 -1.441668535135798464e-02 -8.029016357457667563e-03 -5.821818662232015190e-03 7.318231104889139603e-04 -4.430412353304775085e-03 -9.163334554663678244e-03 2.138021082519898572e-02 -2.904337469434331142e-03 -1.587841085627879562e-03 1.548117749110094338e-02 1.239248065896500148e-02 -4.961841332928945518e-03 -6.021753028538698663e-03 2.336424867420410108e-04 -2.353753525025254270e-03 6.014950307432952170e-03 -1.252618313110470151e-02 4.977748709623276528e-03 -8.426353759074217686e-03 4.097522187636730190e-04 8.775374323927555634e-03 7.609105141273120494e-03 -1.273214529554972732e-02 -6.335612945814201279e-03 -5.016344208132881427e-03 9.241826239260149747e-03 -4.354326271883704295e-03 3.227124470800638977e-04 -1.005245046387036496e-02 -6.430612215881798162e-03 5.015940920327274441e-03 1.397985109301941005e-03 1.243041936552858988e-02 1.699391909142303507e-03 -6.268542142560595484e-03 -1.082510266474818843e-02 7.218481674086847655e-03 1.482091685006379708e-02 1.062281593697330870e-02 8.110312717824167891e-03 -1.776938536743262508e-03 -1.211117046965594064e-04 1.911513068159280057e-02 -1.174088044906627590e-02 -1.402301957663385640e-02 1.396938076570141893e-02 4.064579566714150022e-03 5.884038382124036695e-03 1.268704277768006872e-02 1.238480658564789123e-02 -4.126006809525814209e-03 1.247209127466869299e-03 -6.986858893460772685e-03 9.518312449067211495e-03 -2.069178893774203595e-02 1.061901915402386782e-03 -2.763260478196489264e-04 -1.284111681319275236e-02 -4.625563554444632637e-03 2.826469930603625266e-03 -1.630254986127609509e-02 1.342251134481226536e-02 9.070775520611728746e-03 8.462463908543667312e-03 -1.288389004499499065e-02 7.009967753948285508e-03 1.103709825620358652e-02 9.048062943268153852e-04 1.228622424263820651e-02 7.855997178901671235e-03 8.495471086177631970e-03 -9.838039171886268919e-03 -1.235847688111993241e-02 -4.011229037482455344e-03
