5.924134993894786261e-02 1.860766388802883101e-02 -3.748583083927673615e-02 1.712384561020355994e-02 -8.182700640725178859e-03 -3.665990109142486242e-02 4.712921425659538643e-02 1.760629549900464066e-02 -1.825594145109448591e-02 1.641069769375147133e-02 -3.404958269789077480e-02 -6.603334273755839812e-02 1.148927918919622794e-02 -4.546536278138069154e-02 4.341204154451883124e-03 2.833175996908322836e-02 3.556642179834011708e-02 -8.722685316240137363e-04 2.257360792309879780e-02 5.880818043166933032e-03 -2.950963680106723219e-02 4.236055381951315049e-03 9.909476095840009935e-03 2.335520380763808634e-02 3.259137367012103492e-03 -4.650392231027792103e-03 -2.834799901928788599e-02 6.277326618029102634e-02 1.043015918132931055e-02 -3.312571558427111762e-02 3.532844594388234033e-02 -1.410929108430141431e-02 -2.831700897793525823e-02 -4.479108435479423056e-02 1.439861354871545523e-03 -5.013214420292796437e-03 -1.473617943958023015e-02 1.113674571342171057e-02 -2.663749481200012540e-03 1.687660013493692823e-02 2.194821700135967182e-02 -2.820773614666342854e-02 7.118494187059181896e-03 2.860267081014043235e-03 2.126782487416632901e-03 5.497390499362134111e-04 5.813108820231740331e-02 -6.142821762211273656e-02 3.387737705415378494e-03 1.764270293528012734e-02 6.208262429272241867e-02 2.671552672070160242e-02 -3.255640159363564629e-02 -1.925325519337586040e-03 -9.650533748633472256e-03 -1.530875982644034142e-02 -3.823411850055341565e-02 -3.233111111833560092e-02 1.403598647774409285e-02 -1.154189477254603975e-02 1.470930331998306778e-02 4.181051905834416021e-03 -1.729362587006166158e-02 5.068361035605576520e-02 2.100592598430561092e-02 3.546172024346018470e-03 -2.479040169254592349e-02 1.370828801957955402e-02 -7.682196793168955505e-03 3.347462030284776430e-02 2.811350548862289606e-02 -7.373532992636593064e-03 2.840252341730420058e-02 -2.602392746792437858e-02 -1.394456951310543875e-02 1.837388692820699290e-02 -2.905802830668326089e-03 -3.560789866480917887e-02 5.441395053015087892e-03 3.823040574125328214e-03 -3.111373280011218642e-02 5.688740428120173803e-02 2.166797417282266287e-03 -5.391612990263341433e-03 1.475001190848196364e-02 6.054542912465667691e-03 -3.578462322566285103e-02 -2.604819819797617349e-03 3.487694705383469901e-02 -1.512188483256536424e-02 3.770500297328584910e-02 -8.450251052419224113e-03 4.998400888947252679e-02 -1.507754113295261579e-02 1.062416645343793563e-02 -8.387211771266528393e-03 2.771760354868604836e-03 -7.755856623987205864e-03 4.801763919518459980e-04 -6.749042657655116365e-03 -2.887185514094764080e-02 5.410856969878877210e-02 -2.813588652195802772e-02 2.051127317279699200e-02 1.825682842039503054e-02 -6.617131993835051636e-03 1.500245615551554484e-03 -2.501772807444920324e-02 2.879524157785014540e-02 6.449126744039103409e-02 -6.799212657452952981e-03 -7.492740470649899599e-03 2.049064967281832156e-02 2.811414889778465417e-02 -9.742100297143344717e-03 2.563765335978141283e-02 1.109317526180652290e-02 8.423657576251609991e-03 2.228375754571571693e-02 3.557058717599459116e-03 3.655190014319358721e-02 -4.444146949506727097e-03 2.387523244456130067e-02 2.344006445499972457e-03 1.389925283548031423e-02 1.923319660257235110e-03 3.422973118333401833e-03 -9.089757106563994132e-03
1.860766388802883101e-02 3.464894395786943110e-02 -1.936382778114218578e-02 2.424093193106067676e-02 -1.336327543796757104e-02 -7.470093764499536292e-03 2.764496026783668653e-02 -1.697034230447874367e-02 -2.293233428100597063e-02 8.148497027743341684e-03 1.931887433334647758e-04 -1.891434937576470451e-02 3.811859124121811694e-03 -7.628410808383816015e-03 3.176390168146344360e-03 1.909106503988409684e-02 8.014807602915880944e-03 -2.537103035664256198e-02 2.219828969451671102e-02 -5.184194354907247296e-03 8.799005857455358820e-03 -3.196811948128389525e-03 1.066302137537274673e-02 5.532589978025221657e-03 1.625195300820407281e-03 -4.186660768433034821e-05 -7.959861401772769934e-03 2.133507510292465686e-02 -2.218840512360248721e-02 2.301153217106325548e-04 -8.103074797144007094e-04 -6.327891403143762715e-03 -9.434639496715769083e-03 -6.701211141045481171e-03 -3.125339535138847019e-02 1.161206216363089468e-02 8.269320512539951595e-03 -1.965618010586387202e-02 2.296586603418210130e-03 -1.864635276647683138e-02 -2.854492615582580276e-03 1.121951051275416143e-03 6.662854034483339967e-03 -3.355929876719739025e-03 -4.240686544621668531e-03 2.390814582460219426e-02 1.470323754659294026e-02 -2.577833211687807768e-02 -5.920412429348247824e-03 1.488138657165469746e-02 1.622889200783746502e-02 1.582014703591547167e-02 -6.554988665756179660e-03 -6.280546867860657169e-03 -2.353388422515652681e-02 -1.036326637133268844e-03 -2.053233771011641479e-02 -1.538227506516269202e-02 1.255377755874535067e-02 5.709684380813461087e-03 2.259373814813338179e-03 -6.773047690523643395e-03 5.509480701906270712e-03 2.481616169989517284e-02 -5.764804034891447479e-03 -4.361189163860072771e-03 -2.471912856163251994e-04 5.189123853408615823e-03 -1.344156305114254865e-02 3.287654140320383014e-03 -4.264327643448181937e-03 1.336668284598663443e-02 2.375671743392937865e-02 -6.261345212798577128e-03 -9.615814587296865959e-03 5.732081844158879932e-03 -3.307582997763794538e-04 1.827588524946089905e-04 -1.087281640939855932e-03 -5.528792075947120375e-03 -3.468348056379748356e-02 1.877872348010933834e-02 1.009233798672781344e-03 -2.337075228099090921e-02 -1.579346808832867224e-02 2.228372298948085722e-02 -1.350232049756466780e-03 8.779490832222685767e-03 -1.883756050303947958e-03 6.749300053300920713e-03 2.183695926029175644e-02 2.761005882494258282e-02 1.755291635555220053e-02 -3.164184359060432002e-03 2.925347340596436922e-04 9.152428742439651203e-04 2.166694160831861976e-02 -2.361103177838867057e-02 -7.882319068726153719e-03 7.649909894096878875e-03 -1.494293091862119484e-02 1.836240960628465063e-02 -7.470381127425943825e-03 1.364211832907759629e-03 9.860054215434605959e-03 5.605044195331684853e-03 1.583221886582900431e-02 6.313672993503405620e-03 8.273824053714014725e-04 2.273657529635468577e-02 -3.237513556657385140e-03 -1.867578855449477044e-03 -7.551566679015674424e-03 1.784762306885981017e-02 3.940164067693063300e-03 1.627124095669938222e-02 -1.258407696087327984e-02 3.425130136261425595e-02 2.896722978151038044e-03 -2.234524626027939095e-02 1.882223354868083412e-02 8.128568055360026537e-03 1.387979278217896240e-02 -1.153540592852188469e-02 1.065052247340315256e-02 2.590660728798032525e-02 -1.415654555700686552e-02 -5.687307835536108136e-05
-3.748583083927673615e-02 -1.936382778114218578e-02 9.876504963043114538e-02 -2.215932085039584373e-02 -2.875095407915830709e-02 4.879006239850737503e-02 -1.509937051224369796e-02 -2.406723687953810607e-03 1.585136612269165413e-02 -3.296428346142152993e-02 -5.103715287089381986e-04 4.963727507779932407e-02 1.733035993250334195e-02 5.084076150569061259e-02 -7.916481698988028434e-03 4.429371528544206321e-03 -5.252158752573185541e-02 -1.959770536743412131e-02 -2.040473801630473746e-02 6.018158764995793289e-03 1.224316769015984692e-02 -1.772113420940448977e-02 5.902728896168703797e-03 2.473066441507479341e-02 1.551806633768553281e-02 5.430213658093503877e-03 4.922059656500672731e-02 -3.847250936647161196e-02 1.477835690557774244e-02 -1.057620747964294408e-02 -1.849780648831012009e-02 -3.827841631392779609e-02 7.791824009159407927e-02 1.286387570778031557e-03 3.153219630138191700e-03 2.551048706397774507e-02 -2.229666527182441044e-02 -1.432835033996864189e-02 1.593166595259481663e-02 -8.749995130304975138e-03 -2.133561474019014456e-02 5.652323330706354731e-02 -1.620004132639640479e-02 -4.065079639910813142e-02 1.239348839841874139e-04 2.665985784902417943e-02 -4.933902942581681883e-02 5.927203013545776639e-02 6.933732549418280579e-03 2.837721515137236680e-02 -4.604358266201748900e-02 -2.162257700192553311e-02 4.929536084272244378e-02 -8.238240516667789254e-03 6.490592944798223574e-02 -3.641944024423542786e-02 1.251569521363981446e-02 6.232253627774111959e-02 -1.819068325024756488e-02 2.022359957956369747e-02 -3.297602238115568407e-02 -2.018843451105395426e-02 3.040032970058118705e-02 -6.501328473476204739e-02 -3.072879425605913248e-02 2.177996438847165823e-03 2.102473133743358938e-02 5.275853834067682768e-02 2.827144030257430080e-02 -5.423717719409425903e-02 5.351179218140296803e-03 -2.836966215100462582e-02 2.875944862260377405e-02 3.288378934840445467e-02 3.670567291978887869e-02 4.468435247625688819e-03 -4.993692899599962327e-03 -9.631588489094181776e-03 5.602090176931014132e-02 1.096236813118253023e-02 6.835799453637540768e-02 -2.753055281158596837e-02 4.255964310409450502e-02 -2.623190408980110092e-02 1.509842693842658110e-02 -3.788713941337483633e-03 -3.513289300842388063e-03 5.797181821347696662e-02 -6.563932915967471415e-02 -2.445588396607403445e-03 -5.123662311796986502e-02 1.442116664609573769e-03 -3.896174668191032531e-02 -2.835703450816179708e-02 1.859322408571861818e-02 -7.594445172495137980e-03 1.465168155462251258e-02 6.690569325207670892e-02 1.017290535340269718e-02 4.508081294729076455e-02 6.635621538158396893e-02 -6.274355135418209495e-02 3.420517750915350735e-02 -1.549005493709972037e-02 -2.171334958020712178e-02 -8.108125877536726325e-03 -7.387487717742244526e-05 -1.880248273915680404e-02 -1.555493544981345969e-02 -3.947704726322354141e-02 1.341339338652281464e-02 4.276953655444214880e-02 -3.570979606091942427e-02 2.314191908702117884e-02 1.836145308900061918e-02 -4.096891611804992506e-02 3.633816972393347222e-02 -2.367186749111722596e-02 -5.962654994294334931e-02 -1.828941522285908172e-02 -4.597253791685693147e-02 -1.315708033476310421e-02 -6.287577098648342022e-02 -3.061751201436796748e-04 3.409461156777454649e-02 1.441002933777032688e-02 4.901118646847218985e-02 1.455856924460926030e-02
1.712384561020355994e-02 2.424093193106067676e-02 -2.215932085039584373e-02 2.915713782456792399e-02 1.954685275662129305e-04 -2.600908659060221367e-02 1.468251722511303321e-02 -1.839911832876566997e-02 -8.066613605287693486e-03 2.502932831071959588e-02 -5.929080628723597257e-03 -6.958724024300637356e-03 -5.490242771823101303e-03 -7.420780142958806336e-03 8.107852849553101940e-03 6.443096293331664233e-03 2.846721089074244482e-02 -2.634424512524258070e-03 7.891315046626630816e-03 -1.706211362513307406e-02 1.240571916462192455e-02 3.085230175540183088e-03 1.153470522123853370e-02 7.691655442416206467e-03 8.289846972342206771e-03 -1.054259988748058353e-02 -1.280606063249290112e-02 8.612537570351951402e-03 -2.620694643959151082e-02 5.223378438175194788e-03 -2.961505645104260502e-04 8.123612965911932576e-03 -8.979085715152056862e-03 3.533070909154297553e-03 -1.838791007629550847e-02 -1.520097006079626587e-03 4.621623260834119978e-03 -1.450202621791928277e-02 1.315968080839546861e-02 -2.068551417630383124e-02 1.769538273669825010e-02 -2.026293891840285147e-02 6.949409306842900189e-03 1.817166389322023888e-03 -1.480749703910050168e-02 1.091281135025071181e-02 1.313712206847410593e-02 -1.401982845368200670e-02 -1.582474329801742893e-02 1.436781849931093426e-03 5.363488526430897595e-03 2.326704933030736624e-02 -2.633923393006339445e-02 -1.732237996745782799e-02 -1.377944844502659340e-02 -4.784597279253497738e-03 -2.892317236870640875e-03 -1.419113565089242385e-02 8.354078496198617809e-03 -1.550615331125817717e-02 1.924251593374165167e-02 -1.688098801290806306e-02 1.080346832816845778e-02 3.011004610797943584e-02 -1.663063094288608212e-02 3.637745309571590972e-03 -4.179835674231572283e-03 -7.710694840753630486e-03 -5.595726648737272754e-03 1.155295272691495879e-02 -1.127154326293325348e-02 1.094965406155839864e-02 4.660015725031266785e-03 -1.754970322272760355e-03 3.558875023441904315e-04 -1.056866586846388553e-02 -3.109047705683935965e-03 2.365547264816394470e-03 -5.153359323288572496e-04 -1.558918424085018947e-02 -2.709858407988443088e-02 9.526222144090799177e-03 -9.655028946428351883e-03 -6.525166682089666645e-03 -1.026798554586003803e-02 2.458027586715779561e-02 3.564444141789530150e-03 -1.511456134385322963e-03 1.613973255045037664e-02 9.729590150973445317e-03 2.513582249233328736e-02 1.858625312710325897e-02 1.615709274614773525e-02 5.235368112912188072e-03 3.358683261653841283e-03 1.530667862465466024e-02 2.364325537646979128e-02 -1.587193356810160869e-02 -1.832091555482549469e-02 4.227760674445739386e-03 -1.366013105797316517e-02 9.264230507838299225e-03 -9.108531852691167247e-03 1.499885865840833339e-02 8.698108459249011618e-03 1.818500955299957866e-02 -5.547059323079123368e-03 1.242121546353006090e-02 3.808020059964704711e-03 1.072866179347475510e-02 6.533861258073242646e-03 -8.260535236474096654e-03 -5.472396984349736301e-03 2.155927505769864982e-03 -1.934589011016400392e-02 3.241081695147730868e-02 -1.357957496659623585e-02 2.393381610744465399e-02 2.584379239036125025e-03 -3.626529782773905888e-03 2.091508594533867185e-02 1.882200159874506187e-02 1.732322202484035470e-02 -3.800037750573266333e-03 -5.937928893809452970e-04 2.227782075625810067e-03 -1.596069301947132882e-02 -4.588214415819058187e-03
-8.182700640725178859e-03 -1.336327543796757104e-02 -2.875095407915830709e-02 1.954685275662129305e-04 6.333409728256822468e-02 -3.008896377384660120e-02 -3.543994871712895928e-02 1.553487784530412606e-02 -1.004230491552115904e-02 3.563681454830912310e-02 6.900455936907151470e-03 -1.048243384124298780e-02 -5.234111365792257914e-02 -1.582332415310817733e-03 -1.299147949428096967e-03 5.517236417573986688e-03 3.284302782883864735e-02 3.260847703390874069e-02 1.172818405821440292e-02 -4.779853294330528579e-02 7.039143634039007370e-03 3.909349673074414416e-02 -1.690369323940869514e-02 -2.595978619986392955e-02 -2.498686409347606122e-02 -1.274634049339862067e-02 -1.162059713031172309e-02 8.178290029794272470e-03 4.584042932121320212e-03 1.919433951411779124e-02 -5.367856703561510109e-03 3.834428185929776578e-02 -4.429292747736433833e-02 1.235907300408294746e-02 3.164601311497263619e-02 -3.091701909635902884e-02 2.260589239858590629e-02 3.624761297573846769e-02 -1.747559730156492824e-02 2.341634537237775177e-02 1.877871895885984549e-02 -4.134726360119940491e-02 -2.023024765542173493e-03 1.645670692527962872e-02 -4.472361194046012289e-02 -4.390065493090784809e-02 -3.377330780923466520e-03 -1.256984298304954228e-02 -4.387137947668643539e-02 -6.018989362809584742e-02 2.016267667684408862e-02 -8.974122787237394372e-03 -3.278205210831907496e-02 1.493092247405866137e-02 -2.608436260616282809e-02 3.398576720903512260e-02 2.363628095122358511e-02 -3.091964702804262874e-02 1.195158806866147318e-02 -2.438281933589148825e-02 2.661305314144172054e-02 1.947883968262366372e-02 -1.254931846527230707e-02 1.318826821385243181e-02 1.618596748098377267e-02 3.174289047048650669e-02 4.501286129330531703e-03 -6.195269403634631050e-02 2.389686527953278211e-02 2.007512530540565138e-02 6.422170203034549725e-03 1.874890652271214361e-02 -4.573187369771111732e-02 -1.829494651113390546e-02 -2.855097709005844503e-02 -4.824980296148535103e-02 -1.243343518181268606e-02 2.246314584897386377e-02 -3.639947236625784566e-02 -4.808675098471875548e-02 5.287288594807693781e-03 -1.031711097103569369e-03 -1.256823171350239347e-02 5.443063311492693512e-02 -1.004706543436855240e-02 -1.026235274393224629e-02 -1.290898693307448520e-03 -2.411927503969633901e-02 4.104931209753456128e-02 2.041839142412187665e-03 9.746155047316391526e-03 -2.691900437384421238e-02 -9.603702414973814411e-03 1.016263168089973773e-02 2.192363263671952972e-02 5.493523181708117459e-02 -2.044388162624908092e-02 -3.371239340676596141e-02 -4.641647752733694954e-02 -3.638850446615849582e-02 -3.436590665151764701e-02 2.190835778973958606e-02 2.228955915685892908e-03 6.321570478663115535e-03 1.122245942173031620e-02 5.066071252871949537e-02 -1.538028408330619975e-02 9.232084302140987353e-03 -8.140333638077193110e-03 8.560602519718631467e-03 -1.229920903271681902e-02 -9.768507081982239632e-03 9.260284482178802665e-03 -5.492358110106814600e-02 -2.438646802717276546e-02 3.044081909461969493e-02 -1.133050992278903518e-02 -2.114007498460656470e-02 4.101074381929788876e-02 2.593982020077795214e-02 4.120951881744503234e-03 5.130321951290461174e-02 1.349619152888241642e-02 -8.062906378025105902e-03 -6.103279592083762917e-02 -2.898546696654619517e-02 -4.675493301769467064e-02 5.072189689002341677e-04
-3.665990109142486242e-02 -7.470093764499536292e-03 4.879006239850737503e-02 -2.600908659060221367e-02 -3.008896377384660120e-02 6.360674628920937046e-02 -5.454546894600328932e-03 -9.353757175117445588e-03 3.488961685611333824e-04 -5.922997707040270760e-02 2.249275136041610848e-02 3.634350236913578419e-02 2.540237283710111010e-02 3.667323548928914934e-02 -2.325524270989233130e-02 -8.207212395215050110e-03 -7.053173393146386361e-02 -4.121412590695965050e-02 -3.430277842968739756e-03 3.670498314295886355e-02 1.320461518958073073e-02 -1.559672154373535104e-02 8.147404126883995082e-03 -6.296447518450036312e-04 -7.023400610462220660e-03 2.013236304180505629e-02 4.745068563648307397e-02 -3.501465616999858282e-02 -7.933396909220542716e-04 1.332549931078386672e-02 -2.471065635296872814e-02 -2.322219107256948134e-02 4.652310848919218034e-02 1.933688635435687475e-02 -1.325015911984353707e-02 2.347499184262227118e-02 -8.703629619571646645e-03 -1.841219494778641164e-02 -7.948700889914452408e-03 -1.170349834391332458e-02 -5.649788785413150521e-02 6.405759771330818420e-02 7.210501554667404257e-03 -2.258370081274005403e-02 3.469845176777833912e-02 2.059464247788219890e-02 -4.055592183304567583e-02 3.720986483041286569e-02 3.248568444023643836e-02 2.457890612473129927e-02 -3.862357311473745003e-02 -2.826653831293955352e-02 6.553038173681699496e-02 9.377087912721304014e-03 1.400508708297958788e-02 -6.429100120764178264e-03 -5.134482445289178035e-03 4.755162214566177603e-02 -2.893424690458258966e-02 4.524414397320040276e-02 -4.555900825797663811e-02 4.182078560861278091e-03 7.296710946619597467e-03 -6.217939607458333046e-02 -6.858892693052735974e-03 -1.385215917568848737e-02 2.650525768434309343e-02 2.893568171082613188e-02 -6.767226728731605759e-03 -3.200891385124710747e-02 -1.163187686854744857e-02 -1.580007286927652410e-02 1.756845809486338658e-02 2.043876901535121235e-02 3.603117489694695683e-03 2.964014748776202385e-02 9.721680747340435969e-03 1.911452639212502663e-02 1.461876191339156993e-02 3.445684615453087352e-02 2.120708470332578408e-02 -3.321017591322315138e-02 1.173753634243673849e-02 -3.515964684521615674e-02 3.220215561917820230e-03 -6.619329806478069407e-03 1.992881783889656477e-02 3.042383376512457910e-02 -6.391483728027468059e-02 1.104151560359293606e-02 -5.041183889815931130e-02 1.116524999805610686e-02 -3.646487950342860301e-02 1.764987470120596078e-03 -1.201102972300158167e-02 -3.965227240429294170e-02 -9.265871865055318136e-04 1.856900491428119596e-02 3.841984733678610597e-02 2.915751833540048202e-02 4.608398104209708579e-02 -3.608077482024640847e-02 1.737605891051624205e-02 -3.153133287656908340e-02 -3.542174408452081202e-02 -3.567605430590217730e-02 3.861291280120191655e-02 9.351458109658868784e-03 -8.654562739568339921e-03 -3.839283349366875986e-02 -7.902026280263496150e-04 2.935410856315102263e-02 -1.836279347553039509e-02 1.417444163812849739e-02 4.925569906460368352e-02 -5.784581019678680658e-02 -6.228636538383668445e-03 -1.706440200529184444e-03 -3.945386073767391533e-02 -2.839890728157181549e-02 -5.046143874728502982e-02 -3.651228821771691085e-02 -3.922194196311746400e-02 8.364903362231713296e-03 2.486644739056958694e-02 3.799982925355696595e-02 2.588169429589699463e-02 2.686454742490862121e-02
4.712921425659538643e-02 2.764496026783668653e-02 -1.509937051224369796e-02 1.468251722511303321e-02 -3.543994871712895928e-02 -5.454546894600328932e-03 6.160308827104051671e-02 1.003626732711153553e-03 -1.543401766324278834e-02 -2.453016131811361356e-02 -2.724982214953165782e-02 -4.953595290650193023e-02 3.364303996291564264e-02 -1.894345446460068971e-02 -1.471421485591090615e-02 2.282769370056637534e-02 -3.215591798418032898e-05 -3.802270865590442334e-02 1.854289725412772843e-02 3.307714506360218826e-02 -1.300707151792556381e-02 -1.323019523211077866e-02 2.484806758831247658e-02 3.407874012287553933e-02 1.077393409661992103e-02 1.668920351318970569e-02 1.019328031732095801e-03 4.623747111822609779e-02 -5.339726203436529275e-03 -1.963522210894043385e-02 1.324051864318553408e-02 -3.645952008920528425e-02 -2.221264952934919913e-03 -2.930616263090731269e-02 -1.505364801151277444e-02 1.980156642188783331e-02 -3.048016154011417775e-02 -1.251106358495190744e-02 7.518309151577731199e-03 -3.198586047346815495e-03 -1.384256521542751549e-02 8.429617651883720975e-03 1.905387307132660676e-02 -1.904845142861995994e-02 2.916700774788447484e-02 2.600927202454630591e-02 3.410511937750754230e-02 -4.195836427001158747e-02 2.554254821284957649e-02 4.250026899834852268e-02 4.031721903314328115e-02 2.859208606879890674e-02 2.846590232303153681e-03 -1.289486120495002622e-02 -5.441983474183670691e-03 -3.222064912080031818e-02 -5.851705338564295450e-02 -7.448650487493736587e-03 -6.188712125612891475e-03 1.459104300540782495e-02 -1.123744957338762042e-02 -1.028531224349732084e-02 -6.864357732664889446e-03 2.385284518131119968e-02 2.600093701577044225e-03 -1.156366922774924345e-02 -6.065084045534240324e-04 3.836482275509089240e-02 -2.488255158266034633e-02 1.823210834696854452e-02 1.365944050047571655e-02 -2.423467438215377509e-02 4.656103715093205808e-02 -7.908444926882092496e-03 -5.550208188377496812e-03 4.429287012296627413e-02 1.478464939779139745e-02 -1.730460280328669984e-02 1.769556229477229140e-02 2.863094853479234564e-02 -3.641611657263007368e-02 4.045692371918870739e-02 -4.747966425091226599e-04 -3.818539753770602146e-02 2.012336502666912594e-02 1.803609089616688491e-02 -2.034257770065278637e-02 2.480834339251196397e-02 -2.233626260911211747e-03 4.657557836047192951e-03 1.613638270634034505e-02 5.424657206813102497e-03 2.826824478304683710e-02 -6.417504006292208164e-03 8.608702559824124752e-04 -3.825854311107886041e-02 2.139711328226666723e-02 9.409981835083808732e-04 2.689743265729378080e-02 1.608394111491479039e-02 -4.945432617131198180e-03 3.234139722204425194e-02 -3.450110171822688698e-02 -1.440576005132178264e-04 -5.277800965058267700e-03 -3.230398755931194327e-02 3.304914053944727620e-02 -9.848009906560492924e-03 3.360856580607276406e-02 4.590610216305281849e-02 6.960665994333407706e-03 1.479733375200629336e-02 -2.349482007699142932e-03 5.025200777445502226e-02 1.720418761787133322e-02 -3.519143367988649719e-03 -5.411972794323153396e-03 1.686351795796223185e-02 -3.383889299543973560e-03 -2.835008350127090487e-02 8.583895432563029906e-03 -3.046705708173545052e-02 5.569235905147939310e-05 1.131806812853396182e-02 3.845300276046704352e-02 3.451883135025839849e-02 2.301430045501897878e-02 1.106802034080597852e-02
1.760629549900464066e-02 -1.697034230447874367e-02 -2.406723687953810607e-03 -1.839911832876566997e-02 1.553487784530412606e-02 -9.353757175117445588e-03 1.003626732711153553e-03 4.402461212255692757e-02 -3.446000829109307530e-03 4.494758753408913989e-03 -1.311409054000178993e-02 -3.954812979526744349e-02 -8.198135600206334778e-03 -1.933475118037970147e-02 6.183592143071774822e-03 1.945829488302458846e-02 8.734872964083000360e-03 2.229140451372561144e-02 6.919549483646538282e-03 -2.738670371590877766e-03 -3.758384399058756209e-02 7.608940283162550500e-03 -2.056169325445298887e-02 -7.543747529868723286e-04 -1.295231786386914254e-02 4.072686009580554073e-03 -1.583980584589077950e-02 3.754532995945532997e-02 4.693247735679471205e-02 -3.330689080915924527e-02 2.910821605442465154e-02 -4.713951002118544134e-03 -2.395987390523406785e-02 -3.641120969424353065e-02 3.171476095452228222e-02 -6.951221283850645728e-03 -5.559759636188810888e-03 3.998333139587212370e-02 -1.777622401554946815e-02 4.873943302346425699e-02 1.088043543134306276e-02 -1.415768307355655918e-02 -1.734157445235053746e-02 9.379643152641985865e-03 -7.861014658095574065e-03 -2.415858377116892469e-02 2.212726548179988484e-02 -2.521012621659066144e-02 -2.496301910848021822e-03 -1.100775854393776579e-02 4.370660737393224776e-02 -1.175029889126554677e-02 -9.999983232573575465e-03 1.952691280172199131e-02 7.756701476171516674e-03 4.020961569251753354e-03 -7.640915417456877953e-03 -2.170248062131906533e-02 1.486450937791173287e-02 -7.983650021879553846e-03 5.443760129585940681e-03 2.221100700141480366e-02 -1.848192511845194938e-02 9.933581142307192427e-03 3.323568554225119626e-02 7.032443955991207404e-03 -1.736696020180827568e-02 3.931026145550304239e-03 1.897587000148546685e-02 5.467025894781396035e-03 4.430540602227456271e-02 -8.768247196990130651e-03 3.520619107000735101e-03 -2.398260350758512835e-02 -1.193465981716688822e-02 -7.506566744973283689e-04 -2.804693162477366226e-03 -3.178834456961255467e-02 -3.869120651765957375e-03 -3.694730720157006747e-03 1.938213365834243890e-02 3.165955561138621144e-02 1.817497087451133350e-02 2.813261644930387453e-02 1.658572912361496246e-02 -2.717859350984757130e-02 -3.950793602374800401e-02 -7.576969691678029327e-03 2.219618789339120740e-02 -2.860947705763740301e-02 6.303164651070655711e-03 -3.370054456270901028e-02 1.278062867548660116e-02 -2.026323728673891725e-02 1.415320857689805409e-02 6.301415282998904140e-03 -2.986053826908830963e-02 9.202418557495067875e-03 -3.840036649770981175e-03 -2.809545316234703452e-02 -1.940148274313206744e-02 2.671469049772745921e-02 -5.816573366741636638e-04 -1.069038426648538350e-03 1.797856561694587477e-02 -2.635126423934290672e-04 -1.178328683718804677e-02 -4.029050751362357047e-02 3.914883964780115251e-03 3.684050344888300382e-02 -1.395713652356334739e-02 -3.692264860458485069e-03 2.371124780357707074e-02 6.792739251624880549e-04 -3.103180762529415999e-03 -1.638173614893715735e-03 3.519955462011301051e-02 -3.036372195848962424e-02 2.685125179766490594e-02 1.647897268460938106e-02 1.193878315783128245e-02 -1.273187177810385345e-04 1.323453655484779291e-04 -5.478443267535533165e-03 -8.949293915914620715e-03 -1.757376900225084831e-02 6.722498548230703384e-03 -1.368987249080957230e-02
-1.825594145109448591e-02 -2.293233428100597063e-02 1.585136612269165413e-02 -8.066613605287693486e-03 -1.004230491552115904e-02 3.488961685611333824e-04 -1.543401766324278834e-02 -3.446000829109307530e-03 5.298563976659508706e-02 -1.297367804250471393e-02 -1.247294392288440150e-03 3.832915584097192768e-02 1.318865012951540676e-02 1.920029212524950943e-02 7.508947150310749281e-03 -4.492339724254663935e-02 2.722231170617010407e-03 2.714823263733464470e-02 -5.255618852786391598e-02 1.990408242593539115e-02 -7.864818967088759967e-04 -2.814383594755028722e-02 -7.855161940973588372e-03 3.596158655991761686e-03 2.881012042088073460e-02 1.576209326018695317e-02 -1.225542613744396488e-03 -4.152792615139121873e-02 2.747022348194609869e-03 4.555913710968792496e-03 -7.011787118519415864e-03 2.857532355382628141e-03 1.518180885700772843e-02 2.234125916333086492e-02 1.487020981359132854e-02 9.540731588191121021e-03 -2.179167684946690595e-02 -6.124700877379221642e-03 3.387240221755373482e-02 -5.659604725066363223e-03 1.134613172020075209e-02 -5.024596192258864308e-03 -1.020396918780453778e-02 4.989421820997709013e-03 2.252656453812191401e-02 -2.404680743607180791e-03 -2.458235523585563381e-02 5.002013559778217128e-02 1.898715061243390692e-02 2.047888363671617872e-03 -4.314593091416542292e-02 1.124342198624973636e-02 -2.930064452174414792e-04 -2.801236012002962864e-02 3.078124544752341638e-02 -1.851415333065349958e-02 1.592279515806169568e-02 1.529356329655780743e-02 -1.401220832698638584e-02 -1.823854351910578556e-02 6.895215726523858113e-03 -3.065119190449231562e-02 1.461265159711584022e-02 -1.223590986558588736e-02 -2.810130344939828009e-02 -2.401674984706791277e-02 2.254089027802948231e-03 1.280823339249530929e-02 -9.686864775101017982e-03 -1.169582424588326737e-02 -1.567912277973967580e-02 -2.145387050285728348e-02 -2.388775537621621800e-02 2.551752109490695170e-02 4.366798017968901574e-02 4.311831467040708535e-03 2.612126830974296696e-02 2.784436616855779940e-03 6.086081375088248785e-03 2.098369946406341072e-02 1.606482117691175604e-02 -3.234143557433557387e-02 -2.001272277657599463e-02 1.154926676218826463e-02 1.804849330759406359e-02 -2.865233935166934792e-03 1.507552782866673248e-02 -1.189731435188860070e-02 3.567018986160133947e-03 7.420450083127749785e-03 -9.190072937686585147e-03 -1.002808097951891735e-02 -2.333938419987946142e-02 2.126352839588444010e-02 -2.426772484347957531e-02 -1.595826128680204528e-02 4.735435868609357696e-03 3.535310079458223870e-02 2.204669391339205906e-02 -6.159754988418857970e-03 1.494598399859013542e-02 -4.609761000372820244e-02 -9.526103292822621360e-03 -4.739236968940267400e-03 -7.271555633106084778e-03 -2.214184643667022750e-02 -2.802007200274993226e-02 6.787642197744094517e-03 2.474615479045606890e-03 -4.294934420385238677e-02 3.597184509078454884e-02 -8.180218598546347419e-03 -5.988353089081996199e-03 1.452281466226246990e-03 -2.016987842081468738e-02 -1.101325603577688224e-02 3.158411697771004896e-03 -2.045668383088531522e-02 -1.295229145584722574e-02 9.575143502746564367e-03 -8.391827955050935178e-03 -2.587585691053414377e-02 -1.007738513629580571e-02 1.670425216991974077e-02 1.073352730158895832e-02 -3.026538507953315665e-02 3.183304354909017447e-02 -1.414117659323072852e-02
1.641069769375147133e-02 8.148497027743341684e-03 -3.296428346142152993e-02 2.502932831071959588e-02 3.563681454830912310e-02 -5.922997707040270760e-02 -2.453016131811361356e-02 4.494758753408913989e-03 -1.297367804250471393e-02 1.046796332454629219e-01 -4.988284995200123646e-03 -1.474052169915084608e-02 -4.262157412987217092e-02 -4.676934542411028545e-02 5.878995496406039245e-02 2.053370792617210602e-02 7.488369909431120963e-02 6.171477329382432653e-02 1.123183072921379519e-02 -7.392245863544279205e-02 -1.471006025452550534e-02 1.821238703257837405e-02 -3.273162964293129668e-02 -2.421017032151401641e-02 3.735164250990255942e-03 -5.034244749505954047e-02 -7.228647372765607815e-02 2.483957605105773306e-02 1.209089595199129910e-02 -2.594701822431728921e-02 3.387162412110156923e-02 3.376688724011432663e-02 -4.195983885331488333e-02 -3.404304471693352790e-02 -4.058053204173725503e-03 -3.266400882521336424e-02 5.629072481314997822e-02 1.456459885350568431e-02 -7.774781953661047407e-03 8.498621566083273612e-03 8.344283585424625005e-02 -6.193001348948695001e-02 -3.911858589051232793e-02 3.968319415421838608e-02 -7.154437851316976238e-02 -1.183271169856982621e-02 4.115266017890378825e-02 -3.020580304325383436e-02 -5.886844360807592935e-02 -3.176911879035938108e-02 2.588336539860820046e-02 4.022877658381441603e-03 -7.080517705808422879e-02 1.542886255197513205e-02 -9.554737333191043111e-03 3.707984716244552142e-02 4.751991641535647376e-02 -5.321127536334628594e-02 6.817292620030047934e-02 -4.729649273400157727e-02 4.976946418052558690e-02 1.564822297441655075e-02 -2.469132721153614440e-03 6.556855403404245053e-02 1.991315264091206641e-02 1.943509549740730230e-02 -4.821811728724526708e-02 -3.608692685293177910e-02 2.897893068857500254e-02 2.394184898488307782e-03 1.419071253416838950e-02 6.133679060704277930e-02 -1.663635135815692487e-02 -2.237955430499327658e-02 -5.660953552665047659e-05 -6.062420339239544403e-02 -4.453909534700044998e-02 -4.043518931318703519e-02 -1.004631896328810926e-02 -6.335502512088504734e-02 3.401027279427326806e-03 3.267034055081384503e-02 2.543695795913347366e-02 4.132238386854072271e-02 -4.142153023069388568e-02 -5.555224901292214572e-03 -2.281381321896641320e-02 -4.413729548721516405e-02 5.541632769155085958e-02 -3.938226154214789776e-02 6.154941091733097391e-02 1.249713968977617454e-02 4.912690642450803086e-02 -3.468951421129749801e-02 1.607273608802159415e-02 7.533472516250465378e-02 -1.173713689939446039e-02 -2.122921208190678768e-02 -7.118217826208009247e-02 -2.972882013578988583e-02 -4.933750553040108788e-02 2.775633847130941009e-02 2.815819394579117257e-02 4.240104115340952162e-02 7.289962327764967776e-02 6.809517377837767671e-02 -7.002847534484446523e-02 -2.820368224414033370e-02 -3.271838051158567490e-02 3.144346933570521530e-02 -2.746278526863799030e-02 -5.094784591903301491e-02 2.393115834140930112e-02 -2.558042756647286795e-02 -5.814877459494047912e-02 7.146322993815625024e-02 4.061782028924262183e-02 1.746281733898554303e-02 4.122402746670927876e-02 4.232669159485285409e-02 8.079897734462247738e-02 6.973687453329842356e-02 5.586237750676776442e-02 -4.663159575974441112e-02 -3.313283550921356652e-02 -5.188954679703786099e-02 -4.760695203870318748e-02 -5.482239357939570901e-02
-3.404958269789077480e-02 1.931887433334647758e-04 -5.103715287089381986e-04 -5.929080628723597257e-03 6.900455936907151470e-03 2.249275136041610848e-02 -2.724982214953165782e-02 -1.311409054000178993e-02 -1.247294392288440150e-03 -4.988284995200123646e-03 3.402249229466936670e-02 3.350378022767095537e-02 -1.049682651087118293e-02 1.782607195182943707e-02 3.297044437346702099e-03 -1.497734572365428188e-02 -2.139208983094645702e-02 -2.273903057276781270e-03 -1.443873829159055249e-03 -3.708255775372314243e-03 1.573673453521859736e-02 1.502510810873764766e-05 -1.019881476738114350e-02 -2.832754591980382597e-02 -1.444664585370319422e-02 7.912723567811595030e-04 7.567220294591017749e-03 -3.307479811450043938e-02 -1.172420059032776990e-02 2.328781697681095095e-02 -1.706447908419948117e-02 2.209685865243589745e-02 1.193192109146219227e-03 3.013868624435564122e-02 -1.484350133100071148e-02 5.763449646765139191e-04 2.476871868881646774e-02 -7.820068252636012268e-03 -1.053421193947260207e-02 -1.073549733791724463e-02 -1.841066550872907590e-02 1.448758961627190193e-02 -2.426521582837926419e-03 1.321612829164689820e-02 -3.792996402489681154e-05 -1.530490162575450083e-03 -2.657044134295288504e-02 2.434217238303683362e-02 -1.881533257868568416e-03 -1.570404550975036326e-02 -3.141603987909841189e-02 -2.101540104453437224e-02 1.749078611301004699e-02 1.004044126767909308e-02 -1.799807435636893022e-02 2.714671516694451558e-02 2.496135018158827587e-02 6.521459489159013925e-03 -1.769657571882289789e-03 1.020434027400957469e-02 -5.288311661091457151e-03 8.171931456441081446e-03 6.262148771345875560e-03 -2.057503373573719291e-02 -3.422063096521580586e-03 -6.741256185446116087e-03 8.079891875215176877e-03 -2.047339111309862125e-02 -2.519190323157186485e-03 -1.520256498715377887e-02 -1.941931795772846789e-02 2.096349329687577367e-02 -1.859475358111905077e-02 4.924661955658445056e-03 -6.719994268551993111e-03 -1.123542068541886693e-02 7.117017890078222069e-04 2.459381514768555280e-02 -2.170044441282552999e-02 -3.584746176743869740e-03 -8.773780052915647679e-04 -3.180948649982118237e-02 -6.848053535248039246e-03 2.843196157220796369e-03 -2.290892462412493988e-02 -3.139606184627354718e-03 2.598655470526100089e-02 -1.423176942277543967e-02 -1.583101572240895941e-02 7.692671874210584883e-03 -1.396886981013367376e-02 1.709400670962913510e-02 -2.194300766766453872e-02 1.529242065196817317e-02 -1.629306284571147359e-02 4.100785978048333315e-03 -7.632342276195763602e-03 -1.948618587054207901e-02 -1.028960467581014259e-03 -6.231269309948538407e-03 3.185365190128314466e-03 -2.000602327204594258e-02 1.958517333330945728e-02 -1.450514292873980073e-02 -5.992628016447712827e-03 4.157291613475302267e-03 5.102746829675456827e-03 2.065084723643058687e-02 -2.400720254487016120e-02 -3.399029909210489475e-02 -7.693632544564907652e-03 -9.167129109624224184e-03 -8.098301189675084690e-04 -2.372368925242405654e-02 1.119538976832765674e-02 -1.048363245874409100e-02 -1.632157004543190529e-02 1.136422138679383555e-02 -2.635379307871658916e-03 -2.739135805999493023e-03 -1.169232048557975606e-02 4.687704692704559514e-03 2.762728407844563128e-03 -7.565301990179999596e-03 -1.525765491689475353e-02 5.159229764557807241e-03 -2.012274706675260330e-02 5.070735740016848623e-04
-6.603334273755839812e-02 -1.891434937576470451e-02 4.963727507779932407e-02 -6.958724024300637356e-03 -1.048243384124298780e-02 3.634350236913578419e-02 -4.953595290650193023e-02 -3.954812979526744349e-02 3.832915584097192768e-02 -1.474052169915084608e-02 3.350378022767095537e-02 1.015458237512124745e-01 3.886032608806059153e-03 5.341007149414701144e-02 2.232797263207578903e-03 -5.069071029221990793e-02 -3.489991243364781726e-02 5.383163718536646686e-03 -4.419613433499087335e-02 3.318206838960418691e-03 4.118269760364409726e-02 -1.547608737652280547e-02 5.091718696741469492e-03 -1.139923794544850724e-02 1.402126069831321695e-02 -6.566273487002521718e-03 3.569320033189020414e-02 -9.731079693815217202e-02 -3.141462872119159255e-02 4.005150887454479725e-02 -3.918902568350204896e-02 1.998116915216932923e-02 6.072632947884537558e-02 6.529107817426435534e-02 -1.419162442114681698e-02 4.235251452553713894e-03 5.070227927685529157e-03 -3.355525235701761755e-02 2.418800154042573605e-02 -4.460213594978814505e-02 -1.350119609759149047e-02 2.997336317122684807e-02 -2.762029137364981090e-04 -3.660184080901020178e-03 8.222077828245218448e-03 1.097410170340541030e-02 -6.618996362125631472e-02 9.148933952066104491e-02 6.659367456625603018e-03 -3.190330815015871100e-03 -1.013714978079963969e-01 -1.651089964550488468e-02 3.066822162745089925e-02 -2.089488098220696616e-02 2.967184177976595408e-02 -2.763202900881978150e-03 5.663323531757652463e-02 5.853065394122671655e-02 -3.116892199957596934e-02 1.539683724290736352e-03 -8.747792792507163087e-03 -2.891703151471401723e-02 3.739810745752798066e-02 -5.809824985008914255e-02 -5.123483076587987545e-02 -1.018385327592888877e-02 2.075975982206463774e-02 -2.237550081167334615e-03 3.382636737063543942e-03 -3.676975618060730061e-02 -5.268707326620310910e-02 1.368023797927020576e-03 -2.944323005691417902e-02 4.523445738065964145e-02 3.903740523460675488e-02 -1.622440563792640691e-02 3.406360028899966391e-03 3.671455457841215492e-02 1.206759817174536328e-02 8.144977103466758891e-03 3.343767032203059236e-02 -8.049906710789848929e-02 -1.259917060584448550e-02 -9.720902535624053806e-03 -1.092136597216996317e-02 8.788116754468354441e-03 5.576517582726581157e-02 1.952347221785254118e-03 -4.273981649551266554e-02 2.503565048946676183e-02 -4.414439949209326280e-02 2.404482598891399467e-02 -5.145918483128625320e-02 2.707828844285241690e-02 -2.264690779878595489e-02 -2.740737841153228268e-03 1.565462905758450290e-02 2.838951616707521136e-02 1.060901858604703860e-02 2.894870156739007272e-02 5.623028606793693818e-02 -8.575861257718614405e-02 3.215011307707148214e-02 -7.277675768077617943e-03 -3.346722961574247202e-02 -2.121856817676846460e-03 -1.527697934542670243e-02 4.046875693463766743e-02 -2.675932702977317293e-02 -9.822786075872559641e-02 2.365932178370898364e-02 3.925076778234891893e-03 -2.528672045673778512e-02 -2.516120792734398773e-02 -2.650574725082778700e-03 -2.132115612449636891e-02 -1.724051483013856051e-02 5.768706102641013491e-04 -5.393182867853734547e-02 3.561067919073360177e-03 -4.213459987498095749e-02 -7.104695866858593868e-03 -2.605495785952331375e-02 1.211107227427192512e-02 3.120366565294015442e-03 -9.461171740686761047e-03 1.173844561454143523e-02 7.571025875649443036e-03
