4.717804451133896793e-01 2.555839330776636942e-01 7.390692601493459302e-02 1.628618477669100117e-01 1.756511100232360442e-02 2.776339014079581280e-01 2.454250689658224183e-01 -2.688733549471972184e-01 3.315898024138221323e-01 -3.399045272709766419e-01 -1.012881375937237233e-01 2.389587955690444798e-02 2.942410445711076683e-01 4.492807487931361199e-01 -3.229341321664628284e-01 1.462536637174271792e-01 -3.346504730525929339e-01 2.334655623821638160e-02 1.985714254032888981e-01 3.154112879230561717e-01 -7.366554346169838785e-02 5.775064522314503346e-02 2.346974823407138866e-01 9.334593389499705463e-02 -6.979904018415721001e-02 -3.075158843633514771e-01 -8.621839630127894893e-02 -3.148367758394406829e-02 -2.013556983411919632e-01 2.308699541051962012e-01 -8.506989862471009411e-02 -2.609867964321244127e-01 2.900510091055330530e-01 -5.778271163859712012e-02 2.819855869724457401e-03 3.728886349924225296e-01 -3.195192292694714609e-01 -3.208501957764003931e-01 4.364323539835143068e-02 -1.594979099178430448e-01 -4.168411421100661624e-02 3.490686562968136741e-03 2.937417343026365105e-02 -1.761839528283443423e-01 -1.037023289222022138e-01 1.291231856256876975e-01 2.621276504036123556e-01 -3.339925052362072155e-02 2.977450835496724402e-01 3.228633801521142987e-01 -4.764530583011747922e-01 1.131041398820607502e-01 9.538890766407946697e-02 -1.310416668810771845e-01 1.077691594012389203e-01 3.119529746050425656e-01 2.286103564582176451e-01 4.873212624941321014e-01 -3.856636487605907826e-01 -3.668171214761156707e-02 1.489981163278598052e-02 3.923312817643795358e-01 -2.862576104401358679e-01 1.216916548058560310e-01 -8.113349706527045457e-02 3.775879199997412838e-01 3.789580052767922980e-01 -1.415869246448940300e-01 2.573097452621541659e-01 -2.105533282282003316e-01 2.107849524298434640e-01 -3.826484316607299263e-01 1.771242175334216962e-01 -1.335135703728969614e-01 2.856463180627305531e-01 3.231118689637043628e-01 -1.066531733686833100e-01 -1.707275856913331811e-03 3.143111152361211524e-01 2.841755154954556106e-01 3.299457427505729790e-01 4.043729906423666476e-01 -1.946001024989952970e-03 -3.279186280514022611e-01 -2.506660521134770891e-01 -1.699764272965598733e-01 -3.091828335613915901e-01 5.585819631236118576e-01 -3.575434182930977700e-01 1.297966909824475046e-01 -3.763251617889205869e-02 -2.808801730255962650e-02 -2.071946903502042692e-01 2.472914007412915435e-02 3.878208469059143404e-01 -9.793474143929904729e-02 2.785128892667156353e-01 -1.950713899116708061e-01 2.897799817869670114e-01 1.313467705509643868e-01 1.948837809507247484e-02 -3.971776816515267261e-01 -3.106294583367129047e-01 -1.768251267932859638e-01 -4.197478284075120691e-01 -1.121568638324767497e-01 -1.196785191892157513e-01 2.923355781655328708e-02 1.630303314185391483e-01 -9.354182165078112066e-02 -9.653743377314126517e-02 2.439627227650153496e-01 -4.849847994272955126e-02 4.797735119114895919e-02 3.141536745818582776e-01 1.472275004153599798e-01 3.072761584362445619e-01 -2.528269697097200175e-01 -3.910612696315603487e-01 -1.396185654260127529e-01 -3.439562455986570066e-01 3.145175781211723143e-02 -2.302922944934411020e-01 3.854644174172928150e-01 2.694764011025107542e-01 -6.395685209000981364e-02 8.572595080852539462e-02 3.049831413467533059e-01
2.555839330776636942e-01 6.342601366595181922e-01 3.717894360477128624e-01 -9.772096648671628472e-02 5.066426498188103533e-02 5.897629335194874978e-01 3.954799617037150217e-01 -5.016097393461449450e-01 3.928225710849652108e-01 -7.097673741567084305e-02 -7.530282909460285848e-03 -2.630519926432621156e-02 5.798449201790656371e-01 3.331383097722090958e-01 -9.824096193488084106e-02 7.632170200113530534e-02 -1.559745803221909699e-01 -2.392178289212839454e-02 4.006871530003699999e-01 6.796715376047562929e-01 -1.541109960785288502e-01 3.588717870430748191e-01 1.281970842678018252e-01 1.925374874656115842e-01 3.441341223536041327e-01 -3.070221388933097595e-01 -3.948732495028870471e-01 -8.211489785794656715e-02 -2.537316589367754061e-01 3.762178160400631577e-01 -1.014279407830016716e-01 1.087849160183665675e-01 6.474747503463144094e-01 -3.264734092147032474e-01 -2.346574695084894385e-02 4.669131869444529404e-01 -3.827625995620179133e-01 -4.642568404891528888e-01 -9.596789719890751191e-02 -2.340154317366686665e-01 -2.150394875849092335e-01 3.121783585355139556e-01 -3.024778558419763744e-02 -2.439273197734248555e-01 3.013183189766837633e-01 1.712894804132086835e-01 3.571422260538927862e-01 -1.815947808742976455e-01 6.095440063679553599e-01 3.368894982264988291e-01 -6.442330943888383565e-01 1.569086809277325245e-01 -1.689977683896314586e-01 8.000900755872646097e-02 1.016330172075147337e-01 3.059369479226989319e-01 3.034215771693889452e-01 3.385824385639643053e-01 -4.623905191510838675e-01 1.490134057054653405e-01 -3.783659056978836560e-02 6.468233434190393538e-01 -5.212646229556163746e-01 2.023101456771212170e-01 3.802826546420222664e-01 3.762857741852927707e-03 -4.893815515776490238e-03 -1.852495516132506015e-01 9.968262995531877724e-02 -1.988939271482856874e-01 2.517694245414341392e-01 -1.166146685284559087e-01 1.825644048791811025e-01 -1.699482599025220197e-01 5.937619504708639973e-01 6.718705529034050272e-01 -3.961655707047084807e-01 -9.743128290147784476e-02 9.391417352292819043e-02 6.230614561399300255e-01 -6.269981239271810169e-02 6.650165726431391811e-01 2.551842036318063139e-02 -4.451889298789878935e-01 -3.136574397888017285e-01 -3.979685848177203500e-01 -3.241188625886843866e-01 4.699958790830977562e-01 -4.537487457947080860e-01 -1.447508856977391678e-01 -3.827497474341411132e-02 2.551261164512417245e-01 -3.778957299655148760e-02 -6.690922948213040566e-02 4.138063311335031524e-02 -3.344563639890377749e-01 4.118784186660713886e-01 -2.692334138024846113e-01 4.114798252979105508e-01 2.178027424280696567e-01 1.631439514566166912e-02 -1.523797431413986825e-01 -8.097418775270372182e-02 -1.023105622075619336e-01 -4.996739934541359895e-01 -3.171206169068480074e-01 -2.311723238020347293e-01 8.386911148824607865e-02 8.742852792945957074e-02 -2.980160203072931835e-01 -3.153411326116457580e-01 4.078595744809591639e-01 -7.733787969074090718e-03 4.627047321587881012e-01 3.910149550015004638e-01 1.730832874651823949e-01 6.230555522108514044e-01 1.475163050580633461e-01 -5.443858286176832539e-01 5.669929553809985312e-02 -1.050051556246448387e-01 -2.181953589785730618e-01 2.975922357395312939e-02 5.058614593609684906e-01 5.704715087726023315e-01 1.168302013395425970e-01 8.778981471606106535e-02 6.891974922282823046e-02
7.390692601493459302e-02 3.717894360477128624e-01 7.373817020942956546e-01 1.682040677725580094e-02 -2.498269754265347309e-01 5.793444718726216136e-01 1.925663853139691255e-04 -2.058594829527039816e-01 2.229660173224556341e-01 4.380652108678226297e-02 -2.969130142793923177e-01 1.239657486644502871e-01 5.483132690723491187e-01 4.909720935731902713e-01 6.229309117586907113e-02 -4.544883673133804369e-01 -3.023477643009557236e-01 1.397423989370152331e-01 -2.127850157355838379e-01 6.569861181159445396e-01 1.758452655792052885e-02 1.368667540761514256e-01 3.308610526998173040e-01 1.620637775523775873e-02 4.563149924018513048e-01 -4.988387296412596927e-01 -1.756730982281045628e-01 -6.785509030057462754e-01 -5.455894906390441612e-01 -1.241417868812296904e-01 4.856264288782580901e-02 4.515546445658273345e-01 6.058911387870015153e-01 -6.861378582180044372e-01 -5.800565857653216389e-02 3.075854715704016695e-01 -5.953320464787938832e-02 -6.233817885557250138e-01 4.528770427958288547e-01 -5.276466071556509263e-01 -5.651903629076575342e-02 9.463514962012752052e-02 -7.070110127409375000e-02 -5.733582631281812780e-01 3.426307735388182119e-01 4.480710269933092516e-01 3.015437768971474530e-01 -2.346031308605424359e-01 5.495798038946857478e-01 2.760282016161512697e-01 -4.977200336091562871e-01 4.908475351270952802e-01 -1.079355032457978841e-01 -8.015319556644125154e-02 -3.969054322068029106e-01 1.002167096595708295e-01 1.094212833345598462e-01 2.930521169842798535e-01 -2.712568905300311584e-01 -4.429848296140667108e-01 8.128410911418453011e-02 1.233067087331729955e-01 -2.838882241148632524e-01 4.814219302773604658e-01 4.832510545191623375e-01 -4.375826635252931252e-01 -4.874027570899432948e-01 4.331565576889924163e-01 -1.909251888141461351e-01 -1.083294172663149674e-01 5.592761596157481974e-02 3.576297690818179553e-02 -3.841497116438083448e-01 4.151193327231510466e-01 5.886854234500151772e-01 5.649858096390079076e-01 -8.037310689516188322e-01 -1.536673010458317890e-01 -2.354405046119490696e-01 5.758082110262091602e-01 -4.447719804051691317e-01 2.764687328729113491e-01 -2.280331469971657588e-01 -7.551721262191797290e-01 -2.751529425144219956e-02 -4.183674500756803805e-01 -8.507917149767893483e-02 2.476370259419057029e-01 -7.364872676036375854e-01 3.533547618137310858e-02 2.990459268053177744e-01 5.845013996278013435e-01 -5.608819625155746225e-02 2.444818695413865928e-01 -4.026683487272008088e-01 -3.878582186770205276e-01 3.604017913388178340e-01 -1.813722205748858063e-01 5.024945655364688318e-02 3.532265771268869314e-01 -5.312062330378979763e-02 2.978693717008584416e-02 1.096113826161539268e-01 -9.910934005613630804e-02 -3.185623735004197155e-01 -3.558154300282570515e-01 -1.095855212227778847e-02 2.684104792350648916e-01 -6.746038970611256680e-02 -3.739513466558004318e-01 2.539620506112014731e-01 -7.778057160601610509e-02 -2.566517913920607907e-01 3.748425743813610933e-01 3.327457454764193301e-02 4.433085758740462623e-01 5.937361687337251448e-01 5.320097285951811417e-01 -6.660938765864341526e-01 -8.515240646065062868e-02 1.113792309223307457e-02 -3.296077827555064510e-01 -5.127982436119486558e-03 3.407847462942554251e-01 5.920449856448398718e-01 -4.556749903544077274e-01 -9.369005670836494382e-02 -3.448301546397043033e-02
1.628618477669100117e-01 -9.772096648671628472e-02 1.682040677725580094e-02 6.006524412250892064e-01 -1.892369455567190217e-01 -1.345397202578922369e-01 2.422611546863691345e-02 1.105582226235642257e-01 8.638217659957836414e-02 -5.857628120872058197e-01 1.082171430992913685e-01 -4.778709938544885988e-02 -1.317135552054581049e-01 4.788556082959350424e-01 -3.267606183537742348e-01 -3.694538881026017130e-01 -6.374589300483335386e-01 -8.481460910166470531e-04 -3.709976143820020167e-01 -1.705222929633643802e-01 4.148046343168647065e-01 -1.469815234465418619e-01 -1.234464496471288954e-02 -3.855344082458552757e-01 1.099405862362740488e-01 -4.956695423487223473e-01 1.791244212204522457e-01 -1.226133329486062684e-01 -9.929589181986739344e-02 -4.527663445693435595e-01 1.050591692560254170e-01 3.163467702739309467e-02 -1.762298414181867334e-01 -1.043629033587999688e-01 9.112978243596732419e-02 2.930240378216866226e-01 -2.929991924321726504e-01 -3.945305809499793370e-01 2.471517604284763359e-01 -6.674847711100496961e-02 -3.570358110588323086e-02 -2.274173253924476612e-01 1.444350114374481353e-01 -9.257101656628152764e-02 -2.235378149152619787e-01 8.973181921584534593e-02 -6.339618285699778755e-02 3.379571507883203374e-01 -1.633005960658156508e-01 2.023964028064889342e-01 -8.380800726742732021e-02 9.368195630709029442e-02 2.279019041002297574e-01 -7.159303733959838656e-01 5.378394701482665935e-02 1.714824803604380887e-01 2.581099838057142604e-01 3.036339669953735942e-01 -2.863378241323925599e-01 -2.910911992579277019e-01 -6.611347839289224981e-02 -4.521454789751722658e-01 7.601332807385050017e-02 5.115187617823971356e-02 -4.167474541654851428e-01 1.707979782199182603e-02 3.357790416055951577e-02 2.885844741483044595e-01 -7.981494411357940855e-02 -3.198542343968653889e-01 3.391507566397911622e-01 -5.908684400415626925e-01 -4.541327918082309623e-01 2.689352275648939083e-01 -1.436933611056326610e-01 -1.902258331894012555e-01 -6.679399847458468431e-02 -2.632895745471492896e-02 -1.864796010705382923e-02 -1.625935596856775689e-01 3.847851976502972282e-02 -9.473056475170772706e-02 -2.008590316161805445e-01 -3.304143680256699245e-01 -1.821573562351624098e-01 2.788883689283539469e-01 -2.873895458438940342e-01 7.304385603501238611e-02 -4.081072490105098205e-01 6.095409967842262411e-01 3.006743342720844536e-01 2.146936557520197908e-01 -5.446477236504747577e-01 4.703342937172803051e-01 3.262441530332337112e-03 -6.747353156055092838e-02 -4.158685079507393190e-02 7.890348899217838885e-02 1.923869465435338877e-01 2.594942060444799248e-01 6.695709167429964026e-02 -5.680097027031497658e-01 -3.330049363186826095e-01 2.519100470442435253e-03 -3.102198167601848966e-01 -1.104069969205825757e-01 2.767276100075757861e-01 3.822302987047330736e-01 2.343663972513156946e-01 -1.265343231068136454e-01 4.292866861008045043e-01 -9.076533702572765067e-03 -3.046042489779653417e-01 -1.199534899583450387e-01 2.175677966509557970e-01 1.022110534138081644e-01 -1.278054972339667250e-01 -1.052387079447279911e-01 -3.865476935643898937e-01 -6.853631203005764450e-01 -3.255207544009656728e-01 2.958600703694809209e-01 -6.058005880349225380e-01 2.503279291093613024e-01 -1.388835128272009889e-01 -2.974789818756582438e-01 -1.627547778902711240e-01 4.729173037430061122e-01
1.756511100232360442e-02 5.066426498188103533e-02 -2.498269754265347309e-01 -1.892369455567190217e-01 1.110812587967693554e+00 -7.199575053478660669e-01 9.328280104433109288e-02 -1.056259646577557137e-01 -4.334048581699611047e-01 5.370440698000712443e-01 4.144108048845523973e-01 -5.159500096513670586e-01 -7.253282986627084261e-01 -4.526207702628505247e-01 4.613383252767289111e-02 1.092909841012855932e+00 4.945031685049275372e-01 -5.166670189090974974e-01 5.940040554461635258e-01 -6.862240441543663305e-01 -9.542463401674970702e-02 2.629151048205605190e-01 -4.979391317474381462e-01 2.790525332959366001e-01 -2.033343249583794143e-01 6.658877367854494356e-01 -2.029189967009570883e-01 7.428436919127827665e-01 1.718287742354284442e-01 7.005481480971096353e-01 -3.293822476595363313e-01 -3.777737160090099411e-01 -6.662699802797289461e-01 2.911827292979644599e-01 -9.364409671320236828e-02 -8.310106312154034169e-01 2.109126642289039788e-01 8.129520750949218444e-01 -5.497062402731033304e-01 1.370394203360808527e-01 -6.768696838579282837e-02 2.885564625236188840e-01 -1.472983515413736344e-01 1.667251157784958027e-01 -3.426382447303997214e-01 -8.919992103875251654e-02 -3.576431113477380186e-01 1.014920875623460256e-02 -6.452999159327834633e-01 -3.986987225145909308e-01 6.645298330581904667e-01 -8.466752558296250508e-02 -1.120667264834506460e-01 4.791760534064199994e-01 2.596942871803251673e-01 1.387231367213611621e-01 4.799376356564073742e-02 -4.400419694143383742e-01 7.810269469809909548e-01 5.750157217425363454e-01 -4.248489077172010187e-01 3.974864568919247443e-01 -5.994571811620200835e-02 -4.168385101018804578e-02 -2.895363168040715474e-01 5.028286597181488293e-01 5.066904937058960279e-01 -8.345083259484709082e-01 2.224701365277440834e-01 9.348883941468784375e-02 -1.175556954016604844e-01 5.427549714346452392e-01 1.142228203526512553e+00 -7.826310232466635597e-01 -7.110375969165465548e-01 -5.766119973091251572e-01 3.636926793676618086e-01 3.261831539265780400e-01 2.183993190897675352e-01 -6.854313763021960826e-01 4.127917420141025695e-01 5.864934381999090118e-02 1.030069850729421477e+00 6.277507066112113510e-01 -1.550596088837739028e-01 2.910303704771512456e-01 4.866476772877978418e-02 -1.376249324993936429e-01 7.194035836378692705e-01 -1.901147649676369622e-01 -9.242540929865040999e-02 -5.363431966480690649e-01 1.065129645110382967e-01 -6.608589413852964389e-01 4.002862855348113813e-01 8.642430805351456469e-01 -3.990068734898488123e-01 3.996085541574566358e-02 -1.748640617872877223e-01 -3.633608791597208176e-01 -1.465734565335548856e-01 4.784851422783982233e-01 4.957108620894394579e-02 3.659717043542949893e-03 8.355769182631485048e-01 8.423175038587896735e-01 1.822922562914458811e-01 -4.091917938616362882e-01 1.490865651377957790e-01 9.239421428444095641e-01 -5.781289324932820106e-01 1.160092235652224468e-01 1.047870681321804304e-01 -3.301727235384041559e-01 -1.744334682447430118e-01 -6.887315049943490419e-02 -6.431517335485190667e-01 -3.437550303057606005e-01 7.538934460509433277e-01 4.353365450314708451e-01 1.089358574558321885e-01 -1.074953658079465663e-01 2.490745409098504837e-01 -7.862688116396120419e-01 -7.660417904461426231e-01 5.783759678943659610e-01 -1.447125726648984534e-01 -4.995410069586755930e-01
2.776339014079581280e-01 5.897629335194874978e-01 5.793444718726216136e-01 -1.345397202578922369e-01 -7.199575053478660669e-01 1.231350712315565588e+00 2.539262190363194005e-01 -4.291282539773513260e-01 6.854750517573287016e-01 -2.339734688717056144e-01 -5.099006733220295962e-01 3.834475794705807239e-01 1.230501244343891187e+00 6.209102798785495203e-01 -3.491186927905396559e-02 -6.087292570454042595e-01 -3.309700662080585776e-01 4.363755870489473554e-01 -2.643796984650709225e-02 1.313705261790538259e+00 -2.978843636058387534e-01 1.323351429557668713e-01 6.734238554844210745e-01 2.159378280848001652e-01 3.773384563815999071e-01 -6.427061332178819475e-01 -2.279204721129527433e-01 -7.563166706620483293e-01 -4.718286815976407977e-01 2.197728873040643433e-02 1.379905839388603228e-01 3.415557824413434918e-01 1.252030427184584349e+00 -5.172679188878340772e-01 -8.144984453999679075e-02 9.066619306295613523e-01 -3.810698198134777614e-01 -9.188714189418890621e-01 4.153401233470615517e-01 -4.230437028958665691e-01 -7.600859480294305803e-02 7.278833098375032951e-02 -5.701964967438476889e-02 -4.637764099552676433e-01 5.684504265306471460e-01 3.093753059130441296e-01 6.543757182141852757e-01 -4.237620739188597274e-01 1.197094798158665707e+00 6.460280794966131168e-01 -1.083706757469232729e+00 3.006299607463485679e-01 -9.967307642751482843e-02 4.453770583674724129e-03 -2.622126716872377750e-01 2.048703248449064152e-01 1.339839803333397472e-01 6.807085591545211090e-01 -8.694637349566449736e-01 -3.702095611402544395e-01 3.102877754925227327e-01 5.516236302904116151e-01 -4.885142350520251253e-01 3.094545491774979284e-01 7.236381997377446806e-01 -3.368720425388146977e-01 -3.669021990395230359e-01 4.558443048534605579e-01 -4.263829990050010260e-02 -1.227977348148264758e-01 1.816300630575738428e-01 -2.795395106271381103e-01 -5.157385739054007878e-01 4.320175953408282865e-01 1.231591190849169903e+00 1.216779046760205762e+00 -6.952767367634538065e-01 -3.488982261085710190e-01 -5.418202529546488344e-02 1.236549744961820574e+00 -3.425386018314239278e-01 6.379059721115459825e-01 -6.604735102640579836e-01 -8.773831832443830248e-01 -7.953731057416280059e-02 -8.273020838795556164e-01 -2.473981803406968272e-01 6.443809271395170013e-01 -9.209879252887205325e-01 -1.837864413238219363e-01 -5.890206854191002567e-02 5.055120979673444204e-01 7.562363536840319145e-02 2.904136727591753453e-01 -2.242968133959084842e-01 -9.560755033720643725e-01 7.156063839893538336e-01 -3.019569905177655889e-01 4.006039919299639318e-01 3.803179551346583254e-01 4.414778164138659540e-03 -2.727347811428478819e-01 -8.160862602659581591e-03 -2.405879855348575236e-01 -9.498293619146908062e-01 -9.044381660554637881e-01 -4.736556532783015028e-01 2.108604603706042691e-01 -7.449080543687681966e-02 -9.429028393512660644e-01 1.027504331029456403e-01 2.372525448506756507e-01 -1.395954793135090709e-02 6.612494525409019497e-01 3.883094227610807136e-01 2.974222190496508267e-01 1.202104574058782349e+00 4.398018236949979287e-01 -9.733744932807806283e-01 -7.306618510825854673e-03 -1.180261416142351499e-01 -3.522542504376128258e-01 2.419615952249066018e-02 9.331167751349997985e-01 1.260202196774201422e+00 -4.005356746018353120e-01 3.268486934510221320e-01 2.458842524938085472e-01
2.454250689658224183e-01 3.954799617037150217e-01 1.925663853139691255e-04 2.422611546863691345e-02 9.328280104433109288e-02 2.539262190363194005e-01 5.696305911255842291e-01 -4.906342825961831355e-01 3.788376995135631087e-01 -3.098953254023846804e-01 2.457660481009135423e-01 -1.846732139275896745e-01 2.488126424767870826e-01 -1.584390425628140475e-02 -3.141924830086974540e-01 2.327175358912976777e-01 -3.159317397917361936e-02 -4.010791057852900604e-02 5.119391081169031299e-01 2.900498938241773961e-01 1.720611557831643046e-02 1.835774085754589280e-01 -1.462069330582336790e-01 8.851181914350338131e-02 2.332689190912055899e-01 -1.337074174943422671e-02 -1.828443182753675400e-01 4.161491491210660976e-01 1.220860344457364299e-01 4.049936519221692399e-01 -3.235508623045226240e-01 -4.577809231826496239e-02 2.940318044619445459e-01 -2.588258720146392050e-02 2.238868354692878371e-01 4.561207628848532591e-01 -5.652859048124577734e-01 -1.347885899781842978e-01 -4.863109482938031136e-01 1.247631604027416158e-01 -4.094144081733032126e-01 1.613784525711398909e-01 2.258249839905203671e-01 1.482210556821429159e-01 2.588057195664612564e-01 -1.583808640075031748e-01 1.617258870225715683e-01 2.818275691615918649e-02 2.795695596575488162e-01 2.655005723764463643e-01 -4.211466542490677201e-01 -1.929647299463397303e-01 3.631877897687287721e-02 -4.985027798329453447e-02 4.371874471467901979e-01 2.380797641145271926e-01 2.163238660939945657e-01 1.436568375186878573e-03 -4.835982489895738201e-01 5.281472569174396892e-01 -1.929352944327442643e-01 4.937576971368057843e-01 -4.653423164653141542e-01 -1.431815776296191944e-01 1.516416361818166691e-01 1.418325455666015478e-01 1.696384840932172733e-01 -4.193946012635682008e-01 1.419398972838076534e-01 -1.845202029550313538e-01 3.381370530087414172e-01 -3.568523675422030084e-01 3.140304241467901103e-01 -3.952231545545321634e-01 2.491605969949735322e-01 3.478645133466205519e-01 3.120324924308081130e-02 1.733511323632150047e-01 1.580732051259287618e-01 2.865664804541364630e-01 6.297378210503727647e-02 5.795585539442384970e-01 2.957898596985139572e-02 -2.498367253907974456e-02 -2.549304609566008795e-01 -1.117493131371441045e-01 -3.436827438888301889e-01 3.212789939710792297e-01 -4.154845709190227443e-02 -2.807604707904620689e-02 -1.117556678356159960e-01 3.057433321762765069e-02 -1.690261384759896013e-01 -1.614617698776812382e-01 1.465475185853932771e-01 -2.361646269998248504e-01 2.311494579425306395e-01 -2.597702291302438904e-01 5.784003074940853306e-01 2.990692444587715604e-02 2.546758096160373075e-01 -3.995713047026603348e-01 -3.325635628727354742e-01 -7.326544146539883118e-02 -4.875182092085082464e-01 -2.321818175907248427e-01 -3.572583219566412283e-02 3.801207531308112286e-02 1.930352023406301520e-01 -2.078146954016702186e-01 -4.588658076243007367e-01 6.380591539510851451e-01 5.948571410210352906e-02 4.371325520242009821e-01 5.602069680759215187e-01 -1.498385631800492335e-01 2.735289510877708108e-01 -1.210834682875489704e-01 -1.754701265695249590e-01 -7.211938917044710684e-02 -2.634998137182438804e-01 1.160884203115684077e-01 -8.693898854360018746e-02 4.807540189751286497e-01 1.967337619553183314e-01 4.944070792103738565e-01 1.327750854621465026e-01 2.849286339891357045e-01
-2.688733549471972184e-01 -5.016097393461449450e-01 -2.058594829527039816e-01 1.105582226235642257e-01 -1.056259646577557137e-01 -4.291282539773513260e-01 -4.906342825961831355e-01 5.546965859275260202e-01 -3.298658304757922655e-01 1.054205253829079009e-01 -3.202943313732264236e-02 9.520014986198298279e-02 -4.164123850193738874e-01 -7.468179215150579087e-02 1.601635784356340853e-01 -2.305161000994842002e-01 1.275420591271792491e-02 3.205186293453745477e-02 -4.930903310229719505e-01 -4.922786984204444161e-01 9.697756222978244633e-02 -2.448187812003858321e-01 -4.151428334038691215e-02 -2.310377519955081616e-01 -2.351066924255801327e-01 7.044323298569807323e-02 2.597286944362238725e-01 -1.639569824568060108e-01 1.198183969075616723e-01 -4.628116019528062952e-01 2.659039181231026006e-01 -1.451438767905705203e-02 -4.759417173074070861e-01 1.725870345274270190e-01 -1.333953469665493385e-01 -3.551402885453522340e-01 4.020293472024473180e-01 1.963719497993427487e-01 2.816557195453580076e-01 1.182680375208271378e-01 3.341667307270526632e-01 -2.188249906003873479e-01 -1.202183847336545375e-01 1.081540290993827369e-01 -3.081090591093389452e-01 -4.995449404176906943e-02 -2.945054983437884188e-01 1.876768482292347495e-01 -4.482118992324535256e-01 -3.126061722913224816e-01 4.887653966655627902e-01 -3.040495426359536915e-02 4.534637760005333362e-02 -1.234046748813992372e-01 -1.766550828523922867e-01 -2.692017337568947677e-01 -1.574916142073227165e-01 -9.050648542318323608e-02 3.661513468567069718e-01 -3.304353304076398379e-01 1.039876246379158042e-01 -6.268088435545395853e-01 5.524825113252135322e-01 -8.254825146798155933e-02 -3.534963150354763495e-01 -6.519586207729037575e-02 -6.683329018344086325e-02 3.451790645331486163e-01 -1.086721643850048769e-01 1.138703355707101766e-01 -2.114810858049616937e-01 1.459401482890160806e-01 -3.292192616739293975e-01 3.251584028693278450e-01 -4.258978411335408443e-01 -5.147231451337879182e-01 1.933206081593615844e-01 -1.075498915847649672e-01 -1.046636504159070696e-01 -4.584627527442263761e-01 6.657648267107804142e-03 -6.595974842637415403e-01 -6.733136393097055583e-02 1.698928831697568698e-01 1.884641895006488321e-01 2.984607868584112089e-01 2.628293672969735373e-01 -3.974011171407694221e-01 1.509849587078689603e-01 1.591433838316317906e-01 8.844611797905765904e-02 -1.098283048080990892e-01 2.658344995751102738e-02 1.984060008228475391e-01 -8.826313761244156120e-02 2.300749938108695714e-01 -3.563029834420953224e-01 3.450277460266542029e-01 -4.335992679173162889e-01 -9.865720723985886564e-02 -1.604190251104662679e-01 1.859791126376980908e-01 1.565581267529503051e-01 1.365285879872110142e-01 3.812500101124932650e-01 2.082677758563603598e-01 1.094129302432175210e-01 -4.439426599076697760e-03 -9.652659121577712720e-02 1.831503250624445522e-01 4.319710238242256417e-01 -5.043895227000686488e-01 -3.990128521588331978e-02 -4.453371041226890092e-01 -4.149685759097259119e-01 -5.543947753676464058e-02 -4.440306833387540619e-01 -4.020282554802517838e-02 2.635422841885632916e-01 -9.012314601226649458e-02 1.616475808682113491e-01 1.103673559239131824e-01 -5.033897608363036014e-02 -3.988513554883204026e-01 -3.952704746364101851e-01 -2.982885082229428941e-01 -1.069392331280213243e-01 -1.180638895049668513e-01
3.315898024138221323e-01 3.928225710849652108e-01 2.229660173224556341e-01 8.638217659957836414e-02 -4.334048581699611047e-01 6.854750517573287016e-01 3.788376995135631087e-01 -3.298658304757922655e-01 7.193040579594655037e-01 -5.153681724549749044e-01 -4.937982675676145378e-02 1.438118876268776880e-01 6.991957996939733855e-01 4.546102399039311237e-01 -3.829722573329858992e-01 -2.997200725177615044e-01 -3.055564300741299144e-01 2.831916233740941480e-01 1.655062574578729795e-01 7.447312075909533480e-01 -9.957093160640059781e-02 8.200469514851981001e-02 2.456866000435764530e-01 -1.136595406468713862e-02 2.715170648277602239e-01 -4.478849903045646896e-01 -1.490820564317162922e-01 -1.351914336277303119e-01 -5.775580121994060984e-02 9.655794706575895892e-02 -1.065852705427919739e-01 4.847408307010787898e-02 7.235394001322194013e-01 -2.512156761813333361e-01 9.525956030773992389e-02 9.333602742212017134e-01 -5.959717737940385396e-01 -6.727149613824668917e-01 -6.548327423967838234e-02 -1.207824544650006916e-02 -1.878097895139220763e-01 5.285344062332131276e-02 1.255785935187468116e-01 -2.267750317298194290e-02 3.203933047988943850e-01 -2.782843117527767848e-02 3.823867587769912424e-01 2.180586667634590303e-02 7.008268956072509770e-01 4.147778128101816120e-01 -8.907690991290979632e-01 -5.738486627164398474e-02 3.484561534003503130e-02 -2.128280725464700707e-01 2.806777301422735960e-01 1.652266983882671181e-01 2.695070486008576127e-01 4.768559530407147085e-01 -9.377278839158207369e-01 9.716162222885722788e-02 8.989308644764641698e-02 4.136620134174919805e-01 -3.419237761606854775e-01 -3.664722161395279898e-02 2.282733083868541679e-01 4.248097361962183821e-02 5.404212312539397739e-02 7.842262168055184890e-02 1.675914413067710329e-01 -2.512032734363132680e-01 3.445647717956326073e-01 -5.792944889479357817e-01 -2.093884865650268712e-01 7.895778561618402303e-02 7.036390545744662939e-01 7.414413766320080423e-01 -2.754193291937756527e-01 -1.053811439610522899e-01 1.937586384350193369e-01 7.154600082920525850e-01 -1.147947291741328694e-02 4.996499604390733928e-01 -4.572627283450853564e-01 -5.540407229718048443e-01 -2.643898837052588435e-01 -3.790869081775463667e-01 -3.723915864783973739e-01 5.762643865009178246e-01 -6.370758052436782393e-01 4.969751554543763022e-02 -5.707633038741900811e-02 2.560433090836072845e-01 -1.984967991622046402e-01 1.923752839465310560e-01 9.205067987473407320e-02 -6.722471504888299920e-01 4.509940006733414442e-01 -1.919291468616163010e-01 5.812790447572274699e-01 1.985504240910621054e-01 1.651743902531405406e-01 -5.988258969391686559e-01 -3.847317742027132614e-01 -9.540439220512710039e-02 -9.882941891506079601e-01 -6.639355074232154985e-01 -2.748534211538958272e-01 1.825849780479835704e-01 1.031522671068186986e-01 -6.746441676119853126e-01 -9.386712389908358212e-02 4.609214621713381699e-01 -4.657101462082029186e-03 5.188347931081013220e-01 5.717239167990931792e-01 -2.531040040899830076e-02 7.129560335910988256e-01 -2.398732704260210513e-02 -6.982934488491505665e-01 -2.063085121082085804e-01 -3.457660471563884785e-01 9.923381569855264928e-02 -1.775724530897887787e-01 9.408579089991753186e-01 6.579952463647632532e-01 5.891661698309695605e-02 2.591902156255212475e-01 4.649782023571594203e-01
-3.399045272709766419e-01 -7.097673741567084305e-02 4.380652108678226297e-02 -5.857628120872058197e-01 5.370440698000712443e-01 -2.339734688717056144e-01 -3.098953254023846804e-01 1.054205253829079009e-01 -5.153681724549749044e-01 9.989564011563414336e-01 -1.110165668185319338e-01 -1.278457152466948299e-01 -2.510567814749975479e-01 -5.923122717620962208e-01 5.619523613512095173e-01 5.098136036142745242e-01 7.708254311327679131e-01 -1.476115588055365302e-01 1.563190639751828592e-01 -2.028745670194157524e-01 -3.626563940310253975e-01 1.198597132681470667e-01 -7.959986531194823689e-02 4.263470736590955767e-01 -1.601694675895772302e-01 7.014747107531411618e-01 -1.075163262437869027e-01 -1.883415972787044323e-04 -2.114466403942153599e-02 4.031430023565033549e-01 -2.357053742429619445e-02 4.810771845443391481e-02 -2.033907373098323146e-01 7.250233707608270961e-02 -2.781093602215339855e-01 -9.328568544969588761e-01 6.708831556584212708e-01 7.229690141518017032e-01 -4.067959600023980660e-02 -7.289411537836509858e-02 1.835347433950028362e-01 1.958350798299228201e-01 -3.521594997695495222e-01 -6.111645886655705379e-02 2.026370149263671816e-02 6.909074824204435028e-02 -2.273077048042552728e-01 -3.986365885065581427e-01 -2.153472233188071794e-01 -4.074321082696527041e-01 6.483758540424856553e-01 1.029519036287329381e-01 -2.544855274794257105e-01 8.386731932675843826e-01 -3.480641394511106435e-01 -1.957732312437146793e-01 -3.539761124623995725e-01 -4.994951340855683930e-01 9.357876125707540460e-01 6.990471943112899766e-02 -8.183384479680508305e-02 2.398282158118111296e-01 1.208987629785055751e-01 1.218990548106010791e-01 3.015080995235999151e-01 -1.257283320294917406e-01 -1.664529650074136891e-01 -1.860035761201877524e-01 -7.316113570958494849e-02 4.207748489816284798e-01 -5.093645038137173398e-01 1.045442914478882379e+00 5.614858442608546829e-01 -1.710366963069943624e-01 -2.309925936143264469e-01 -1.969441567964108075e-01 1.239412281710772397e-02 5.487202053196373747e-02 -1.612709643044465402e-01 -2.198153083058253798e-01 -1.265188681354377509e-01 -2.031003181179168449e-01 5.678468144317223576e-01 4.644555453725601746e-01 3.038624490139061329e-01 -1.617946566061102265e-01 4.585953484070695585e-01 -3.784647710269883336e-01 5.943748899574223810e-01 -5.640577285617441872e-01 -1.567167376630337616e-01 -3.055261013284169547e-01 5.952063143650322408e-01 -5.416750372345734421e-01 -1.550128823816376844e-01 4.721519951170549123e-01 -2.850643172848101869e-01 9.706962079953060374e-02 -5.746098038134527242e-01 -3.578524392653561481e-01 -3.018511918357316137e-01 1.022385338978422098e+00 5.852489435374790272e-01 -3.554101710050398821e-02 9.783907682968573383e-01 5.122650720097029486e-01 -5.453530974837927231e-02 -4.829691961677935463e-01 -2.200365030020213220e-01 5.369272007053617068e-01 -2.359174058436290800e-01 -3.302158440814783602e-01 2.170032951973719648e-01 -2.067077492517432336e-01 -5.918663145477512932e-01 6.021217636839747145e-02 -2.317376318840654037e-01 2.483217362818484486e-01 7.132776771543382077e-01 7.918267090968842403e-01 5.332476073983333231e-01 -5.249262388562037085e-01 6.673510827810033019e-01 -8.849887251248195197e-01 -2.092630847391809268e-01 1.026893735762137438e-01 5.986105638297379607e-03 -8.583904751489307428e-01
-1.012881375937237233e-01 -7.530282909460285848e-03 -2.969130142793923177e-01 1.082171430992913685e-01 4.144108048845523973e-01 -5.099006733220295962e-01 2.457660481009135423e-01 -3.202943313732264236e-02 -4.937982675676145378e-02 -1.110165668185319338e-01 6.634842927725549400e-01 -3.725713844727049362e-01 -5.149979057358257117e-01 -4.066463968811830365e-01 -1.886822771346773897e-01 3.923628846519322533e-01 1.582112500828168900e-01 -2.847152354237194039e-01 4.097817057477883829e-01 -5.311643542112334249e-01 2.102747681842655758e-01 1.407639408339256271e-01 -6.689706911858174232e-01 -2.333188327212090685e-01 8.446565960977026055e-02 3.120030956753296891e-01 -9.415892688605920213e-02 7.522340552062186658e-01 5.343020397602246119e-01 2.246979544716616872e-01 -2.563314623571869566e-01 -1.319517086068000000e-01 -4.792518104014417690e-01 2.177518043862352870e-01 1.888727488433058488e-01 -3.965910133807325905e-02 -2.783998922346829774e-01 2.937403340048282963e-01 -7.229450335737237499e-01 5.049433796423072884e-01 -2.390321754770846074e-01 1.816402697144349765e-01 1.739511331057809473e-01 5.541555173596544037e-01 -8.014224928220212152e-02 -4.435922038707783566e-01 -3.544194249196981339e-01 4.693294353619434367e-01 -4.630496254804055689e-01 -2.689896241723294668e-01 2.435784687615057398e-01 -4.704628506342069527e-01 -1.296866090457754472e-02 -1.078716520200077300e-01 6.582217750975698500e-01 -4.141887548762534371e-02 2.130337866417080783e-01 -3.868826646270280278e-01 5.877713250338088488e-03 7.285432153590855053e-01 -3.547737425309107628e-01 -3.642083049969724318e-02 3.411013056701190510e-02 -4.298264614851337595e-01 -3.136037680568712349e-01 2.054638163983584231e-01 2.551842851313287364e-01 -5.266099598982734165e-01 1.687867331366325052e-01 -1.893866796075921732e-01 2.435458578320109091e-01 -1.214756802568945637e-01 4.141435277513674795e-01 -4.910297581724936133e-01 -5.093904201904038143e-01 -4.276275302630139774e-01 3.924690775404564014e-01 2.302783211535253116e-01 1.668641748552098514e-01 -4.717781360584717976e-01 1.561896740932691707e-01 -8.885930770416406235e-03 3.244422934807862924e-01 4.257226075133830334e-01 -2.750675258745108320e-01 4.423314975629648593e-01 -1.946372213564954434e-01 -2.363881165558318620e-01 4.044123113156821714e-01 9.615208794826661520e-02 -1.031817928319036237e-01 -1.547653771313542148e-01 -2.071826193716622411e-01 -2.584794208548035765e-01 1.525522230885379138e-01 2.868683369118713578e-01 -3.143903874678414812e-01 8.257913300766515918e-02 2.974418347931665485e-01 -2.144106801204816448e-01 1.802524047235396221e-01 -1.614495234206047292e-01 -2.221432557385975837e-01 2.217598650676732286e-01 5.356689452734487294e-02 2.520314981907204044e-01 1.997678594556809850e-01 -8.399363399902350091e-02 2.074691011231952487e-01 2.840277772021997937e-01 -4.437801674911942551e-01 3.866169033915274333e-01 1.279138686838163230e-01 1.544162718729317693e-02 2.734116358416970871e-01 -4.359318156761015084e-01 -4.645770381035313479e-01 -2.936559941271692509e-01 3.159971104487309113e-01 -1.044020392400185765e-01 -5.888869779069736549e-02 3.539279869737086415e-01 -8.643647885581456913e-02 -5.504835755962862037e-02 -5.747952240047294881e-01 7.275417170212017393e-01 -1.131945373988854225e-01 8.249090776342192510e-02
2.389587955690444798e-02 -2.630519926432621156e-02 1.239657486644502871e-01 -4.778709938544885988e-02 -5.159500096513670586e-01 3.834475794705807239e-01 -1.846732139275896745e-01 9.520014986198298279e-02 1.438118876268776880e-01 -1.278457152466948299e-01 -3.725713844727049362e-01 4.192170501980300723e-01 3.971355110559056656e-01 3.033663411494791906e-01 9.828748500244126329e-02 -4.561233763944821384e-01 -2.205829882889560611e-01 2.244290684085834819e-01 -2.757941467025235016e-01 3.785525882290749489e-01 -8.930851967707310879e-02 -8.861387376782969838e-02 4.032249815058613351e-01 -3.892410516452841224e-02 -7.420998612234112890e-02 -3.654063743539455178e-01 3.472453850854503171e-02 -4.716806637652989909e-01 -2.125242341161593385e-01 -3.205573558143385848e-01 2.658673111487353524e-01 5.916484714988253651e-02 3.629361973558565824e-01 -9.707359877161265971e-02 -4.217293964594445721e-02 3.179806488606720105e-01 1.128863254784299858e-01 -3.966944378297388440e-01 4.135125667227594892e-01 -1.921383008964852590e-01 2.075419564673176842e-01 -8.798395549915663527e-02 -2.350853026789978192e-02 -2.103338703976710689e-01 6.175672844556816254e-02 1.675404392359816363e-01 3.101929695687909994e-01 -1.162522748693278762e-01 3.595339740760040148e-01 1.347139094704089268e-01 -3.598324979574396565e-01 1.635438459872868011e-01 -3.299131514508903823e-02 -7.877090719070174718e-02 -2.800319948807852843e-01 -8.514213866358970317e-02 -7.972561470784179927e-02 3.431110702746532071e-01 -2.823239102319031191e-01 -4.237560279072579705e-01 3.877891215532346947e-01 -1.198394545570847514e-01 6.893423475366794451e-02 1.470592227601827118e-01 1.535044799176091823e-01 -1.208803220265932260e-01 -1.360226808983596158e-01 3.750076490522513684e-01 -3.979686319110833231e-02 4.454200163616728325e-02 -1.123948709514569072e-01 -1.316319204142813726e-01 -4.862492279727432809e-01 3.509387555636273581e-01 3.888296932189259092e-01 3.087518715582739937e-01 -1.891265114965936800e-01 -2.529122170160506000e-01 -3.418626338927351072e-02 3.683179288307431576e-01 -6.548232332277821588e-02 -5.630148416846287446e-02 -4.598553196139502641e-01 -3.165964540038990194e-01 1.115615756622966026e-01 -1.829176604549439256e-01 9.578260849505648711e-02 1.426844762852528259e-01 -3.497898469293607149e-01 -4.122227962018542441e-02 8.453812453328100537e-03 2.066184283293635571e-01 1.104114790300255444e-01 2.943339713600622853e-01 -5.340145625399466550e-02 -3.153479792328986453e-01 2.938356899420024870e-01 -5.002106503777681290e-02 -1.160321440052642650e-01 2.167798302836660418e-01 -1.874550250117396066e-02 -8.774968813106572008e-02 1.092442534955351402e-01 2.331958506002904455e-02 -3.147446287664372178e-01 -3.034778345215680129e-01 -2.362096531458405535e-01 1.452503721419808880e-01 -2.106786056270575913e-01 -3.378779032390260006e-01 2.761784038606401315e-01 -2.388609869136870123e-01 -2.506574078613829637e-02 2.648278145029392405e-02 -1.104811339471607756e-01 1.541809503588162933e-01 3.507795806724383070e-01 1.166769930956333412e-01 -3.807791992967353711e-01 -5.029176800011255638e-02 3.516006452858750492e-02 -1.947587752693808599e-02 7.853731758305190422e-03 3.003563076651324937e-01 4.319653617024028502e-01 -4.251417291582764157e-01 3.957007100990661552e-02 1.325507507944066188e-01
