4.681033567321105093e-02 8.301301602482555678e-03 -3.290906534754314827e-02 1.573696019895699100e-02 -1.460252626021033354e-02 -3.129548160122851835e-02 4.452872873859396730e-02 1.094707919040356289e-02 -1.387170396448442894e-02 1.298789205176700823e-02 -2.723674375324241365e-02 -5.550372149422752588e-02 1.363317921607875259e-02 -3.841689804493061966e-02 9.613102413034228452e-03 2.210567784937798180e-02 2.871018542192517800e-02 8.736440150894850265e-04 1.933721161577845252e-02 1.033878047339409183e-02 -2.656536375906062841e-02 -2.675053019357432910e-03 9.942813467463047436e-03 2.077340978801403906e-02 3.694804940466733020e-03 -1.971470937989759122e-03 -2.611957089337503535e-02 5.324717226446398777e-02 5.676573431799635840e-03 -2.720805590620719444e-02 2.751571567688701481e-02 -1.171327569226215601e-02 -1.872817861577746185e-02 -3.755242166646585722e-02 -3.765363753452134320e-03 3.749338146207409090e-04 -1.066003540215574794e-02 1.123605193003482557e-02 -7.157647546281306269e-04 1.051389617282065189e-02 1.774187427185400928e-02 -2.167524299775564628e-02 4.566506583980379369e-03 5.181276775055187848e-03 8.302978509671682383e-03 2.547392739367091308e-03 5.069905521136248289e-02 -5.273773304985088228e-02 7.136337899940160996e-03 1.670404649423025412e-02 4.979798449447447178e-02 2.541566440121706752e-02 -2.640882701150210760e-02 -4.936676243144945235e-03 -1.043351426915078983e-02 -1.327325845911356272e-02 -3.625883854859759947e-02 -2.846122482997200109e-02 1.169303289003212690e-02 -8.902348718801673597e-03 1.158312236010690215e-02 2.508508060865237334e-03 -1.777278164493381954e-02 4.292313678935860688e-02 1.733095070738466942e-02 -1.765264561014777281e-03 -2.259046313418819341e-02 1.671746876872666140e-02 -1.241972126425814130e-02 2.768242176727717802e-02 2.273922385179804814e-02 -5.773301867600924044e-03 2.780166194032759885e-02 -2.244424300535027145e-02 -8.420880489827361343e-03 1.666049808630011564e-02 -1.910873917684407901e-04 -3.154505943701220450e-02 8.599945037266363071e-03 8.370857390743335902e-03 -3.005325285667895252e-02 4.933755957830368577e-02 3.444020036766941382e-03 -1.056578330479200287e-02 1.212261170251390137e-02 7.204909055982251613e-03 -3.150802219332961979e-02 -4.476950777232569477e-03 2.590872162017347075e-02 -1.275159140460753460e-02 2.743389649557112855e-02 -8.824100983280654467e-03 4.486985104720452727e-02 -1.089243413941027444e-02 4.375632850056871206e-03 -1.114151611520372218e-02 5.838825736278034813e-03 -6.924121426773916649e-03 4.510583086513281215e-03 -2.294465368914525103e-03 -2.328622754080516416e-02 4.380094260182756244e-02 -2.469598237813599995e-02 1.822700121453208963e-02 1.451951427976264780e-02 -1.005269130521958473e-02 -9.528614647811844019e-04 -2.049594402821228525e-02 2.379767493310067095e-02 5.477631677734777493e-02 -5.223369479927347271e-03 -1.050141691451181997e-02 1.369749108819725419e-02 2.615563390389867224e-02 -1.096891289796245346e-02 1.736846256666501817e-02 8.735520633971512530e-03 1.022893425879706567e-02 1.954675532505355598e-02 -4.789022231722774416e-04 3.239221088519496361e-02 -8.701649728234181827e-03 2.334438529242000709e-02 4.275051019523683758e-04 1.418133674821668230e-02 2.177206267297256484e-03 5.018020726724942149e-03 -1.176924970640073377e-02
8.301301602482555678e-03 3.636766167692006418e-02 -2.451681558975185582e-02 3.231371431448868542e-02 -1.696291610932720503e-02 -8.954132915687001981e-03 2.382878713065306187e-02 -3.904178922890744197e-02 -1.633877767550995230e-02 1.513357882159348244e-02 6.829576509181351125e-03 5.971512131709756817e-03 8.604617956233301043e-03 -4.843106011537400175e-03 2.940070873472135689e-03 5.002676322759677663e-03 1.003309264461544822e-02 -2.427007747827117715e-02 1.473886505047276169e-02 -4.085118311180027488e-03 2.950956882875472101e-02 -5.744453517573584744e-03 1.859407221014175091e-02 2.086821213665875346e-03 1.142743919512839885e-02 -9.602099474825123021e-03 -8.894604714144537308e-03 -3.219203310677991488e-03 -4.513187761372362827e-02 2.374883751778020247e-02 -1.418423103824501506e-02 -1.276954168508751724e-03 7.704435642447883667e-04 1.260027924163521773e-02 -4.220871268316961356e-02 7.256871060778473208e-03 2.004341068017142027e-02 -3.667776776377398157e-02 8.011635314937625915e-03 -4.400032429897466485e-02 1.580461409577778396e-03 2.486247098887361091e-05 1.725998018194983830e-02 -3.494193084899916563e-03 -1.879621984686100609e-03 3.291637203649280113e-02 1.132987715608704121e-02 -8.900923991972181301e-03 -2.578847366348801119e-03 1.838861210662115844e-02 -1.054189927338187310e-02 2.241961280660415695e-02 -8.640013007748545068e-03 -1.397869229191500348e-02 -2.834077579650503415e-02 5.481265743030746228e-03 -8.895766468551516426e-03 -8.361494482367476389e-03 1.024166592261259619e-02 9.456934188337415281e-03 -3.591419340839971039e-04 -1.330303652558262849e-02 6.866584093295749827e-03 2.132548768170998421e-02 -1.678643316082785789e-02 -9.803139363386732807e-03 7.160117428877389896e-03 -3.566564350095759606e-03 -2.928811056342127753e-02 4.023741760403773751e-03 -3.354564324878554771e-02 2.274964941868519094e-02 1.701665740379661521e-02 9.182210016638221728e-03 -3.756273719102146396e-03 4.134519790843006228e-03 -2.186548345720116995e-03 1.614324281388649154e-02 1.411361847506624424e-03 -2.563672518904311793e-03 -4.482599455236367658e-02 3.247407763178981714e-03 -6.416279234817806251e-03 -3.390231201399870192e-02 -2.389483736319800850e-02 3.455677008765433572e-02 2.530738964912137082e-02 2.082198723151166501e-03 -6.126544749646596795e-03 2.184386950237210759e-02 2.064525683183724564e-02 3.791359144464629544e-02 1.530572747015481426e-02 6.000339711263075713e-03 -1.342226532921170050e-02 -8.781280698598772341e-05 3.517185348338414813e-02 -2.884362208788289819e-02 -7.905146525852271497e-03 2.073760891581244437e-02 -6.527484143337594462e-03 4.243245780503375995e-03 -1.018301352414169476e-02 7.447038085414240359e-03 6.275960006575435207e-03 5.421547878240623973e-03 1.911824013691014804e-02 3.201167059316042257e-02 -1.468717901132544478e-03 -9.205763334835332041e-04 -9.038840554199810851e-04 -9.655538461128900657e-03 -1.637266301490053477e-02 1.488374061319912116e-02 -6.610488590032056067e-04 2.401059222209441651e-02 -3.186038548990643288e-02 4.706072008209058466e-02 -8.005536300299386648e-03 -2.346672026805227823e-02 2.029899921288630393e-02 7.763251139474459418e-03 2.360127662371919871e-02 -8.819088625581197188e-03 1.231688479322948226e-02 2.651201648645482717e-02 -2.044871028681612829e-02 3.370364667609920730e-03
-3.290906534754314827e-02 -2.451681558975185582e-02 8.421285633119643399e-02 -3.659641233434393626e-02 -3.592500202270611925e-03 4.693336459928564020e-02 -3.267283382372609263e-02 1.785282433913836300e-02 1.424914384507317174e-02 -3.738185748844618378e-02 -6.007627418179573410e-04 3.669689194758914141e-02 2.592362191037138330e-03 4.423905063950982902e-02 -2.389363971294349714e-02 1.724015207232876441e-03 -4.982906417512344976e-02 -9.499278201042970354e-03 -1.915809094022649650e-02 4.467719543317582968e-03 -3.352517867458813285e-03 2.297119478557073445e-04 -4.877851461753469550e-03 1.196291513882292816e-02 -1.572302899812626784e-03 8.905045431684714338e-03 5.303440553797605234e-02 -2.982546754059508046e-02 3.251297629626221514e-02 -1.204386187679184345e-02 -1.348882345612313280e-02 -2.689491549788337529e-02 5.107116189916456606e-02 1.037548945820610967e-03 2.718973691418503577e-02 8.477562195396406639e-03 -2.613854052636405481e-02 7.548193969801501174e-03 8.918637513110400832e-04 1.826200252053559320e-02 -2.620920584007034940e-02 4.376379638032301678e-02 -1.180863479178857582e-02 -3.141612431902795349e-02 -1.472641096607649842e-04 -1.069212257488598309e-03 -4.899270040663871589e-02 4.702720968352440412e-02 6.531861481122693686e-03 5.219176751453106188e-03 -2.852226547935925172e-02 -3.610958395844623275e-02 4.786661096757727912e-02 6.841781744061151138e-03 5.856209807693452812e-02 -2.424091645991021185e-02 1.839314914403463244e-02 5.421635571875237786e-02 -2.377287527553795590e-02 1.651611983213058243e-02 -2.850194193459847786e-02 -2.052732111509967747e-03 1.999220587596453949e-02 -6.605930150046938898e-02 -1.190424180428380566e-02 1.465545129305877853e-02 1.970909038274920935e-02 2.809546146328982877e-02 3.981126005862571648e-02 -3.879827685636803164e-02 1.628584970599613116e-02 -3.175199955575168376e-02 4.316447086862835666e-03 1.666963666108466080e-02 1.845080297061172173e-02 1.942286954718063820e-03 -5.136042977713875524e-03 -3.471569790460671181e-03 2.947938941267128424e-02 7.233532417143528903e-03 7.401672498715856918e-02 -2.887028108588741634e-02 2.768898792165090314e-02 1.748432016480967266e-03 2.153100383915953694e-02 -2.246225721562298758e-02 -7.553118574194012808e-03 4.506977688694543960e-02 -4.626569813115063295e-02 -6.158246437043743242e-03 -4.791147915747642760e-02 -1.705021395157209699e-02 -4.435853821576059980e-02 -1.990604978521653273e-02 2.300953138745666024e-02 -4.389560477098447371e-03 -1.358066347298347507e-02 5.722787534447297542e-02 8.748438342994702827e-03 2.201259539367556722e-02 5.281065263062328929e-02 -4.415951026406828017e-02 3.139558212851596697e-02 -2.226896824636106359e-02 -2.637401386875740453e-02 -3.792849493399131060e-03 -3.683099534110459861e-03 -2.181779609125712033e-02 -1.094682597006719528e-02 -3.376949079963907641e-02 5.215201092935922017e-03 4.394244963834549600e-02 -1.753736725821787232e-02 6.697586589957605556e-05 2.572743340744263266e-02 -4.435662078610391051e-02 3.285791717098467818e-02 -4.298604936041141439e-02 -4.015686990605610296e-02 -1.737799439791651171e-03 -5.426832522949641413e-02 -8.126714683215106177e-03 -6.202692337885290508e-02 9.754016325436534393e-03 9.789979365455810448e-03 1.664732950174203138e-03 3.970953909401736537e-02 2.289865601786084809e-02
1.573696019895699100e-02 3.231371431448868542e-02 -3.659641233434393626e-02 3.544058278499058467e-02 -9.155437253344092877e-03 -2.390466201659033341e-02 2.382901878110720365e-02 -3.362932789296458475e-02 -8.764574262383511422e-03 2.229192068648404995e-02 1.346438505667428651e-03 -2.876405592235932451e-04 4.667673409472251032e-03 -1.195175787257704916e-02 7.762101648868960715e-03 -1.251019570666355015e-03 2.565032153825503453e-02 -1.067924712523088751e-02 9.039288342602733867e-03 -6.009444242437204931e-03 2.489832470924934274e-02 -3.521709372888937647e-03 1.777723354052411150e-02 3.175930332106593947e-03 1.321233441553062125e-02 -1.092625479478058492e-02 -1.833711411225725368e-02 4.403793496616839045e-04 -4.364957863488579115e-02 2.242380326178927685e-02 -8.292767984567604028e-03 7.849539279961074284e-03 -9.701512171917123575e-03 1.296012449869032683e-02 -3.281490937556711535e-02 1.504326634766271504e-03 1.528354636003601517e-02 -3.029701156990372013e-02 1.255732101315891122e-02 -3.889748980139397239e-02 1.313329875587172096e-02 -1.655187563784699806e-02 1.671522006660364212e-02 3.870871190972543022e-03 -3.249654721480413431e-03 2.339844995074421424e-02 1.803115256909680261e-02 -1.235916665553695587e-02 -5.110285798232175672e-03 1.047177446948668531e-02 -5.274941030793641947e-03 3.036583957132436146e-02 -2.346066243162493389e-02 -1.910619863193677159e-02 -2.912870896080966415e-02 3.461446161723143958e-03 -7.725449361464764055e-03 -1.659288981950220870e-02 8.852618583115194617e-03 -4.256923259438158587e-03 1.230040874751316474e-02 -1.664671579944116894e-02 4.184694775353937392e-03 3.311773535714884059e-02 -1.650976068867872001e-02 -8.698994097624253991e-03 1.312856737968837780e-03 -1.022822245867836127e-02 -2.899923590192474490e-02 1.488308920002924529e-02 -3.095699324914838110e-02 1.907582225258672506e-02 7.125466915307430114e-03 6.501323846198820908e-03 -1.605923564267045184e-03 -5.989225618352118138e-04 1.258310579808686420e-03 1.380268569721615143e-02 -2.984516321342752312e-03 -4.956647440169430208e-03 -4.822695190726126319e-02 6.267695975484400932e-03 -1.599249989876632208e-02 -2.170173167714610843e-02 -1.782321884980581778e-02 3.394057294716838757e-02 2.189615502824358850e-02 -8.733959515392349798e-03 1.155775456395645266e-02 2.082779376174185432e-02 2.706724484106172446e-02 2.894623651870658135e-02 2.009313783069065912e-02 1.316018839631879177e-02 -1.362522637916317378e-02 3.445497615264900282e-03 3.287950243750732693e-02 -2.905795964174704218e-02 -9.641359050971359465e-03 1.086850905656997802e-02 -1.501234361388356642e-02 8.454640240758509728e-03 -1.788425557618965323e-02 1.500303447036515844e-02 8.064155563635268600e-03 7.189844195037444451e-03 9.097269762315654887e-03 3.107292851028944924e-02 4.659157975517539720e-03 3.071594259986131989e-03 4.985038450263468666e-03 -1.680886833477381395e-02 -9.126027164762094690e-03 8.492147130032224808e-03 -1.438758056351517947e-02 3.265357982363502332e-02 -3.259261036513856624e-02 4.034282176246710427e-02 6.922838009059502015e-04 -1.272652896852990295e-02 2.630975700846778856e-02 9.178257217210395932e-03 3.036625968857969635e-02 -4.096880995264308260e-03 5.685966159194839366e-03 1.255036805543103574e-02 -2.170373062213885873e-02 -2.860129826537413916e-03
-1.460252626021033354e-02 -1.696291610932720503e-02 -3.592500202270611925e-03 -9.155437253344092877e-03 5.542279166310630500e-02 -1.579978822488097012e-02 -3.719966835920804349e-02 2.489205870041272597e-02 2.517557570919681451e-03 1.489333241160543421e-02 7.727204443127349588e-03 -2.314028687807431761e-03 -4.496219187773257964e-02 1.194625323943602699e-02 -2.991156469161098015e-03 -1.496381720255965083e-03 1.774570562952201835e-02 2.809902621757251473e-02 -1.160548010443271643e-03 -3.663328249831104139e-02 2.645359999531744170e-03 2.923945960581485898e-02 -1.774141010308059180e-02 -1.858447028376678661e-02 -2.100343037235294016e-02 -8.191203689780780220e-04 3.526574875834960748e-04 -7.982390331513364518e-04 1.439444842066489767e-02 8.769698250681426388e-03 -5.609592343647708430e-03 2.813792041484951614e-02 -3.001736812053595188e-02 1.235099235217931857e-02 3.882001654926835188e-02 -2.050947772016545670e-02 4.840280038397242607e-03 3.204488043956008753e-02 -8.746813673150680146e-03 2.795322176567747660e-02 9.707577925659722703e-03 -2.674751361896525459e-02 -9.987231212148081280e-03 9.102931761014272302e-03 -3.543704361076180365e-02 -4.037461819042938854e-02 -2.043325633292399079e-02 5.684937770476426733e-03 -3.536577456100321176e-02 -5.355804839692889646e-02 1.023176609633191965e-02 -1.164467680816301184e-02 -1.873871298428000931e-02 9.536576111889032495e-03 -7.396729037783897863e-03 1.690288406870320281e-02 2.075264292914685144e-02 -1.414679370155145360e-02 7.192688826582933643e-04 -2.356601095807116242e-02 2.138684568197820463e-02 9.174137873290041587e-03 -3.608286315907505495e-03 -1.598475182249840896e-03 7.497600333272502575e-03 2.712915911723150220e-02 7.737549999740313787e-03 -4.353311180849432638e-02 3.023575641098800657e-02 7.003806372692008772e-03 1.393360088862383855e-02 1.654564260134881162e-03 -4.270460645071866984e-02 -1.121632020132357251e-02 -1.457519464292177276e-02 -4.330561014612940157e-02 -2.849109377032415114e-03 1.858192914687814556e-02 -2.559294253687300832e-02 -3.763261785169587370e-02 2.314105078329973392e-02 -1.020634444034690044e-02 -9.157215750925921938e-03 5.369991825985952205e-02 1.361254135589717515e-03 -1.597750784075899211e-02 -7.238769056602620960e-03 -1.274923955046695749e-02 2.722116914228850035e-02 -1.240720471025851196e-03 -7.970815169934149236e-03 -3.217988869649384548e-02 -2.406021451957124010e-02 9.435714067526020793e-03 2.414801772963291737e-02 4.463509246912658601e-02 -2.204519038806278253e-02 -1.148102866595987308e-02 -3.203601667941575332e-02 -3.493291303302283740e-02 -1.992989824899289372e-02 3.441633451468510945e-03 6.286950115766927645e-03 -1.372825499708140579e-03 1.968469111487543190e-03 3.846268418806370742e-02 -1.470543294497998060e-02 -1.128446215854625803e-03 -7.756759797908747110e-03 -4.384496019694362557e-04 1.338527634522729661e-03 9.683939723814534700e-04 6.548049489418579679e-03 -4.849844672427344738e-02 -2.075705921454064698e-02 1.263581732120301615e-02 3.590142607254067069e-04 -3.548495965748926784e-02 2.855173353010058077e-02 2.321981970811709886e-02 -1.221991271169425505e-02 3.743986544169035369e-02 -7.507945019917906977e-03 -2.456710400701561312e-03 -5.004991238403734555e-02 -2.852436047590382190e-02 -2.632462627717037373e-02 7.404355166911770481e-05
-3.129548160122851835e-02 -8.954132915687001981e-03 4.693336459928564020e-02 -2.390466201659033341e-02 -1.579978822488097012e-02 5.081681504744166994e-02 -1.529249216336862026e-02 -4.039624718892442443e-03 -1.500843356286394670e-03 -4.070743533300894001e-02 1.458411653838809219e-02 3.253853489310091357e-02 1.301409475923038205e-02 3.226381175337347806e-02 -2.339209492455622541e-02 -1.490627381980344501e-03 -5.577409783538800347e-02 -2.896135201215226107e-02 -2.022697171141751328e-03 1.829700508726563035e-02 9.983699455384076327e-03 -4.225157449293590398e-03 3.010937654581458036e-03 -5.506705539034332771e-04 -7.833745414797844975e-03 1.015133619221032964e-02 4.332090538547087033e-02 -2.952710232089031384e-02 5.391156011991683934e-03 7.877513749047965197e-03 -1.767596231571659168e-02 -1.901942741701518821e-02 3.884554757455636192e-02 1.406000807464878946e-02 -3.628238172258649395e-03 1.101543757347111206e-02 -6.429040754039475405e-03 -7.767026470878349992e-03 -8.918639643658519620e-03 -3.201122399090339590e-03 -4.167983416444602518e-02 4.878818572584707469e-02 5.409187133637776389e-03 -2.171708643476145256e-02 1.670721584328471038e-02 9.914310237167805323e-03 -3.520325132917408173e-02 3.254875781612233399e-02 1.746930047892705784e-02 1.521066089980723478e-02 -3.013705990803890178e-02 -2.946118607367703007e-02 5.070389866136731233e-02 1.087789710739916517e-02 2.032235846503102975e-02 -3.021554421891013524e-03 6.501375809234148651e-03 4.164561153964829038e-02 -2.105598050963122803e-02 3.289476768530720519e-02 -3.593475725808117222e-02 6.021981106240571063e-03 9.947957570557582410e-03 -5.468198574895333924e-02 -5.773176480406812076e-03 -8.157819778785790161e-04 2.100135774826250579e-02 1.762073031457202232e-02 7.955614661348883385e-03 -2.742875745371567767e-02 -6.101987082719298981e-03 -1.161026613511331393e-02 1.010624314591111739e-02 1.446766622295531275e-02 9.798232004877731934e-04 1.669271854017784218e-02 -8.853538644273609278e-04 1.386334176689943236e-02 1.110419865251339143e-02 1.788085606847798423e-02 3.005462538264799116e-02 -2.857991788222099747e-02 1.319591169686472158e-02 -2.033623471305401678e-02 2.968710959946200059e-03 -8.879638343861118860e-03 1.413314793871645395e-02 2.860938584299391185e-02 -4.895800676721225736e-02 5.656029321374859802e-03 -3.773392825553592567e-02 7.179805687769428256e-03 -3.245425779877443573e-02 -5.058842591751568779e-03 -7.089402710587004676e-04 -2.077792368730640993e-02 -4.738242967600550179e-03 1.915408757922894625e-02 2.041955833995577271e-02 2.412725094818974139e-02 4.051205535331989238e-02 -2.932984191805727489e-02 2.077332392155719146e-02 -2.541110322978746422e-02 -2.760149939578586398e-02 -1.725284516187382960e-02 2.331061029094812914e-02 4.410489797380912243e-03 -8.876230578439975316e-03 -3.311742782178933586e-02 -4.587964882478885904e-03 2.879583810989953460e-02 -1.420012184628865679e-02 5.207491523678988918e-03 4.001514079461489931e-02 -4.108431312828892540e-02 1.783453019473964707e-03 -6.992466694885693390e-03 -3.344684526052223161e-02 -1.634985937427790165e-02 -4.297032853831872501e-02 -1.852461340159520034e-02 -3.670365794646274910e-02 7.414770498668141717e-03 1.547709479892989647e-02 2.560786149650889215e-02 1.896225201151035406e-02 2.597991563125830877e-02
4.452872873859396730e-02 2.382878713065306187e-02 -3.267283382372609263e-02 2.382901878110720365e-02 -3.719966835920804349e-02 -1.529249216336862026e-02 6.265052991726305365e-02 -1.146371349155609135e-02 -1.992644295542345470e-02 -7.022490790807752771e-03 -2.282535370267464725e-02 -4.713580001354044507e-02 3.177746300871001767e-02 -2.840583077894475242e-02 -3.686590106390790714e-03 2.248927711449649758e-02 9.005568330670470426e-03 -3.044314710195536108e-02 2.520312309147203222e-02 2.765981225437263991e-02 -8.250892019162403557e-03 -1.380436598057941180e-02 2.471707842049443091e-02 2.710238428822549228e-02 1.056979937451968041e-02 6.866739561316529891e-03 -1.179393316726680754e-02 4.519567684408450775e-02 -1.752481891752030035e-02 -1.047647752735702056e-02 1.125430858186181673e-02 -2.750538685029948680e-02 -5.314057226259924493e-03 -2.581113389105610390e-02 -2.690723565374736684e-02 1.520642144779891548e-02 -1.171503664826700764e-02 -1.144133470334094890e-02 3.663727493344523956e-03 -1.432629051415930214e-02 -5.053676504875615275e-03 -5.321198729048409715e-05 2.133296249652762849e-02 -8.823782199217431246e-03 2.644839524260189992e-02 2.717938470025611092e-02 4.543284017587279761e-02 -4.815834562420867604e-02 2.160949573413060293e-02 3.995110765329787372e-02 3.713278370558151242e-02 3.247653023826412716e-02 -6.860043444181466478e-03 -1.305225239686208169e-02 -1.852759946909331157e-02 -1.710469205715428945e-02 -5.319386169992277452e-02 -1.838834619860331074e-02 3.826367236305853580e-03 1.308273606559546762e-02 -7.747800312138830407e-03 -5.415171601444627482e-03 -1.407557750762617431e-02 3.400085240676168491e-02 5.839785829282567210e-03 -1.402601165396577705e-02 -5.867354930679630556e-03 2.916926934815597741e-02 -3.524513970992344813e-02 2.338466464252221197e-02 2.749941640397020239e-03 -7.344200254790230961e-03 4.556277565901761112e-02 -9.850744409940997634e-03 -8.914257718719524951e-03 3.747610434304712856e-02 7.979185095485260074e-03 -1.521018079296535680e-02 1.426663074565855636e-02 2.433762585555444488e-02 -5.000111716995155747e-02 4.366865326226734151e-02 -5.594130919533557697e-04 -4.268799303443392840e-02 8.024933082935994597e-03 2.512492362660178127e-02 -1.278089926162645495e-02 1.126304211669102752e-02 3.185261740649509166e-03 6.121593902866995403e-03 2.460044870055653685e-02 1.088212035086525559e-02 3.983477526975237604e-02 -4.554968029505823517e-03 -7.922042229288129081e-03 -3.164637296685501866e-02 2.674313071635846251e-02 -1.470691313899897233e-02 1.903808214981282665e-02 1.900104227077095698e-02 -1.170792172071999197e-02 3.707786970366918483e-02 -3.473049386470510036e-02 7.072438497442334188e-03 2.041154280950337532e-03 -2.579790972439572824e-02 2.733513940512466434e-02 5.850151940099913763e-04 2.913311983169386901e-02 4.557124894198373577e-02 -1.593415459728963167e-03 -3.913309675711035425e-04 -3.250659839546809170e-03 4.619466905842908172e-02 9.522141565296042207e-03 7.358917795640088945e-03 -1.339564289980256853e-02 3.231264726128128817e-02 3.858295327528015860e-03 -2.758044932271936506e-02 2.355318716962240960e-02 -2.373009036926776102e-02 1.947047906392515917e-02 4.166340737858283301e-03 3.402739267433108061e-02 3.257530124337532779e-02 9.206485953840199896e-03 4.203262554574760390e-03
1.094707919040356289e-02 -3.904178922890744197e-02 1.785282433913836300e-02 -3.362932789296458475e-02 2.489205870041272597e-02 -4.039624718892442443e-03 -1.146371349155609135e-02 6.636712323317590922e-02 3.199853147104872453e-03 -6.919485897885420053e-03 -1.721128971139695985e-02 -4.602702228260924927e-02 -1.700225168219841182e-02 -8.510529478517320570e-03 4.439545322414674422e-03 2.000919867900964946e-02 2.037448270242980634e-03 3.140288969492235210e-02 1.101451468450576759e-03 -3.929014979110046282e-03 -5.646089813368192906e-02 1.170487764925332019e-02 -2.849527280609790922e-02 2.901467617401452901e-03 -2.312102301529875628e-02 1.469688219907001187e-02 -3.090838543415232783e-03 4.372393561372238391e-02 7.068773642798216461e-02 -5.272672164545614409e-02 3.418392342209997797e-02 -3.507945820638118384e-03 -1.918324306090421830e-02 -4.293047121076151718e-02 5.379837176456742087e-02 -6.356487036286243182e-03 -2.438549516042805981e-02 6.490875009983854138e-02 -1.720326955667104626e-02 7.444817906603495850e-02 5.912955340343697790e-03 -1.178481349158800283e-02 -2.973551870920462456e-02 8.747802810186670192e-03 -8.507239387917930190e-03 -4.592155818041639831e-02 8.288300015276498997e-03 -2.284634139273611364e-02 -6.106009033222789019e-03 -2.525638479789547863e-02 5.231961386665740649e-02 -2.317578645476294288e-02 -4.032602321709741026e-03 2.198924942177277880e-02 2.472912553996264862e-02 -7.224626402387226455e-03 -7.140585329413538622e-03 -1.451787757778504398e-02 4.845722773455019006e-03 -1.806751771163177950e-02 9.620245801886589607e-03 2.325387931954688708e-02 -1.511053060702102421e-02 -3.080106808523623476e-03 3.515606599843545260e-02 1.832429944441603398e-02 -2.105845217841302922e-02 9.576912958833136078e-03 4.343347754953594958e-02 1.442119817907796349e-03 6.956533133940630276e-02 -2.606820997733625897e-02 -4.239841066274151367e-03 -3.463134297007615381e-02 -7.940850148024048913e-03 -8.686972733693157714e-03 1.955877243421701975e-04 -4.062233724857088751e-02 -2.811854043567907011e-03 -6.280286174814049029e-03 4.666327977220924295e-02 2.913864340978019815e-02 2.091560269663966104e-02 4.727520441484489577e-02 3.119207977951933206e-02 -4.417384096622783279e-02 -6.234101779013492828e-02 -1.575846746240534748e-03 2.169022793694592999e-02 -4.087447822497779215e-02 -1.156602402402674874e-02 -5.520392742856038842e-02 1.420819790155348064e-05 -2.179316259971383202e-02 3.044917362996801824e-02 1.069260099429578982e-02 -4.673820736395331576e-02 2.705049610000642354e-02 -1.310879152421647606e-03 -3.890453696916011672e-02 -1.492563383450825135e-02 2.368332248645047336e-02 8.119539952925171333e-03 -6.690220078063633009e-03 9.228632685843979333e-03 2.378304257807762907e-03 -2.541054598395889319e-02 -6.230206104712213838e-02 4.858863866251374175e-03 4.170214540258964514e-02 -7.698290321520849001e-03 8.028469883429497841e-03 2.777912498748696946e-02 -1.000964409549688801e-02 -5.527277165886773647e-03 -1.754475655231664544e-02 5.565279768381434233e-02 -5.808776533403176012e-02 3.057547787330291977e-02 2.579641970454818467e-02 -5.946022650816014388e-03 3.465024814365673671e-04 -2.140235545921578830e-02 -4.364496107072706648e-04 -1.880879478312358355e-02 -2.967752243427827091e-02 1.966401832513400144e-02 -1.498114192936023971e-02
-1.387170396448442894e-02 -1.633877767550995230e-02 1.424914384507317174e-02 -8.764574262383511422e-03 2.517557570919681451e-03 -1.500843356286394670e-03 -1.992644295542345470e-02 3.199853147104872453e-03 4.326909046165761108e-02 -9.010376519800441034e-03 -2.782799257002357626e-03 2.941703685507900470e-02 2.682855953176953214e-03 1.699812007093815663e-02 4.942047918766332738e-03 -3.514632629244895251e-02 5.217351430634843169e-03 2.447365813056603945e-02 -4.378390138454472252e-02 7.939356251526374225e-03 -3.898164472170207633e-04 -1.699611606835174649e-02 -1.028543898101510513e-02 1.935835035163205363e-04 2.089919390308137351e-02 1.255217166190415040e-02 1.528451136768845333e-04 -3.188496898083952730e-02 8.175790963463719016e-03 3.435567678888617246e-03 -6.072005507385071568e-03 7.162409531152775198e-03 5.109159580127844470e-03 1.801220561330321365e-02 2.089570987390092574e-02 6.279958124310176283e-03 -1.956554194272895272e-02 -2.262894139053265100e-03 2.613879425254702141e-02 2.312133611358646069e-03 1.082165707556528335e-02 -8.105017073102963737e-03 -1.181586367216038401e-02 4.562818293883615962e-03 9.829250827440887822e-03 -6.250730272008019756e-03 -2.422284553177424596e-02 4.025371801542391992e-02 7.157451609925809081e-03 -6.122295191319517341e-03 -3.012065369307480658e-02 4.701268835553959122e-03 -7.528147556701488300e-04 -1.884546774980714115e-02 2.765706285890292757e-02 -1.423316666173785917e-02 1.611022205585759329e-02 1.013545515402194432e-02 -1.200814981669074549e-02 -1.910026543738210097e-02 9.533488121371469851e-03 -2.246941589505309367e-02 1.318809847641738003e-02 -9.698185435941376539e-03 -2.109032432831455667e-02 -1.445635108113391826e-02 3.857553750214937592e-03 5.205185383435351372e-03 7.165169523088085746e-04 -9.347384945251497115e-03 -6.603186072596992258e-03 -1.940761824602090305e-02 -2.615069242279924322e-02 2.174673717635327089e-02 3.367614501151530021e-02 -1.329833238286506295e-03 2.077652023057020500e-02 2.869736997779876852e-03 8.556605215949924072e-04 9.022226226147419745e-03 2.068525441352093291e-02 -2.660524874246721419e-02 -1.780763117131521980e-02 2.011038737274070329e-02 1.538430984215800879e-02 -6.387786836057510881e-03 9.548597868686798523e-03 -7.782329561513802625e-03 8.244077263749746698e-03 5.030156078876714225e-03 -4.248516166473509381e-03 -1.049963624457955595e-02 -2.328805682585148931e-02 1.771518088431944457e-02 -1.324392014949941909e-02 -5.968190043478453430e-03 -2.108368649880385838e-03 2.956868448543432948e-02 1.105743770954847709e-02 -1.165992417074581365e-02 8.579741524456643148e-03 -3.681819927728321312e-02 -5.952268947175148352e-03 -4.730371784408531760e-03 -4.958692733337753157e-03 -1.080554534726316240e-02 -2.475251908326879524e-02 9.811000306031770514e-04 3.388193133343425450e-04 -3.344568602869432694e-02 2.954257948148985777e-02 -1.743584384132860782e-03 -2.252062815571392092e-03 -4.321560216898803070e-03 -1.694486081724902102e-02 -9.125332212183883199e-03 4.988726480562801976e-03 -2.432783143442066032e-02 -6.703511022935352073e-03 1.157101764501785278e-02 -9.436009594981375342e-03 -1.353614494545779534e-02 -1.270517279882141769e-02 1.167659548868220723e-02 7.234555968163110435e-05 -2.949563186383912308e-02 2.352711212907700883e-02 -1.051622343257918070e-02
1.298789205176700823e-02 1.513357882159348244e-02 -3.738185748844618378e-02 2.229192068648404995e-02 1.489333241160543421e-02 -4.070743533300894001e-02 -7.022490790807752771e-03 -6.919485897885420053e-03 -9.010376519800441034e-03 7.402114957804038775e-02 4.892940223838715061e-03 -8.812304023924891552e-03 -2.055613219273998843e-02 -4.041779932850664975e-02 4.938807449435872465e-02 6.484726828691053831e-03 5.569903327508537311e-02 4.123699777631240071e-02 5.189528278879487755e-03 -4.002244413209964102e-02 -9.435873016481416062e-03 3.596188390920863117e-03 -2.095977007473394729e-02 -2.335047392799429258e-02 7.093940799896047804e-03 -3.435902693597518015e-02 -6.377067476953843239e-02 1.388019836746538956e-02 -3.491478865847840590e-04 -1.443146488202817247e-02 2.377898041749683042e-02 2.817192951741065779e-02 -3.263630984460762913e-02 -2.170863973636541489e-02 -1.966929442030200190e-02 -1.766446683220543670e-02 4.743669064165876442e-02 -3.948862422072647697e-03 -4.164753532976711581e-03 -5.035250122316941961e-03 5.964228171948351975e-02 -4.198291991197532907e-02 -2.707282486767157229e-02 3.696689264084875026e-02 -3.896333030123153712e-02 1.125591089229254849e-03 3.550397216217214547e-02 -2.452959053470643580e-02 -2.928781646196063418e-02 -1.628486430526376871e-02 1.220614003895167075e-02 8.233905063096550250e-03 -5.044916351571230445e-02 1.095371196775235707e-02 -2.297055564419820881e-02 2.903228660584199899e-02 2.992038224566755458e-02 -4.254091058900022482e-02 5.177300154114451713e-02 -2.681339781459912350e-02 3.588278958494529880e-02 1.014956671786283564e-02 -3.397907334391435472e-03 5.454693324744949723e-02 1.533063570261247732e-02 -6.758979613372455503e-04 -3.813267107132813083e-02 -2.351426378010637239e-02 2.662608776048348315e-03 1.770365138280566557e-03 -7.009389399392648929e-04 5.268722467267990955e-02 -8.228324426240883269e-03 -1.408499079539505226e-02 7.056049729617698291e-04 -3.339218309623958464e-02 -2.520957380570525500e-02 -2.818047618193785658e-02 -1.029489243705915269e-02 -3.296300117676920910e-02 -1.940074901616495318e-02 2.177517899260732193e-02 1.390674098159847862e-02 1.797074548967995608e-02 -3.795047042574267032e-02 -6.628457899558312313e-04 -7.363058598568758377e-03 -4.347527420499056744e-02 3.723209912519336029e-02 -2.453942563694332460e-02 4.616638219250987496e-02 2.102547155414651037e-02 4.358635304861822879e-02 -1.815432213249728102e-02 -4.613107069325183586e-03 3.961643212636119238e-02 -5.257895561622586388e-03 -2.391079438228885246e-02 -3.869816516732134393e-02 -2.359238970977487262e-02 -4.196659757410556302e-02 2.159489840661172472e-02 1.640909262394017049e-02 3.338333105858990596e-02 5.818452034499625031e-02 3.510024691230867466e-02 -4.210243655717641614e-02 -1.356801380380393517e-02 -2.626046057843775539e-02 2.055782940131020003e-02 -1.954329058754231824e-02 -5.001299262701010967e-02 2.075051143893497096e-02 -1.155207678258298419e-02 -4.147670292065504249e-02 5.120936425341712089e-02 2.010221096937981136e-02 2.744185801326696345e-02 2.920004608206442850e-02 2.568054689411623445e-02 6.845878537767802197e-02 3.787451178405500107e-02 5.422739026871280926e-02 -3.681109989391735671e-02 -1.828026927158513115e-02 -3.203505680982680903e-02 -3.662304250923668902e-02 -4.725737288625336818e-02
-2.723674375324241365e-02 6.829576509181351125e-03 -6.007627418179573410e-04 1.346438505667428651e-03 7.727204443127349588e-03 1.458411653838809219e-02 -2.282535370267464725e-02 -1.721128971139695985e-02 -2.782799257002357626e-03 4.892940223838715061e-03 2.730462677740338670e-02 3.251681572513044627e-02 -9.859585190935937771e-03 1.398254272543333898e-02 3.663630292010370930e-03 -1.184922919245625685e-02 -1.171408234026811643e-02 -2.801520285724996232e-03 -1.174438514039299495e-03 -1.061468332889525974e-02 2.129827485771895734e-02 2.843240702990007703e-03 -5.745836752620254138e-03 -2.227847490170653186e-02 -7.647335456578823257e-03 -5.896577171597579964e-03 3.445464624938759240e-03 -3.109459727332234552e-02 -1.683702641834376040e-02 2.248036361953981155e-02 -1.390572821255678555e-02 1.896830841286886726e-02 2.939084271396965025e-03 2.696291413417212582e-02 -1.676040758689981147e-02 -2.661942237774593892e-03 2.447588678780952126e-02 -1.397333458226461544e-02 -5.234681082569208124e-03 -1.679574742367676357e-02 -8.367933633408753541e-03 8.760613850994174862e-03 -3.446740288989790760e-04 7.976808677909614023e-03 -7.911026048179795045e-03 2.234234637312427964e-03 -2.066348670124245474e-02 2.266320981857783065e-02 -7.336528634047595823e-03 -1.063545638892885413e-02 -3.041709323605707241e-02 -1.315326563993037511e-02 7.919330207494716320e-03 6.180201670605051274e-03 -1.559128441321066053e-02 2.268270649023415922e-02 2.563672255034508962e-02 5.964789788099265390e-03 2.455065896139796682e-03 6.253386343295963372e-03 -1.671288639935198089e-03 2.546476469862621241e-03 9.943576220433595833e-03 -1.302578329482279376e-02 -8.162454113271275583e-03 -3.325316478395648652e-03 6.727281693081562514e-03 -2.044034062026944820e-02 -1.750750972891689438e-03 -1.290955021528400817e-02 -2.305180834608260357e-02 2.264810379989520492e-02 -1.530089848215973082e-02 7.799758948791853629e-03 -4.132528961512967232e-03 -1.310743235361209666e-02 -3.969188653798754948e-03 2.204778437099659538e-02 -1.602392633946149100e-02 -9.219645534164560077e-03 -3.647214755813551253e-03 -2.768212040886674011e-02 -5.400108054874254264e-03 5.094530489513393904e-04 -2.369539823378202792e-02 2.813018347215270887e-03 2.660004910557945898e-02 -1.116460125207148317e-02 -1.185162977450339265e-02 8.448237838497803243e-03 -6.483941771493172308e-03 2.225236764606045720e-02 -1.586541173613762595e-02 1.009575114422251590e-02 -1.160923640694245217e-02 9.820312651446363311e-03 4.368719083807048154e-05 -1.762091330979394244e-02 -7.323671566015186457e-03 -1.414487154009895845e-03 2.557854713349575187e-03 -1.763717477255940386e-02 1.755975338852211465e-02 -6.572693469212695719e-03 -9.159339314954729463e-04 9.861136268854282100e-03 4.364093971884596551e-03 2.184016215244801579e-02 -2.090958381164517363e-02 -3.072740062066548969e-02 -5.577633611225323203e-03 -8.906654838343663547e-03 -2.772086718883160026e-03 -1.894860562676060553e-02 4.959036499143218944e-03 2.229896486644424285e-03 -1.515291148583979529e-02 1.569625793318073920e-02 -6.367333193844198699e-03 -9.877111315486294691e-04 -4.468112172814339006e-03 1.083736169140184225e-02 5.123550866192176298e-03 -8.101237614614767782e-03 -1.109132207684928109e-02 4.936191597932734938e-03 -2.115748294490357034e-02 2.894160284677635962e-04
-5.550372149422752588e-02 5.971512131709756817e-03 3.669689194758914141e-02 -2.876405592235932451e-04 -2.314028687807431761e-03 3.253853489310091357e-02 -4.713580001354044507e-02 -4.602702228260924927e-02 2.941703685507900470e-02 -8.812304023924891552e-03 3.251681572513044627e-02 9.779170916222786059e-02 4.832466519322670693e-04 4.714224255218267545e-02 -7.756243275425514332e-03 -4.621019185458870998e-02 -2.770812841317802158e-02 -5.102416579175117831e-03 -3.815744044735039364e-02 -4.606802473033426784e-03 5.462642213022583099e-02 -7.621935192702060727e-03 7.092563515737185242e-03 -1.588063943895166863e-02 1.721068349372470441e-02 -1.131655425734271435e-02 3.109676849613660088e-02 -9.378501415700039867e-02 -4.058610087294593771e-02 5.255671423157050326e-02 -4.221075208024720193e-02 1.803766815521065311e-02 4.390878141995667450e-02 6.646633213244489136e-02 -1.829569153877208185e-02 1.393551362627176314e-04 1.320583191125869124e-02 -4.975411368663851253e-02 2.086436493290310876e-02 -5.191304466658005351e-02 -1.189228330779743686e-02 2.521472560566692667e-02 8.498102636520439221e-03 -8.606017889027185730e-03 -7.826426636664214663e-04 2.060588960402780570e-02 -6.105070744169119323e-02 8.404788835106026534e-02 1.323839113523368489e-03 -6.273523428709094733e-04 -9.552516692224971573e-02 -1.244775523824838415e-02 2.618402024243043566e-02 -1.590111359362320065e-02 1.758481996569741246e-02 4.930057907225495958e-03 5.531687341091319488e-02 5.059268626810019265e-02 -2.425304228925813377e-02 7.794957861374063150e-03 -1.005682998416356465e-02 -2.589511492863073513e-02 3.608018111870076733e-02 -4.779007153251470935e-02 -4.816537131288545215e-02 -9.066973580292961993e-03 2.846331189548687024e-02 -1.533074946306579867e-02 -3.535597707987133461e-03 -3.128250853664875375e-02 -6.300986863872397314e-02 9.889878555408373323e-03 -3.157747054530725406e-02 4.986260425586237777e-02 2.891303958885922676e-02 -1.236560126705880600e-02 7.839807855113652482e-04 4.670172256786910003e-02 2.451784496354312941e-03 6.688480673637724281e-04 1.969659742513676579e-02 -7.693632812774442442e-02 -1.814130876849859644e-02 -1.076985232197804135e-02 -1.938232209115479596e-02 1.474461320050768527e-02 6.790944182658879835e-02 3.763920116722959883e-03 -3.592559086075758357e-02 3.329605842747763306e-02 -2.623680869542541899e-02 3.662477466975851831e-02 -4.832573551591820560e-02 2.621825079374721576e-02 -2.299000016323929016e-02 1.361123548315575560e-03 1.941009879345957298e-02 1.392147536598805843e-02 1.433752152847847603e-03 2.773190639766020052e-02 4.573522151021877646e-02 -7.504882855528935415e-02 2.517793498112354950e-02 -7.606141862819533125e-03 -2.596231848377571552e-02 4.175870989197586619e-03 -2.267865991343940950e-03 5.143041797458531433e-02 -2.578107387160932448e-02 -9.468228468606719461e-02 1.910270144110913851e-02 5.521343029440066441e-03 -2.529548194979623632e-02 -2.293300100558801416e-02 4.445613063196490744e-03 -8.570062283432586248e-03 -3.088805422574578824e-02 1.108292459796863388e-02 -5.060137230540191072e-02 -5.414806623416146053e-04 -3.421889735830297569e-02 2.056121600037981705e-03 -1.793012948861279557e-02 9.322334516020732917e-03 1.222079085595725216e-03 -1.731790067031734309e-03 -1.545264948395769873e-03 1.597343388313017185e-02
