2.502155285089256442e-01 8.381809330092809818e-02 1.070081416323560852e-01 -2.419478757279476880e-02 1.381219229530591674e-01 1.342734371553770956e-01 1.031023274285264475e-02 -9.505210475728999298e-02 1.183748292523292417e-01 7.909478464051492019e-02 -2.114212277147198282e-01 1.183314755921526656e-02 1.562961591036704512e-01 2.471021024956270018e-01 -1.058743532009749216e-01 1.812340897695640662e-01 1.160381421203223254e-02 8.656612544982021651e-02 3.016548810001841788e-02 1.984900737299874207e-01 -1.768051259714923107e-01 -3.837540820361963478e-02 2.869632669572801387e-01 2.542433351812771747e-01 -1.064459250841236909e-01 -5.031511073771944079e-03 1.234959104605487350e-02 -1.505471330975933775e-01 -2.538676959411836354e-01 2.173238787002826633e-01 -8.154395861593552453e-02 -1.400226263000681759e-01 1.682104230025154856e-01 -5.559697357894557990e-02 -1.275667315363960552e-01 -3.975697892408978917e-02 3.434506649241150095e-02 -2.716514541785796950e-03 1.897178223040467404e-01 -2.364233656076753787e-01 7.704117565786298971e-02 -5.303049339649251737e-02 -1.342912984511016594e-01 -2.519837358932131011e-01 -8.086993954223206660e-02 2.170728701764768620e-01 1.198141793639596331e-01 -2.207310230763179781e-01 1.671643105854883626e-01 1.367009329541564178e-01 -1.054218754016519738e-01 2.194210427146257025e-01 6.219643904524668060e-02 1.581059940660583529e-01 -1.661160406705447790e-01 1.660384141428439542e-01 -2.059761947440435711e-02 2.154168018596494261e-01 3.307776982578498892e-02 -1.686118103943054503e-01 1.221617146719340338e-02 3.234470440560278104e-01 -1.167471528852233459e-01 2.202385536649643372e-01 2.007509870425178838e-02 2.058444740070746182e-01 1.843427764032518623e-01 -1.509898223965106499e-02 9.317034572533820780e-02 4.234570776089251198e-02 -4.704233571845884559e-02 5.520487770441737801e-02 2.325322890451609337e-01 -8.700056572289827789e-03 1.557101131455706777e-01 1.956753823176435592e-01 -1.333028434368612458e-01 2.361410455752298646e-02 1.044465289590375684e-01 1.571559965828898120e-01 1.631664823181893653e-01 1.584060098673931161e-01 1.277282247676461979e-01 -1.561187337429044142e-01 5.370803485710018595e-03 -2.404927021084019012e-01 -2.175042311749189605e-02 3.288405509261018711e-01 -1.516210034938687279e-01 -3.003588178152663199e-02 3.223512121480947429e-02 -1.492346899632955581e-01 5.021220713099686789e-03 -3.771017976605822025e-02 1.991266517189085317e-01 3.121121592413636514e-02 1.034641301384383594e-01 -6.759054219449506240e-02 -5.014178872359446870e-02 -1.639664022479462094e-02 -1.321550632542114467e-01 3.267966776984042310e-02 -8.187320089915411936e-02 -2.302592672227289916e-01 1.756831197110013051e-02 4.295408926492318147e-02 -6.918180505661802870e-02 -9.629856648145537767e-02 3.793715832764743556e-02 6.019388611987849802e-02 3.754915690905360343e-02 -1.578044394484803131e-02 -5.929976287199613394e-02 -6.923697984727386623e-02 -4.299873099604431537e-02 2.290652879216809323e-01 1.796902184853493012e-01 -7.395517885513534784e-02 -5.046998079870732706e-02 1.345436520771795263e-01 -1.180214538795320151e-01 -1.852784685193855641e-01 1.805396515647221187e-02 -5.615506823986544938e-03 1.405705842898791191e-01 -1.797044797373366642e-01 1.322621556391089526e-01 -6.823300865061884823e-02
8.381809330092809818e-02 3.668664688620143499e-01 2.343539986965265942e-01 -1.662777769068906064e-01 1.362656665141272483e-01 2.720011859371059271e-01 1.666504593290748237e-01 -3.235932156112873992e-01 -2.964007001130572819e-02 1.643549189332610128e-01 -9.542151300354588528e-02 6.127819105518439446e-02 2.698486906013375375e-01 6.473209584496308899e-02 1.462770975374862725e-01 1.404271462062324227e-01 -1.839804802466483979e-02 -1.213493411939199212e-01 2.659072691783298525e-01 3.373083905177265418e-01 -5.493824229691241651e-02 2.145239274267582708e-01 1.194313798652381214e-01 1.952307873648285730e-01 1.177522343187949461e-01 -9.038679378850640600e-02 -2.354195888533047731e-01 -6.552941168117984438e-02 -2.754269808147454257e-01 2.305918406225722916e-01 -2.599590911077316255e-02 7.805818020512873823e-02 3.168236056481551488e-01 -1.502297308184433466e-01 2.329918795566309972e-02 4.551975761646776669e-03 1.221353255056259642e-02 -1.208416494984148881e-01 2.224452147273989905e-02 -2.902978658550622870e-01 -8.790260226107431130e-02 2.145497065134428505e-01 -1.115535082947113898e-02 -2.841092149905135034e-01 1.557216393532205589e-01 2.298956855890124384e-01 2.613624879346164720e-01 -2.343546694858908708e-01 2.920383184888502015e-01 1.526803342185257539e-01 -2.066836717152073233e-01 2.232508949137665399e-01 -1.494780518323211294e-01 1.763498410401566630e-01 -1.692346266606981064e-01 1.746864167609475382e-01 4.128495123184711818e-02 4.191745738770172314e-02 1.569708022293413163e-02 1.946084141805241516e-02 5.686171207538556066e-02 3.519257404067218653e-01 -3.398738851820036211e-01 2.618681267648745314e-01 3.190388387469542120e-01 -4.132438476178777742e-02 -5.841221290515691278e-02 -1.912679891283423639e-01 -2.607633975977787996e-02 -1.174262145526592908e-02 6.733620714906012050e-03 1.398242207163246376e-01 1.979455457435145005e-01 -1.773145420723670207e-01 2.682017606292778078e-01 3.120140351180448191e-01 -2.295583304974359862e-01 -3.250182263812373407e-02 -5.803128052509827495e-02 3.003787944760680784e-01 -6.646097241777390585e-02 3.865759381345208467e-01 1.183292478361920308e-01 -9.147249750534557078e-02 -6.053423389213648947e-02 -1.691654842647482282e-01 -5.225651040386977697e-02 1.678866469334793776e-01 -5.820281591472788174e-02 -1.969175059333583278e-01 -6.841097185880166270e-03 1.445127501702959116e-01 1.061413079418835059e-01 -7.517068330250448183e-02 -6.015796272782493112e-03 -2.416993283390284422e-03 2.840754361058803190e-01 -2.728669060582519790e-01 4.198983659535484442e-02 1.696820206456108315e-01 9.825797493772549587e-03 1.258965590831684633e-01 1.642802886566807619e-01 -3.978085119912971174e-02 1.796444624787515640e-02 2.263965810338250395e-02 -8.569261980829724623e-02 3.326114778824386387e-02 -7.702075359738834448e-02 3.836083882494847885e-02 -2.169287360770538187e-01 1.118286145159931161e-01 -7.609666374126773138e-03 1.622132709741412049e-01 1.140182902576693420e-02 2.308313089548288122e-01 2.887793926667910904e-01 1.823835013522611681e-01 -1.788829036889569291e-01 1.564854125979757427e-01 1.064376476027220908e-01 -2.179039187166527669e-01 1.409127460931018927e-01 4.573895773003416876e-02 2.809697223016822676e-01 6.038391908869699710e-03 -7.237017847181145824e-02 -1.104853287858112293e-01
1.070081416323560852e-01 2.343539986965265942e-01 3.783544652387159646e-01 -9.752217242539447384e-02 -3.316752050065442659e-02 3.025522058376629020e-01 5.142266377841848979e-02 -1.981418137712026573e-01 1.199011435382968255e-01 8.243994750454856912e-02 -2.092243989860919640e-01 1.372715618563760398e-01 3.040797631756324004e-01 2.548925504165422407e-01 3.007209934866564988e-02 -6.108140861002664401e-02 -7.422418431617822110e-02 5.844459776608353779e-02 1.828218612807609375e-02 3.640567570718344359e-01 -4.256081804520683159e-02 8.970790764224706448e-02 2.629032461018428468e-01 1.388530199814554666e-01 1.770385329626243953e-01 -1.930189083670408035e-01 -1.315332960951585139e-01 -2.595855302091134575e-01 -3.819001579776948874e-01 5.827651747367657009e-02 -5.238407547381353224e-02 1.518469100663504823e-01 3.427082481083371102e-01 -3.310686939296341724e-01 1.129750662034729146e-02 1.392875951431824244e-01 4.702614208134568013e-02 -2.380642332154985774e-01 2.115265008778343114e-01 -3.763111607410741799e-01 -3.727494785786618359e-02 8.473257765586822421e-02 -4.742362522503742496e-03 -3.884639778931192611e-01 1.913080100272645523e-01 3.307449790048986871e-01 2.873337141131181438e-01 -2.336311837182580842e-01 3.143929177179590195e-01 9.808353327005374378e-02 -2.792928760524385767e-01 3.392654123763122476e-01 -7.955894345679774549e-02 9.088949988606763453e-02 -2.691423285173369373e-01 6.265242578066632095e-02 -2.087010258736652843e-02 1.114730486260626097e-01 -1.220744498243861303e-01 -1.803895802290159667e-01 1.356956081042281770e-01 2.302792737698546588e-01 -2.274296259327368286e-01 3.507678672110957074e-01 2.994614606762063813e-01 -1.151583259019563071e-01 -1.399309728585685919e-01 7.040869251885920055e-02 -7.768612037929902014e-02 2.848477310282947900e-02 -6.835090722029908694e-02 4.987780853434958805e-02 -2.069075214359182829e-03 7.138343831937581097e-02 3.132221101569473976e-01 3.308059143620846188e-01 -3.901885839091687180e-01 -2.653753922600598017e-02 -9.573770420926355773e-02 3.166124559804711081e-01 -1.415188356350477461e-01 2.408337245553179573e-01 -4.327869247352367915e-02 -3.018427275779097529e-01 2.465642776310364437e-02 -2.317005134854160930e-01 3.102792648597128139e-02 2.331279523590130964e-01 -2.977052454133364834e-01 -9.148743967704846269e-02 1.825586109840776072e-01 2.386748308996841927e-01 5.835713387974574007e-02 8.063243212500979806e-02 -9.203659801856729772e-02 -1.290031801955819069e-01 3.112506180035357617e-01 -1.959840494200467409e-01 -5.264228419620727711e-02 2.217469236246328301e-01 1.000290910537358219e-02 4.902957025298005506e-02 6.518874297480066471e-02 -6.204595791543612848e-02 -1.316256078717260858e-01 -1.096965507584562044e-01 -4.288932868108846080e-02 1.430373759929883248e-01 -1.354120855756750508e-01 -1.068896525307060641e-01 3.274689910665229409e-02 -3.328271841929154179e-02 -1.810117765787370991e-01 2.076029238918670472e-01 -6.792924013697755614e-02 3.345139534001549397e-01 3.320291361775504213e-01 2.085642667134235961e-01 -2.810004502785754532e-01 8.955561867662696629e-02 2.190995568353665268e-02 -1.649427741618443854e-01 9.513698483661761629e-02 1.781111084622835627e-01 3.058452300194878792e-01 -2.019479398517654289e-01 -3.036675410948116299e-02 -5.400659397500537362e-02
-2.419478757279476880e-02 -1.662777769068906064e-01 -9.752217242539447384e-02 3.915326204204027660e-01 -7.532769434329915359e-02 -1.781849975573646105e-01 -5.906680583179119842e-02 1.943908174047528359e-01 1.517125817679573253e-02 -2.648847934867243348e-01 1.179494325858897463e-01 -1.608801778561656515e-01 -1.808254270273567943e-01 2.241172532351897173e-01 -1.728423791822183420e-01 -2.485572827936594620e-01 -2.678793574113702003e-01 5.320005525839852090e-02 -3.660405708780151146e-01 -2.279005205265834666e-01 2.020703380724185316e-01 -1.313020504908032071e-01 -8.002779424133020514e-02 -2.059415633470723928e-01 8.028206514492700063e-02 -1.713194352138551202e-01 1.856631273059823617e-01 -8.530428864450501081e-02 6.687957334371481821e-02 -3.167519145467153074e-01 1.293286895982251050e-01 7.280890240997045515e-02 -2.238007564321670972e-01 1.697321535480162541e-02 -8.664077010757402497e-02 3.053785712134087643e-02 -1.727080139195495134e-01 -9.860205560362499122e-02 1.752163445616636561e-01 9.036642729976129829e-02 1.529653165420950638e-02 -2.102913933390634094e-01 -3.852147285710673386e-02 6.862622835726588100e-02 -1.725838118642339936e-01 -3.785082697406405572e-02 -2.382539798158641031e-01 2.073709937507772771e-01 -2.109070394328505793e-01 9.439090307447087214e-02 1.694611386699385602e-01 -3.179429413433124130e-02 1.656670504704730873e-01 -4.135931311899190832e-01 5.940859193637631347e-02 9.126349799869216961e-02 1.422663610264821576e-01 1.420887335055998069e-01 -3.303425833733270728e-02 -2.078057884374072961e-01 -1.617625428658285569e-01 -3.573783850716876209e-01 1.851815132926524776e-01 -7.239683590455874007e-02 -3.341533345182193249e-01 -7.070210443570815184e-02 -6.027230484287058460e-02 2.975022330309443630e-01 -1.248483508568909578e-01 -1.507093137621421941e-01 2.158072745980926521e-01 -2.378499004295133445e-01 -3.276907382290941695e-01 2.804974734553731253e-01 -1.865813772334027343e-01 -2.229728037916140493e-01 5.816029752030633937e-02 -5.017690796870441505e-02 -7.896433117095973120e-02 -2.026442830717527788e-01 -3.985259759686191061e-02 -2.151228155341732839e-01 -5.221922226933672223e-02 -1.353076388895836091e-01 -6.843408196850878089e-02 1.369425077985936823e-01 -1.610291498364060658e-01 -1.121157540499769928e-01 -1.916090095457840814e-01 3.965643388844965478e-01 1.616644186851965703e-01 1.771005291994861772e-02 -3.248469314271505426e-01 2.631174088359272689e-01 -9.870836563309329237e-02 -5.115321350708811055e-02 -2.491066195230547398e-01 2.658313098662434815e-01 8.799933075649533920e-02 3.533590538330003139e-02 -8.846294724440569024e-02 -2.247885220918321436e-01 -1.822996240981691607e-01 -6.760869719302702030e-02 -5.687056967411510677e-02 -8.266510100872971611e-02 1.869114708907783085e-01 1.560596213480203442e-01 2.435712577890247754e-01 -9.710790249678641350e-02 3.741919685623716907e-01 -5.322811645838079753e-02 -1.446071732777226559e-01 -1.433466115565350807e-01 1.188614232392833925e-01 -3.749941843143294457e-02 -1.898258573024244611e-01 -4.028069589296388170e-02 -6.919778950843644139e-02 -4.050120550460694635e-01 -1.689234476509881289e-01 9.168945428106720086e-02 -3.808363602648587309e-01 -1.732937492074749716e-02 -1.748149839630963598e-01 -1.966725967459805324e-01 1.893816799268824638e-02 1.686444640603187994e-01
1.381219229530591674e-01 1.362656665141272483e-01 -3.316752050065442659e-02 -7.532769434329915359e-02 4.274387942286094755e-01 -8.259858386675784925e-02 8.149697720381194818e-03 -1.055121577876434180e-01 -1.541075237701140244e-01 2.615811618207311007e-01 -4.933106595661727184e-02 -1.187125518526772339e-01 -6.214256820594031561e-02 4.084247314570020604e-02 4.482489827279412253e-02 4.133506257595961353e-01 1.029378115428112028e-01 -1.629977382878408376e-01 1.969510593259140296e-01 -1.469693339175474379e-02 -1.554312863093099406e-01 9.237790808022658395e-02 6.517114418716418722e-02 2.607191405877596901e-01 -1.494836749386783958e-01 1.381483739719280290e-01 -8.815863628521994344e-02 5.613836992001230292e-02 -1.578721653516422241e-01 3.222893876252360124e-01 -4.660345988500629033e-02 -1.840841187466303874e-01 -4.407190952952247387e-02 1.123840992747671685e-01 -1.602190900363318626e-01 -3.438695056274665429e-01 1.217768947305448574e-01 2.027934177506196256e-01 3.468437861324512317e-02 -1.593095155842294275e-01 7.539000388151920196e-02 7.675543935861514622e-02 -1.923226229945668442e-01 -1.630363904006783549e-01 -1.898369069023951028e-01 1.468521906747561889e-01 -1.255394899604992884e-02 -1.849355228758975400e-01 -3.697012736876446881e-02 4.445874045133867136e-02 1.405846043728428696e-01 1.465945009756650375e-01 -3.653542452226576226e-02 2.449268006349381854e-01 -1.002649019343853365e-01 2.272665194395355193e-01 3.374234608129941804e-02 6.625904097103368917e-02 3.264572437729758581e-01 -1.582677499868021670e-02 -1.009755740153145676e-01 3.136961352249176826e-01 -1.184973454455329478e-01 1.625887943622806031e-01 -5.368779118703340819e-02 2.621775259046271178e-01 2.426311388610657427e-01 -2.598233779658358777e-01 9.882312989965483241e-02 3.620564410306559983e-02 -3.618730842551494409e-02 2.572381740704375863e-01 4.497703166329806157e-01 -2.391589434264804470e-01 -6.511761719120311154e-02 -1.229138256061514285e-02 3.750225605498871267e-02 1.887369205949194703e-02 9.430040630852121186e-02 -5.038297441723973979e-02 2.230054480487279334e-01 1.517689220873548461e-01 3.990621939959316800e-01 8.944464097460334828e-02 -6.826989890973618469e-02 -8.504602618360233846e-02 -2.651087193548542359e-02 1.441058701398042208e-01 1.301289803790319499e-01 -9.998549859718092181e-02 -6.089762385856190702e-02 -2.536088331073278468e-01 5.435482322662372329e-02 -1.925355794092066808e-01 2.392201278161594780e-01 2.914970815317173281e-01 -4.552813647477753356e-02 -4.503033777829008183e-02 -1.003624488575292767e-01 -9.492363342808335380e-02 -1.979185792008438805e-01 2.203049215138121186e-01 6.334883625217620218e-02 -1.620120292703664255e-01 3.304246939429963947e-01 3.028753425794712406e-01 -3.518656367383127953e-02 -1.979212502716553856e-01 7.857394764742610394e-02 3.378382653662136970e-01 -1.383967519883333441e-01 -7.589524093418219611e-03 4.357653090527613404e-02 -2.052290233999143343e-01 -1.057024483019018968e-01 1.578792611901687348e-01 -3.775970131229618165e-02 -8.448222793515412776e-02 1.421023747458044773e-01 2.100976514088679636e-01 2.101032801477836082e-02 -2.453325392368871927e-01 8.162396273386347822e-02 -3.060138807282918316e-01 -7.642833048452866984e-02 -1.579461198411747161e-02 1.178682639801174360e-02 -2.387326162074806801e-01
1.342734371553770956e-01 2.720011859371059271e-01 3.025522058376629020e-01 -1.781849975573646105e-01 -8.259858386675784925e-02 4.454403944647680191e-01 1.003345922797705542e-01 -2.317273474660538068e-01 2.035584158356420481e-01 1.209782874378065864e-01 -2.285481909355897012e-01 1.183832018998733915e-01 4.473372946990512578e-01 1.606127086605261822e-01 4.715413548018993622e-02 -2.262636109407619930e-02 3.826875482513172194e-02 1.361242759456712526e-01 1.095161992224490816e-01 5.121847311607969910e-01 -1.879317636180415640e-01 8.133188681185828106e-02 2.883025415004840664e-01 2.351794487731861671e-01 1.126781619655866373e-01 -8.638930642546728544e-02 -1.286328705454229671e-01 -2.603090294871375221e-01 -2.686582010227034356e-01 2.034830879271245507e-01 -4.566561610257854897e-02 9.988224431408868065e-02 4.851764161051438373e-01 -2.391942558390417473e-01 -5.237982741025027505e-02 1.755933245186808711e-01 -2.503422326613714832e-02 -1.994745668253551929e-01 1.316176487743778434e-01 -2.649836747546416849e-01 -2.577161830524254613e-02 8.979788537729029019e-02 -6.861112276523895215e-02 -2.730509304214487343e-01 2.313436083809501387e-01 2.072339551361195020e-01 2.649999471557755726e-01 -2.811736131855832044e-01 4.562919134606032712e-01 1.872503167593524698e-01 -3.360277454969818334e-01 2.079648416095959962e-01 -7.168201867332427146e-02 2.156517644679232237e-01 -1.927060555157962818e-01 8.402209473926221250e-02 -2.294035615107350295e-02 1.574511725146519603e-01 -1.569669122307999487e-01 -9.059142851532696328e-02 9.720188231739310125e-02 3.947477762045013550e-01 -2.524866695158683449e-01 2.276072934537299586e-01 3.695257291649793330e-01 -8.178151025685363729e-02 -1.035147466951824163e-01 5.254086329831642727e-02 6.874241932755788091e-03 3.001873474547720952e-02 -3.182242905616411432e-02 9.133444463612626352e-02 5.729810857227875254e-02 5.328615225392013821e-02 4.505658550835260900e-01 4.854000931704089972e-01 -3.288018630973720824e-01 -5.423163108981842589e-02 -1.994252828971334462e-02 4.675126335810294576e-01 -1.115960683827991184e-01 3.100730313335122723e-01 -7.493719179967436861e-02 -2.604540069084942400e-01 1.652932047181779676e-02 -3.768639239064999202e-01 -2.266098272694579835e-02 2.866380719552623635e-01 -2.515337338554759494e-01 -1.927398384378425644e-01 -1.725266671188495360e-02 1.177129959537437237e-01 1.258540584139841434e-01 -2.523365144059426524e-02 -4.350400233047881787e-02 -2.305625531810450435e-01 2.895954933036825607e-01 -1.872112076115722834e-01 5.698569603626818525e-02 9.381748912867142465e-02 -2.966910449843652986e-02 7.905392583794103312e-02 6.804021781177176098e-02 -1.377009094990651883e-01 -1.721632923207326304e-01 -1.997116741716417343e-01 -1.691338989108156776e-01 -1.781381836618329759e-02 -7.680903933136397355e-02 -1.998808879495624080e-01 -6.958039295885040665e-02 8.186003460043238256e-02 -4.079791791119054961e-03 2.359982063267652974e-01 3.949986750410130337e-02 2.084970299924412684e-01 4.627706457499841664e-01 1.884658403327063581e-01 -2.403979472002839013e-01 1.951496002385405271e-01 2.312329725500650648e-02 -2.462257056672708389e-01 1.529524801115989263e-01 2.133022236982186903e-01 4.554079545914455629e-01 -1.044239375798506203e-01 1.255886578945549503e-01 -6.922465282509228379e-02
1.031023274285264475e-02 1.666504593290748237e-01 5.142266377841848979e-02 -5.906680583179119842e-02 8.149697720381194818e-03 1.003345922797705542e-01 2.037014127438030453e-01 -2.335496420848973131e-01 -1.828733052583294064e-02 -3.470624606939933660e-02 4.418397995839512538e-02 1.382116103682891686e-02 8.765417334164958552e-02 -1.109403347625148722e-01 4.856305728130937138e-02 5.469579087311213228e-02 -1.264453804787955306e-02 -8.237063554018804468e-02 2.008066310579597891e-01 1.004420109156131530e-01 9.025862543496776524e-02 9.326731858434529621e-02 -5.042333666416243254e-02 3.167054485454916246e-02 9.548223385635015714e-02 -5.516275771426409034e-03 -8.830768971255791022e-02 1.291967429344836327e-01 -3.024200496839939134e-02 9.139341801390603315e-02 -7.205561305839935926e-02 6.316094573204061868e-02 1.099101416869292802e-01 -3.518267435656376868e-02 1.672550069829326358e-01 7.553123791134411236e-02 -9.063525216080275948e-02 -2.229706146140124010e-02 -1.447705362754364011e-01 -5.185685395519500085e-02 -1.767090586951183262e-01 1.031314029113639674e-01 1.552796472456593191e-01 -3.212734008068209024e-02 1.583417040640066886e-01 1.763553674928804507e-02 1.343899306308741770e-01 -4.874115144357531182e-02 9.680357238788321605e-02 8.512125160376805832e-02 -9.630186742109879405e-02 4.984002327701108834e-03 -3.676638592059795763e-02 6.587446321507015728e-03 1.361160008286453442e-02 5.441311326063539427e-02 -6.181123280331663437e-03 -1.250822599786295952e-01 -6.014399525337181529e-02 1.668008890074194062e-01 9.153910547357788779e-03 1.120630522464154954e-01 -2.242642596879818317e-01 3.356270064020194094e-02 1.847334971326958508e-01 -7.392683002870856224e-02 -6.684318460791273397e-02 -1.742441587310580298e-01 -4.779814837897154028e-02 -2.072905553508274171e-02 5.291294908830842386e-02 -4.840443182474957889e-02 6.897659739115268029e-02 -1.675964351313853629e-01 8.121443871818068150e-02 1.049851860454621699e-01 -2.753714176265165473e-02 7.338991846933842766e-02 -6.264856172980769189e-02 1.069209991582801972e-01 -8.013880900035885713e-02 2.357241704840227214e-01 -4.649713885311808868e-03 7.709623527912763674e-02 -6.096806699121343903e-03 2.412424698884050450e-02 -4.514742551556655270e-02 4.908691433504461243e-03 9.414700365054864961e-02 -7.865038496001219848e-02 -1.701125227382055405e-02 1.197550478290755477e-01 2.006030820051482241e-02 -4.684241045096506489e-02 -4.827917395605489659e-02 -2.724032391945594919e-02 1.677540109736281315e-01 -2.087103200301872186e-01 1.251773476210341074e-01 1.080854240583179748e-01 1.649605950146059707e-01 -4.616270335945066999e-02 4.072229691721337974e-02 4.014364420139431011e-02 -4.691566263917845009e-02 -1.847371436294333730e-02 3.158610192839128583e-02 7.656570524794509280e-02 -4.131569694803564896e-02 -1.429588796074451884e-02 -1.962392260928256249e-01 1.772557435366382272e-01 8.866130662860245704e-03 1.717693203690117965e-01 1.058442293232702697e-01 1.591719500858619976e-02 8.599520619321317227e-02 7.787797021412101728e-02 -3.408410506750848140e-02 1.240542721449156135e-03 3.422681124063439717e-02 2.549587127974010242e-02 3.586953557223276912e-02 8.696251315945881244e-02 9.450908481139727590e-02 1.575434884460774065e-01 -7.055676248392078742e-02 6.347352096773885288e-02
-9.505210475728999298e-02 -3.235932156112873992e-01 -1.981418137712026573e-01 1.943908174047528359e-01 -1.055121577876434180e-01 -2.317273474660538068e-01 -2.335496420848973131e-01 3.816117464202740672e-01 3.041559657949425080e-02 -1.016316353493820906e-01 9.806307426644556013e-02 -1.011878513498944282e-01 -2.260659871248865416e-01 2.935900376301924311e-02 -1.171758622839747105e-01 -1.742879846498953111e-01 -1.385774304557593067e-02 1.221990828815951585e-01 -3.225392672943048766e-01 -2.826660669309273288e-01 -6.788479762288465898e-03 -1.758268354559369140e-01 -1.075939885277205355e-01 -1.950846064163004323e-01 -9.077684155087442641e-02 3.890611642021813560e-02 1.966214260471448039e-01 -5.451962297302101468e-02 2.570937775288269500e-01 -2.321010854426376890e-01 1.132964473810623984e-01 -4.938432606316436879e-02 -2.748250969200896066e-01 1.228515107834139003e-01 -1.622831252663280710e-01 -3.757190702317023123e-02 -1.071435150336084649e-02 5.464148351759538780e-02 6.232421219403382756e-02 2.828712278090811938e-01 1.685791477820942075e-01 -1.949921710387347851e-01 -1.258932350280168588e-01 2.640240835545664688e-01 -2.056701405193225307e-01 -2.152026134951678937e-01 -3.246518476857279123e-01 2.397227435183872379e-01 -2.505866945640533028e-01 -1.273181759098017396e-01 2.106005964309815570e-01 -2.030947047159858965e-01 1.098104041322089941e-01 -1.727585354484728331e-01 1.554271111029232044e-01 -1.274026237226786873e-01 4.469804177747582069e-02 8.403975107017326585e-02 1.568832418002250387e-02 -1.074701737278894315e-01 -1.013223669482908318e-01 -3.359672483580884994e-01 3.872930948133677664e-01 -2.493600114459207928e-01 -3.510647633745854201e-01 3.031712371014322338e-02 4.082726120030520656e-02 2.777459920155718187e-01 3.912868582317061139e-02 -4.163261803726930887e-02 3.769894388743145336e-02 -6.901242523680083119e-02 -2.298717024330630687e-01 2.630932281560725006e-01 -2.227781673602457768e-01 -2.696904049275271609e-01 1.732830287369875877e-01 -7.242176684310111523e-02 6.930310302691897184e-02 -2.565637866406484946e-01 5.886589088928845248e-02 -4.148491736711908962e-01 -7.794283130452581143e-02 -1.495422766058331944e-02 -1.290256105122719772e-02 9.694216029722030337e-02 -6.668055044741411086e-03 -1.578794372319529682e-01 -5.683769069919803602e-02 2.181908632329740971e-01 -1.806844884194745010e-02 -1.520845859157372304e-01 -1.257326897023141044e-01 9.375809645079938304e-02 -8.898719508912069850e-03 -1.586385871237777981e-02 -3.562661563799013331e-01 3.703369573473090925e-01 -4.452555500833883795e-02 -1.929881349242255906e-01 -1.464752576188984579e-01 -6.260642616568258545e-02 -1.281111062841950310e-01 2.653686488806005807e-03 2.007373914761747917e-03 -4.182608333801079298e-02 3.482480802696394373e-02 -7.553943938360156707e-02 1.434213101103966048e-01 -5.890063158435766139e-02 2.822539876060556896e-01 -1.544228939439621084e-01 3.259332274419522030e-02 -2.141653245118431692e-01 -1.144038460447805577e-02 -2.163346171068594725e-01 -2.403916334294461665e-01 -1.405028569780182868e-01 1.031879892050084208e-01 -1.587344568312689108e-01 -8.382453622919698588e-02 1.082777828803234699e-01 -1.656680915375201013e-01 -8.262986859495956293e-02 -2.321765553981507413e-01 -8.685569480220646510e-02 1.034183966516833558e-01 3.868382991157531814e-02
1.183748292523292417e-01 -2.964007001130572819e-02 1.199011435382968255e-01 1.517125817679573253e-02 -1.541075237701140244e-01 2.035584158356420481e-01 -1.828733052583294064e-02 3.041559657949425080e-02 2.668151199232403070e-01 -4.877009817060448671e-02 -1.362757198908426948e-01 2.248842273386038662e-02 2.110066844467099190e-01 1.718475903488536627e-01 -1.447427461384727387e-01 -1.090120164905829941e-01 2.451873510069373444e-02 2.487572973007513566e-01 -1.222869654281089347e-01 2.214146424812804825e-01 -1.375869965385235760e-01 -1.112493008385711801e-01 1.996547981556947293e-01 8.134457089295073218e-02 2.512535233945708754e-02 -2.192457943790681804e-02 8.307892486172457902e-02 -2.034356529008737591e-01 -6.088580348374929285e-02 3.706663079695399904e-02 -5.551464749877284971e-02 1.550953455840264374e-02 2.090814434996366988e-01 -1.343186844210919606e-01 -9.020325010449037340e-02 1.823697934628064343e-01 -7.855734606874636983e-02 -1.058404198758330778e-01 1.261675147110669915e-01 -3.760678748750902883e-02 3.917325206987170433e-02 -1.156884976852232544e-01 -7.243927070722977479e-02 -5.480170689028571879e-02 7.270668053171294720e-02 3.539360220915752087e-02 2.646296393765188923e-02 -7.812569468808443218e-02 2.026899497571841013e-01 8.261895140311606434e-02 -1.662216135858559096e-01 4.210598496332534912e-02 8.655512396761927407e-02 3.847631917179564903e-02 -3.570687620738010465e-02 -2.041446599303975082e-02 -2.730019954496758910e-02 1.637920375866981637e-01 -1.871505139341661239e-01 -1.196090295322072145e-01 7.705176223745237828e-03 1.308178051261829067e-01 2.120745766276784655e-02 2.565860079843331268e-02 5.558906888987561606e-02 -4.710648294829838933e-03 -1.183706416229509534e-02 2.164300895602549180e-01 4.368618132773539886e-02 1.152932497684861640e-02 -2.552156841747933811e-03 -6.311897891577852859e-02 -7.245665335760348436e-02 2.075192797233680053e-01 2.150162417997971420e-01 2.226940668412927815e-01 -1.517521416612415408e-01 -7.952656517693274321e-03 5.316989432740722166e-02 2.037675972316073669e-01 -2.440110724398670411e-02 4.985541365496176311e-03 -1.384086755741673336e-01 -2.255302144073610682e-01 3.716342012540325285e-02 -2.496730720753852772e-01 -2.105267888020180903e-02 2.009471445973644854e-01 -2.533338941123742249e-01 2.503041436193532976e-02 2.036994920082050436e-02 -2.567152892258388677e-02 -2.129145464886297162e-02 4.687384202615083040e-02 -6.095720275240199340e-03 -2.211550053154511253e-01 3.390887302495933231e-02 5.799604768993942699e-02 4.781885694158713451e-02 -5.277329247383173022e-02 -5.658754985215985051e-02 -6.914124689561294834e-02 -1.341837800606757169e-01 -1.497983549511062162e-01 -2.069259203866171404e-01 -2.154772639414615776e-01 -7.018950916455019007e-02 -4.239353435484801563e-02 3.830079892671425096e-02 -2.254134835730451369e-01 1.372617936934668326e-01 1.042305795263172470e-02 -3.521890264137312460e-02 8.993805803385916675e-02 6.086865985522824096e-02 4.019982049194184559e-02 2.180193868353837439e-01 1.734279159107663922e-03 -1.070590842306658880e-01 3.173726650397435539e-02 -1.249223050414907110e-01 -6.629725389309365502e-02 -1.688404379271841657e-02 1.880937167179503877e-01 2.004046463936111355e-01 -1.252554752428170770e-01 2.092125185995885317e-01 4.327540973333973695e-02
7.909478464051492019e-02 1.643549189332610128e-01 8.243994750454856912e-02 -2.648847934867243348e-01 2.615811618207311007e-01 1.209782874378065864e-01 -3.470624606939933660e-02 -1.016316353493820906e-01 -4.877009817060448671e-02 3.720513698701706784e-01 -1.342633253680801941e-01 -7.641887866297987324e-03 1.365986805486302802e-01 -5.121737557631717702e-02 1.341925544597437070e-01 3.178992764470887633e-01 2.475184065632666797e-01 -4.373795753569768158e-02 2.323689521808116609e-01 1.997920785247499775e-01 -2.943434828348154841e-01 1.069238711080283954e-01 1.314608171860481289e-01 2.960291254704828234e-01 -1.107959791525518906e-01 1.865237425702794827e-01 -1.393549128495663314e-01 -6.005667623935781463e-02 -1.337988129004285542e-01 3.700618818753099171e-01 -5.656014395998644473e-02 -1.040763752043866591e-01 1.688110298670890408e-01 1.180962957015712668e-02 -1.678084044096180838e-01 -2.328458402011915618e-01 1.761861857870271886e-01 1.454321323794459664e-01 6.324953640619500501e-03 -1.385245204205645397e-01 1.027125952019702221e-01 1.342948126136554454e-01 -2.110242779329354890e-01 -1.406924898406028135e-01 -1.064582658169420902e-02 1.047710319197080048e-01 5.955090501666322755e-02 -2.540572412288242266e-01 1.628372725545454702e-01 -9.163919150506509570e-03 -9.867586070456348460e-03 1.094044816713011375e-01 -1.153720260765452865e-01 4.206040861639253614e-01 -1.229113433899242380e-01 7.714648950218054579e-02 -4.328593657993960037e-02 3.923193916897451533e-02 2.216079106050175829e-01 2.122136755110632864e-02 -5.463180774626981255e-03 4.073714269333504889e-01 -1.122404240185443935e-01 1.312288559933819931e-01 1.701734931856886124e-01 1.463908663381720821e-01 1.213027342012568677e-01 -1.826980805459171575e-01 1.311238932268364576e-01 1.008225319238974238e-01 -1.371144478448374504e-01 3.625836613186175228e-01 3.936667045758572847e-01 -1.662641144525692227e-01 1.419859466843214624e-01 1.888413169221568044e-01 -7.872597177199153196e-02 -2.559990489520623524e-02 9.651138331456725339e-02 1.547056184990965033e-01 1.077707955255710059e-01 1.556230393890764840e-01 2.480479992803684697e-01 2.962623934613572985e-02 -4.659962096589100565e-03 -2.510493929562711557e-01 6.140693981914185223e-02 1.602175094463535732e-01 7.880328332852676310e-02 -2.814604110063566589e-01 -1.512722352569759454e-01 -1.843019432505708932e-01 2.249096810359238474e-01 -2.566166476067304747e-01 1.449472453310573505e-01 1.259201905038261349e-01 4.150034727062890116e-02 -7.714871485720269095e-02 -1.201502563943750851e-01 -1.405250063873969002e-01 -1.787821159723520237e-01 3.269056529861474325e-01 1.563255601703156528e-01 -1.229880903862935193e-01 2.270233854218169922e-01 1.551150772206930650e-01 -1.719623662100856210e-01 -2.717006298469873404e-01 -4.514599078337077492e-02 1.782742107960606781e-01 -2.060719746417198350e-01 -1.773297156342881417e-02 1.349579284542001822e-01 -5.155407855415838209e-02 -1.366428800213069228e-01 1.109012733782518134e-01 1.573863141316236836e-01 2.892531271413393071e-02 9.390960912088533452e-02 3.872619609626650750e-01 1.168826657019522569e-01 -3.047573617286593595e-01 2.706047725892972156e-01 -1.856407608496393469e-01 1.291035279126855062e-01 2.173319154264434505e-02 8.539310101486598248e-02 -3.050971042423855084e-01
-2.114212277147198282e-01 -9.542151300354588528e-02 -2.092243989860919640e-01 1.179494325858897463e-01 -4.933106595661727184e-02 -2.285481909355897012e-01 4.418397995839512538e-02 9.806307426644556013e-02 -1.362757198908426948e-01 -1.342633253680801941e-01 3.539855091062904524e-01 -1.429912454794002863e-01 -2.518576116106009954e-01 -3.196719345889891262e-01 4.293964510716055671e-02 -8.104787060036315605e-02 -3.122495666416005844e-02 -1.404181890328231042e-01 4.692521125095468204e-02 -3.119497166291458901e-01 2.076070512823043335e-01 3.870811402901215559e-02 -4.299397211753231418e-01 -3.134532957399664421e-01 6.571547098402415188e-02 7.183848203818107847e-02 7.066394948646886019e-03 2.729299607419649054e-01 4.066364748733499734e-01 -1.345480091308860759e-01 6.491022717179217860e-02 6.205850093351521907e-02 -2.727468906044079877e-01 1.441074705961957469e-01 1.182548578793520683e-01 3.642683549407642937e-03 -1.482977798630071287e-01 6.398104406775580177e-02 -3.278440494858345100e-01 3.888074030913790113e-01 -9.888193705849999959e-02 4.540433826777735132e-02 1.319508512231570285e-01 4.115503243608464867e-01 -5.046429578666366406e-03 -3.583633351989851112e-01 -2.626755755857707042e-01 3.482986201877520394e-01 -2.602472097674005114e-01 -1.174382887087515176e-01 1.747128708114138451e-01 -3.668464698779506650e-01 -1.980030663369200528e-02 -2.148409071659274916e-01 3.329766889553605336e-01 -1.169313790022983024e-01 1.092722323261790252e-01 -2.084891243725298660e-01 -5.690264220899739905e-03 2.971504084074858554e-01 -1.509344436660914612e-01 -3.234563050499083547e-01 1.341770201783782646e-01 -3.655620301417547569e-01 -1.448263779549832930e-01 -1.156013666821750635e-01 -8.145133774554687289e-02 -6.762673757450315959e-02 -1.204176107248594715e-03 -1.544855568504711618e-01 1.651686016178662841e-01 -1.041743988391442971e-01 -1.411216065254656260e-01 -6.680374728471261125e-02 -2.581155189855204313e-01 -2.866044412890493831e-01 2.483024598537044714e-01 6.907488267566565081e-03 -4.857647158097879933e-03 -2.501741382643490885e-01 -7.354279544452106687e-02 -1.533252066568571714e-01 -4.401141848743952284e-02 2.299941189542619446e-01 -1.061625627067430411e-01 3.082115606507060401e-01 -1.104194524476244943e-01 -3.543752391268940594e-01 2.198990799369438531e-01 1.050258659962960556e-01 -1.398148793651866340e-01 6.171870970850986543e-02 -1.006952997627211938e-01 -4.488857249451441711e-02 -1.207347581730408986e-01 4.584798589441926170e-02 -2.345765685430181435e-01 1.122757551644599366e-01 1.703155949283123582e-01 -7.989176084516330656e-02 1.245242094739726496e-01 -9.165436749588225240e-02 1.173311278244012698e-02 2.088467625963996988e-01 1.654912024706725951e-02 2.177895812683638271e-02 1.135807567930316175e-01 1.475327509727249360e-03 1.039385852499491447e-01 9.104076361894553396e-03 -1.208292532515460177e-01 1.274836327524221657e-01 1.515635841098816050e-01 -3.200681413558275658e-03 1.690014726018560509e-01 -3.658209966671139290e-01 -2.768720961129058633e-01 -2.679731251453047053e-02 1.073246472998224815e-01 -2.005196125722778777e-01 6.200482949850503328e-02 2.264014031351392897e-01 -1.154295770337629978e-01 -4.342694473812593048e-02 -2.410780314846992234e-01 3.161750890025619154e-01 -1.203231132014040833e-01 1.184172468535866357e-01
1.183314755921526656e-02 6.127819105518439446e-02 1.372715618563760398e-01 -1.608801778561656515e-01 -1.187125518526772339e-01 1.183832018998733915e-01 1.382116103682891686e-02 -1.011878513498944282e-01 2.248842273386038662e-02 -7.641887866297987324e-03 -1.429912454794002863e-01 2.471018307417062743e-01 1.191491889437748530e-01 3.136223512430580396e-02 6.582011445512149506e-02 -4.865695287167239730e-02 -1.949478331753523586e-02 -5.164776915887834587e-03 7.344004351011548803e-02 1.356548457353637660e-01 2.318095414933353179e-02 4.329773312917893635e-02 1.396709198158156695e-01 2.150391483726944719e-02 1.208207812942723933e-02 -1.118393181623322380e-01 -8.512503872551946404e-02 -2.549744038167317192e-02 -1.740126739623304719e-01 -4.834861934268522288e-02 -4.266326367665753544e-02 2.280266217412000446e-02 1.400787311829423953e-01 -1.114011009346826675e-01 1.646008662730117644e-01 1.432512818457613024e-01 1.252263880314526956e-01 -1.113948249754938280e-01 3.756705870745823128e-02 -1.831514336058116532e-01 -2.479474365082516910e-02 8.404684291612501967e-02 1.483367178254061391e-01 -1.742034297825724165e-01 1.329583072393035748e-01 1.553542376084647292e-01 2.951105128108479358e-01 -9.866213222532696503e-02 1.281288377954242219e-01 -5.857383755705199146e-02 -2.065093186329872155e-01 1.519908363207617963e-01 -8.376537131134369207e-02 6.256999620565512066e-02 -1.395144254631117686e-01 -9.768938738571933400e-02 -1.141483912714933574e-01 -5.449221662841718244e-02 -1.264134916518886709e-01 -2.240664147241009166e-02 2.535365689057853533e-01 3.951343389516049492e-02 -1.063542487769144895e-01 1.679580171381667153e-01 1.950326544964499920e-01 -3.053880941624160378e-02 -3.682635393250450334e-02 -6.899312606054686103e-02 -3.025422542038740115e-02 1.046009529885408296e-01 -1.614484402220810466e-01 -3.548975165903994755e-02 -2.678201298458981680e-02 -6.762846716945784820e-02 1.240291692102003795e-01 1.173618921906330187e-01 -1.222158922773309425e-01 2.068454974075012442e-02 -4.207783377370984124e-02 1.213923139923262923e-01 -3.573160874588002939e-02 9.406998980931345622e-02 -1.343216639501354226e-01 -3.125887388296256370e-02 9.299058399337425951e-02 1.542610145578760493e-02 1.570744603405274942e-01 8.184898724772764200e-02 -1.955707580558116790e-02 -1.414802905957298074e-01 9.875116204509573614e-02 1.757822929515957533e-01 1.362386063925345170e-01 5.738259556662853728e-02 -1.090364396364107034e-03 -3.619616003070334070e-02 3.027426656952152406e-01 -2.174352670335154281e-01 -1.093176110368382220e-01 1.874614051872068310e-01 1.605866715209148532e-01 -1.713394817383665641e-02 7.457916599737363095e-02 1.267017838174956390e-01 -1.189499832794195938e-01 -2.540711541722945332e-02 -5.815763062219466567e-02 1.509790267577829359e-01 -2.597695922398192692e-01 -2.654998485561887653e-02 -6.671307248624133712e-02 -6.441971022130225932e-02 -9.458483026510747238e-02 1.376444495885526254e-01 -1.255816347593126381e-01 1.518371710628132754e-01 1.237859187869485567e-01 5.294823315357839039e-02 -1.145342424569023576e-01 8.575235970443799427e-02 6.548740436772980400e-02 8.471209696609798001e-02 1.510340561885706590e-01 1.650170002243092904e-01 1.186695440984325001e-01 -4.107833002252748306e-02 -1.194327231842356868e-01 3.800909061753422746e-02
