5.260377002147705733e-02 3.817578479724822657e-03 -1.250630028988962070e-02 2.818336917202288357e-03 -1.715069103879808890e-02 -2.266009432503863011e-02 4.521378216943541112e-02 2.406622373343691654e-02 -5.479116286555394018e-03 -2.473099234795356205e-03 -3.890650727335228515e-02 -5.267933884874780037e-02 2.236592791469337385e-02 -3.583177358608410218e-02 -3.317363424780337897e-03 2.271398006626963728e-02 1.884286104288360880e-02 3.746125582501730550e-04 9.572798957779902682e-03 2.159974182324575498e-02 -3.409686766385004036e-02 -1.675842382268107229e-03 1.386593000524659856e-02 3.352681494909793419e-02 7.255818724924870816e-03 -1.399852764167139546e-03 -1.263049879902617550e-02 4.931837486140787374e-02 2.105391347556625700e-02 -3.716087515204050812e-02 3.455064628621710293e-02 -2.391425403503321875e-02 -5.436703441669380084e-03 -4.302223737673964432e-02 1.325875270759164018e-02 -2.086891129019911514e-03 -3.328870706896523007e-02 1.306473990081682447e-02 6.703947069721813640e-04 2.152255635637559741e-02 1.300745625895095153e-02 -1.431741728462954978e-02 8.190458547030772529e-03 -7.011723577922841615e-03 1.432182732504764383e-02 1.397687992401530415e-03 4.705353002678596547e-02 -4.148995977384784678e-02 1.651561590356369347e-02 2.576664486635184964e-02 4.860467457048017054e-02 1.991525195257063882e-02 -1.680760282433888669e-02 -3.735136114048825517e-03 1.390786561178174695e-02 -3.090960571040519619e-02 -3.757237802696665463e-02 -1.009199083563563741e-02 -1.721090161397455286e-03 -5.520713252589051247e-03 3.665533683594122613e-03 8.141700427807012017e-04 -1.437226579759954236e-02 2.772210368292676169e-02 1.602607117278345011e-02 1.622972390414549951e-03 -2.016281400973797197e-02 3.097505074120776580e-02 -3.612322004223092638e-03 2.554264741261167565e-02 3.082197527567307957e-02 -2.810163516472873393e-02 3.336001237290585342e-02 -1.431035922172067647e-02 -2.536545783182977531e-03 2.986494569247111902e-02 2.253505490062644809e-03 -4.006931257310439309e-02 2.173698655395696344e-02 1.847810444736534483e-02 -8.908582502913712370e-03 4.681509078039118588e-02 8.816025303971290750e-03 -1.069051044132591707e-02 3.272574607615873210e-02 -1.029394955423871844e-03 -3.486222054266347598e-02 9.239854479875964088e-03 2.188951640214583522e-02 -1.411252467497624112e-02 1.821125797123629084e-02 -2.030925762817061345e-02 3.804114489057002640e-02 -1.765253575433125069e-02 1.151949122488583714e-02 -2.353298073035920215e-02 3.210990357588994594e-04 1.844450887355670796e-02 1.608595648751906179e-02 4.306787480282095633e-03 -4.669556605623068242e-03 3.489381045552465699e-02 -2.636242560214755240e-02 1.660060579257258140e-02 3.071321386049553556e-03 -2.257520828773236163e-02 3.221102595926389825e-03 -2.987509878857319903e-02 3.340951943297009591e-02 4.972039118081029302e-02 -1.517281504345836677e-03 5.051974854394854220e-03 1.789479675523981267e-02 3.617872918001839577e-02 -2.414015585589333792e-03 7.157172727480303268e-03 1.848334346024186475e-02 -1.048093220983585191e-02 4.946136565913960940e-03 4.886876144605453547e-03 1.726933039728954442e-02 -2.235930939711651411e-02 4.097012242254101898e-03 1.333206909522968373e-02 2.472698410048959974e-02 -9.233070996125061249e-04 2.760400712521258668e-02 -2.849327940569451774e-03
3.817578479724822657e-03 3.379918271660879020e-02 -1.944152620300956813e-02 2.478314782545605263e-02 -2.142218413050468381e-03 -5.680085295458346673e-03 1.399465617130241785e-02 -1.497041859754985431e-02 -1.599191139516745533e-02 1.115795650698965698e-02 1.354193672328925062e-02 -7.453186697427981351e-03 -8.084833202563002433e-03 5.065061703516204536e-03 9.997198244624054195e-03 1.448549162396425144e-02 8.247385858626667468e-03 -1.627204440349077838e-02 1.580961506145787954e-02 -1.496961247352546903e-02 1.211797908540979303e-02 -5.417281714850977377e-03 -2.908091449796174066e-03 -7.383275652733319559e-03 -6.519283172991149032e-04 6.103591263948633140e-03 -1.306639398947055143e-02 9.845381524631489564e-03 -2.004839374815209005e-02 6.704783909980523843e-03 -7.286409036501757114e-03 3.658572511272458090e-03 -1.969000167519294534e-02 4.468538418450337946e-03 -2.938120598177707682e-02 1.525901360534282804e-02 1.809757697815862418e-02 -1.467042993569376771e-02 4.029978708651082292e-03 -1.495243233244760925e-02 -2.424566765975432782e-03 -3.144163709380908781e-03 -3.470312195145996721e-03 5.303468270147416140e-03 -1.271223933235832680e-02 2.080554802383741131e-02 -1.332985555906454676e-04 -1.089488425072925558e-02 -1.417825664092891604e-02 1.675244127898960732e-03 6.264757577061713656e-03 1.116807007618672923e-02 -8.015555419802039214e-03 -7.231554710181691513e-03 -2.806284465876800888e-02 9.515812794846404202e-03 -7.935914861687433722e-03 -2.332998460982021321e-02 1.970924272072642827e-02 9.745488272458474469e-04 8.232659329786761945e-03 -9.147077244181626293e-03 1.323078055139242579e-02 2.250681048019989930e-02 -1.001196718685099310e-02 -7.996881907195656225e-03 4.417220660883573909e-03 -4.633659735090184077e-03 -9.566994162188310197e-03 -8.450539909357413990e-03 -5.262899374402910287e-03 2.059684152456200262e-02 1.276622636695395885e-02 -4.923170901279367261e-03 -7.641686132732153358e-03 -7.411214652566956371e-03 5.201786509896983053e-03 8.850472481650674059e-03 -1.170217990821450366e-02 -1.416398594633390580e-02 -3.144879892448004810e-02 7.897143168127311250e-03 -4.008231632876203170e-04 -1.002017401411137328e-02 -2.279587668153148367e-02 2.197696922389991495e-02 2.604826521346301823e-03 4.098142013708968895e-04 1.355536621757943809e-03 9.118888654924516002e-03 2.323046405964323755e-02 2.848772181397839914e-02 3.063086961881118179e-03 3.144043897872823411e-03 -4.067073574574205964e-03 1.421864622466847104e-02 1.997609225456776355e-02 -2.816799938694694236e-02 -1.629843792852484277e-02 -8.111978805659846720e-03 -2.358755214189638127e-02 5.964363079542895144e-03 -2.896764439391777760e-03 -7.291909456154545624e-03 1.748289171751485696e-02 1.521161316303993281e-02 9.929921166688495879e-03 9.679291798941025773e-03 -1.127249245214642995e-02 1.011762743052939048e-02 6.290253010640673012e-04 -8.915860561878536164e-03 -9.029069872198518948e-03 6.420364336047459410e-03 -3.161442003530301470e-03 1.964411759553195275e-02 -1.177319270528123449e-02 3.061081520513296225e-02 1.071566075930406245e-02 -2.334695529544250289e-02 2.027954719789279783e-02 1.726739175261618811e-02 1.431028802457692123e-02 -1.937497654998070196e-02 -9.541279175422348255e-04 2.000419265860870974e-02 -2.301863916282092040e-02 -7.552584125449850368e-03
-1.250630028988962070e-02 -1.944152620300956813e-02 7.039848179875539402e-02 -1.852766237771208413e-02 -1.349917688904324169e-02 2.790797162698573433e-02 -9.344385291738199761e-03 1.617160289574246651e-02 -4.725686987108502243e-04 -1.581426807436870849e-02 -8.060347095151116845e-03 2.030353315796157299e-02 9.332227674943953388e-03 2.401795555509267724e-02 -3.875938382213583045e-03 1.905235540334024660e-02 -3.382517905838262895e-02 -7.626761619764593075e-03 -1.598962060750134194e-04 6.772104654881824261e-04 -6.626424381796758821e-03 4.742171653841425333e-03 1.070016896466813999e-02 2.614024976082806456e-02 -6.059989096455559686e-03 -1.113363430380357247e-02 4.040509084193184830e-02 -1.245183546304259696e-02 2.407230769494816958e-02 -2.272302198693534198e-02 6.268442182305374727e-03 -1.961609835417995468e-02 5.924639375530085100e-02 -1.103434586762910667e-02 1.376789237160268645e-02 3.301380390093702159e-03 -2.145380328922175464e-02 9.235095407994962924e-03 -1.604214124823144950e-03 1.218413254871944865e-02 -1.064775934564769592e-02 3.450128805223936362e-02 -7.602769113987432013e-03 -2.391128285363980713e-02 -7.615576018449114401e-03 2.914982469162933319e-03 -1.656458784363981293e-02 2.606474677159803174e-02 2.348590870684467459e-03 1.642744511069225283e-02 -1.372916811574753301e-02 -2.394871930844665042e-02 2.757448765677859154e-02 2.416130521521410966e-03 5.275350544949428816e-02 -2.961884145898284471e-02 1.439184181595883939e-02 4.824689290840569744e-02 -2.001149271825482939e-02 6.189258667601342696e-03 -1.545129977755110157e-02 -2.529604710876851275e-03 1.827662912121272645e-02 -4.489640322152192720e-02 -1.118587482226653627e-02 1.944600942654564277e-02 3.371209202087440001e-04 3.749293058992302780e-02 4.043749185073808317e-02 -2.506186952942352289e-02 2.326489330844437597e-02 -2.599691409680467830e-02 2.659693979820244511e-02 6.260919992507060251e-03 1.166668500452865305e-02 -9.741708058732639593e-04 -1.733519984754263582e-02 -2.329435720811249763e-02 4.372076471918300011e-02 4.039446756005649064e-03 5.955535263127757079e-02 -5.869083313992807215e-03 3.853753092477657516e-02 -1.056022000366652058e-02 2.222770315849772332e-02 -9.288606239649050203e-03 -1.966870603293369851e-02 4.048961687237660756e-02 -3.823612535301273985e-02 -1.426937795767403358e-02 -3.993916815878571086e-02 -1.130823752323482229e-02 -1.282489932058737507e-02 -2.763805458865883913e-02 2.892287496064662941e-02 -1.714194837082263145e-03 -9.469725597786400259e-04 5.293752780726122126e-02 3.577786131472212791e-03 3.168852896537211611e-02 5.250404503575816645e-02 -2.784614481382330364e-02 3.251161228738898290e-02 2.215360252825477553e-03 -2.269141213581915908e-02 -1.399123290600375958e-03 -3.899489134621509159e-03 -2.831042787660723384e-02 -5.218836480982567277e-03 -1.237300102817169567e-02 -2.644666232425554007e-03 3.150605504753283687e-02 -6.596813387819244583e-03 7.981565302543160156e-03 1.086862193166611250e-02 -2.279622002449205667e-02 3.949075186885675492e-02 -2.836673742855373020e-02 -4.496679143155452724e-02 5.927073981120665330e-03 -3.468013418300825573e-02 -5.494648780471970452e-03 -4.607793249674539682e-02 8.817193629420870538e-03 1.998186807792298736e-02 4.148008928185087721e-03 3.417746626840477420e-02 1.232286308893294421e-02
2.818336917202288357e-03 2.478314782545605263e-02 -1.852766237771208413e-02 3.613212747031441241e-02 1.071680641315520682e-02 -2.864837275650462811e-02 4.352317847329700840e-03 -2.260876230515129065e-02 4.741627490195095447e-03 2.435870264650841222e-02 3.917494856187364594e-03 1.158477017081641601e-02 -1.670961375181989964e-02 1.791804287299056039e-02 8.246483321112147921e-03 -5.076529198724430121e-04 3.074332610037950470e-02 2.692313600960564296e-03 -3.500293968601464467e-03 -2.739048745455199829e-02 2.641923132107192040e-02 2.809894970457418482e-04 8.688940168074792830e-03 4.948386078406102721e-03 1.057872313913537504e-02 -3.386021246824667385e-03 -6.107419045627705823e-03 -1.167806264254817906e-02 -3.508312300525573413e-02 2.008973853374822205e-02 -1.400728219083124428e-02 1.895814775759499873e-02 -9.299908400802461492e-03 2.718052971828907247e-02 -1.559427867121578569e-02 2.782482807047251261e-03 3.133975113296094510e-03 -1.467297356989642754e-02 2.431965509862247035e-02 -2.511412951847622615e-02 1.531601929512077000e-02 -2.626877067750387623e-02 7.066183712969569854e-03 3.506148580034719204e-03 -2.438549740912762318e-02 1.075041270318982146e-02 -8.297481287780128500e-03 1.174721578326239947e-02 -2.615798696023145797e-02 -1.128282254410190553e-02 -1.210105888414707287e-02 2.693271620282607776e-02 -3.033933570759547033e-02 -3.305191604516499737e-02 -1.264156648149225223e-02 -6.236128815841649950e-03 8.415318964455045098e-03 -1.313874787878473865e-02 2.548372098363166707e-03 -2.703289485537612238e-02 2.737817769061278231e-02 -3.441383642419911654e-02 2.719426290954198022e-02 2.381636734902643771e-02 -3.845630824704854289e-02 1.710136097070609701e-03 9.457961089160049975e-03 -1.689809317322879881e-02 -1.937189784574979822e-03 3.904176285061298872e-03 -1.898272748530674056e-02 7.657711521411650173e-03 -5.632536560508772695e-03 7.293586520756195450e-03 6.926863276343301658e-03 -2.455948346576376784e-02 8.100425759752730853e-03 1.955428272324314862e-02 -4.588371400904938530e-03 -2.423118502731094748e-02 -2.445302825532538402e-02 -9.218650648567692715e-03 -1.935939317822772676e-02 2.465443848248358594e-03 -8.235573169821607670e-03 3.508614521612953702e-02 1.453652408414379815e-02 -4.392244124372992058e-04 2.062730271816925337e-02 2.559806710432402377e-02 2.262290933522098993e-02 1.929665317287719215e-02 -5.880638213179230876e-03 2.134964430742394836e-02 1.520586294833710600e-03 2.823402309718590214e-02 3.694903751402651981e-02 -1.470559028644123287e-02 -2.746042501939771965e-02 -2.790567926958237473e-03 -1.239507649487256447e-02 -1.509113152921961847e-02 -1.108269687000521149e-02 6.488226410638144731e-03 3.512546045386416051e-03 2.923989225076536677e-02 -7.471403447204601200e-03 2.649988916726590121e-02 -9.056900914142163765e-04 -1.064902139953850455e-02 2.151217652796387492e-02 -6.472950165263389663e-03 -1.460220399970292224e-02 -9.405471950428744704e-03 -3.010919690394176992e-02 4.085980204985779213e-02 -2.328652207480693889e-02 1.831831821226424795e-02 -8.165032964440461756e-04 -9.183835918693008388e-03 1.190623166789830413e-02 2.702666038716937391e-02 9.315640376282310897e-03 -1.259704098687365083e-03 -9.785181911830134402e-03 -2.605240567947782974e-03 -2.079603337029978238e-02 -2.733973299873298721e-03
-1.715069103879808890e-02 -2.142218413050468381e-03 -1.349917688904324169e-02 1.071680641315520682e-02 4.832103092194551391e-02 -2.312267825516774872e-02 -2.895479338791581356e-02 -3.420734761002260050e-04 6.418282006897948555e-04 2.348588564710592935e-02 1.036089181722845039e-02 6.780484325310112866e-03 -4.510145908809725518e-02 2.287773059048392801e-02 -3.402374361201622541e-03 -8.662533031238799346e-04 2.512610325506150002e-02 1.858689562079537949e-02 -1.598499868127632251e-04 -4.477346474583909081e-02 2.328002216613064140e-02 2.250451098094888303e-02 -1.060017608578904189e-02 -1.620192136162745822e-02 -9.755268951685639248e-03 -6.234961872944110408e-05 -5.753448880307390984e-04 -7.917080596990108340e-03 -1.160637039980501502e-02 2.673209843761755258e-02 -2.061156829451877767e-02 2.950730685391641031e-02 -2.803903208143103398e-02 2.682203374807588456e-02 1.704763068302000278e-02 -1.161930469170963098e-02 1.257156453552386692e-02 1.642621821172755500e-02 2.905786281574414872e-03 3.911412568539683610e-03 1.059593441787264924e-02 -3.084474160750742822e-02 -1.364416683567861843e-03 4.271476133476803140e-03 -4.062201807775656093e-02 -2.412251644539561979e-02 -2.342720188405385609e-02 9.246431302283229098e-03 -4.222964324578526440e-02 -4.790986149718722692e-02 -4.409437076852535612e-04 2.467267774261884192e-03 -2.540400861590808371e-02 -7.348421399080409290e-03 -1.821925719537920152e-02 1.742207522127800501e-02 1.856630216706393194e-02 -2.056147487095822540e-02 5.844242733092237449e-03 -2.390364588598278481e-02 2.385228023937464165e-02 -7.724269430665273162e-03 8.087332338699652554e-03 5.721842401708068272e-03 -1.301633451781869337e-02 1.990353982050503678e-02 1.828181127567156047e-02 -4.720086785814735231e-02 1.636510471273983774e-02 5.125876667427029139e-03 -5.707722743852419907e-03 1.027663274735735564e-02 -3.643810233395537029e-02 -2.898014694994518504e-03 -1.076051601195563388e-02 -4.508380358811000382e-02 1.265604236334654138e-03 3.155501734321824320e-02 -2.584697394044625784e-02 -4.363907238196066546e-02 1.019960211284541172e-03 -1.399036622752221695e-02 -1.678819425238656585e-02 3.896486807041183581e-02 -9.579740473751104102e-03 7.512698223476610426e-03 8.042247481394872513e-03 -6.858143059608223444e-03 2.635315370723536124e-02 1.687537516076346999e-02 5.462506222543430517e-03 -1.191419159942612091e-02 -2.558016959271567844e-02 1.780158902448427186e-02 1.640102392181103444e-02 5.049676692235843117e-02 4.515481676062624294e-03 -2.361805887536349083e-02 -4.318716544649653377e-02 -2.443624651871074277e-02 -2.329796662331123577e-02 -4.362201394291291036e-03 -2.027427151591851533e-03 -3.452900027535292255e-03 4.829854931162119377e-03 4.704839225176513096e-02 -1.091534438674515543e-02 1.985287085142447422e-02 -9.302857954791786746e-03 -8.072823243256114709e-03 7.495291245807081566e-03 -3.258202974196898905e-04 -1.160766360010112054e-02 -4.169416914119195711e-02 -2.565597040780361396e-02 2.862435958857626264e-02 -1.920497620324635932e-02 -1.161113566901247722e-02 2.329516108802312177e-02 5.525460150915803559e-03 -4.507029049702086267e-03 4.585669677526245380e-02 2.441855875796011929e-04 -6.935297027939288893e-03 -4.617935880552533068e-02 -1.672583246594681883e-02 -3.584537278843670516e-02 4.084755207632264490e-03
-2.266009432503863011e-02 -5.680085295458346673e-03 2.790797162698573433e-02 -2.864837275650462811e-02 -2.312267825516774872e-02 5.899950877874395039e-02 -8.152215613563603552e-03 5.247839264255409024e-04 -3.029753850374643925e-02 -3.417655836498848659e-02 2.331032391403098716e-02 1.325302870241153869e-02 2.095343954882553789e-02 -4.170129761342989370e-03 -1.074354902135080982e-02 9.789978234748706112e-03 -6.391741158787390964e-02 -3.519994152333510290e-02 2.692575372501371939e-02 2.784071608768632841e-02 -5.563072156417656240e-03 6.626965918959690748e-03 4.024149468784462939e-03 -1.429997615880953220e-02 -2.846134597538076821e-02 -7.441116314170200495e-03 2.767903534273038688e-02 -8.899159626430300229e-03 1.156936939542707078e-02 -2.707039635421183612e-03 3.216758887677682562e-04 -1.283583013016213054e-02 3.147342905652581596e-02 -6.907069629879798549e-03 -1.852531259144486395e-02 -2.921204900080396662e-04 1.919995481773550255e-02 -4.966970798365252619e-03 -3.972626565038525626e-02 6.433451256098725746e-04 -4.398949961830393024e-02 5.690625916507364296e-02 4.038155403993952744e-03 -4.932342072968162044e-03 2.508874091786523694e-02 7.450602606125510639e-03 -5.010028948190380950e-03 -3.574853347289607460e-03 2.877197953415514334e-02 2.185697152947190317e-02 -1.201512330407783491e-02 -4.527948523435778444e-02 5.663799084721983512e-02 4.364986599291505176e-02 -2.772889385058601493e-03 1.994615872490530795e-02 5.392256175201308975e-03 3.369672107042341602e-02 -1.128573984712590017e-02 5.191083143025589097e-02 -4.228814272576020966e-02 4.308591599939824018e-02 -1.410295239391996455e-02 -4.589825628433640697e-02 3.321743685066391727e-02 2.501967058788381187e-03 -2.126093993799825325e-03 1.503027471818827419e-02 3.182880392273919421e-03 -1.732020518870067832e-02 1.212586347666386654e-03 1.218139908651930288e-02 2.032659698484040947e-02 -6.264033139813314152e-03 -2.361966057910104208e-02 2.507376103852270235e-02 -2.248298492736079679e-02 -1.402639315674340196e-03 4.909904178962313376e-03 2.642594659379501887e-02 1.626926621366190512e-02 -8.503221049721390243e-03 2.724326353719527111e-02 -3.050304063502379953e-02 -1.465140278222890231e-02 -2.236960219853711615e-02 5.686175423600369101e-03 8.368635509568895028e-03 -5.597641155992880840e-02 -1.706572454415352866e-02 -3.857266521716730401e-02 1.459818689582493764e-02 8.212865210088095378e-05 -1.838262707733533466e-02 -5.705877256828944220e-03 -3.212109693053788462e-02 -2.927176886111827400e-02 -2.495693103871641106e-03 3.044001428464370926e-02 2.396363527273866201e-02 3.198310540892290721e-02 5.990582711385734546e-03 3.576615429872077867e-02 -1.086221132104335692e-02 -1.893349936835242442e-02 -2.649576097489432513e-02 3.351363890274832585e-02 -7.460217825929520846e-03 -1.528999633191593585e-02 -1.033031638324326956e-02 -3.754685395855490715e-02 1.082787669613796862e-02 1.013726824579331935e-02 3.218263566404003847e-03 5.431179813232110687e-02 -5.014713903920463983e-02 9.506708741828334003e-03 1.042121249679646075e-02 -2.375018934351950245e-02 -4.416977602041368030e-03 -2.696730803363975998e-02 -2.348644435153546955e-02 -1.178746747460902161e-02 -2.995209015533115138e-03 1.515877167299148516e-02 3.639258960656603648e-02 2.886102854859042260e-03 1.793348621077186025e-02
4.521378216943541112e-02 1.399465617130241785e-02 -9.344385291738199761e-03 4.352317847329700840e-03 -2.895479338791581356e-02 -8.152215613563603552e-03 5.193397288672080975e-02 1.255744763859845646e-02 -6.791715419465927522e-03 -1.697993206103377492e-02 -3.024410461420895535e-02 -4.597226839447689922e-02 2.969559932546396788e-02 -2.465346920256988872e-02 -7.714405852585029186e-03 2.122922712336371837e-02 4.177995168049015128e-03 -1.830938933435940705e-02 1.001224280048865906e-02 3.069810526127242714e-02 -2.439357030633189025e-02 -1.317054830323363679e-02 1.484984999380490819e-02 3.035077202877500477e-02 1.093064175349670562e-02 1.106474361641002907e-02 -6.456306522214804583e-03 4.333485290278475677e-02 1.091411365744291741e-02 -2.809200289703100289e-02 2.167358637053867082e-02 -3.325384097879645340e-02 -2.829138935096327332e-03 -3.589541112626804670e-02 -1.074577411118539773e-03 1.284366239903600437e-02 -3.063854616588431931e-02 -1.461035972154455095e-03 4.237474347055330409e-03 9.746846198568765579e-03 -3.512678505108418614e-03 3.236386016836996157e-03 9.453134235852679590e-03 -1.244865417625025047e-02 2.472366039874962507e-02 1.797881675415564928e-02 3.557489745340495363e-02 -3.500388366051618988e-02 2.383812728398116559e-02 3.533713529659187474e-02 3.992433908130544468e-02 2.121165045940554342e-02 -6.394795676273384508e-04 -6.117660602227048203e-03 5.784531316477859418e-03 -3.004392009740103689e-02 -4.785180291774158989e-02 -7.720804212454818877e-03 -1.455213215596488485e-03 8.838129189544671749e-03 -8.714205758979878119e-03 -3.342785019676446263e-03 -1.111631385531144760e-02 2.163558630712766537e-02 9.982861997292268724e-03 -1.044525441414051112e-02 -8.037199963091403582e-03 3.853413981569440983e-02 -1.704836954011876293e-02 1.460165821288496313e-02 2.172563937836533010e-02 -2.598628920150125934e-02 4.076993000592348676e-02 -6.433606681152783183e-03 -4.786645675167706753e-04 4.007595790140314196e-02 1.186372146839770152e-02 -2.824140083671521084e-02 2.041400805012543590e-02 2.647898982865324810e-02 -1.888033413001226693e-02 4.018249703502973363e-02 7.883628430034409287e-03 -2.622471746111772542e-02 2.543989227612480919e-02 5.383765487633395026e-03 -2.501100300170144841e-02 1.751669285402191953e-02 5.110977293103874559e-03 -4.402484542609951673e-03 1.571758236427949970e-02 -6.759189654790378685e-03 2.849779833586033387e-02 -1.417840035706975643e-02 2.311879474907102983e-03 -3.379496297258974963e-02 9.568104578900364296e-03 1.214135192894785949e-02 2.450840221520269105e-02 9.218175825005836543e-03 -3.249238919544340191e-03 2.725186777180507725e-02 -2.917610265547826084e-02 2.792850846575027895e-03 1.178824458699609303e-03 -3.138004388154853885e-02 1.923497478441528810e-02 -2.064327058943047147e-02 2.927109381464161261e-02 4.305321411530135117e-02 2.367363896551361296e-03 9.534762052305960356e-03 6.076169030788209843e-03 4.683639009954422561e-02 1.132931843247682313e-02 -3.902576664245199257e-03 8.076711614752297985e-03 1.206838374624396616e-03 9.087401020589852899e-04 -1.564796418314538806e-02 1.282967757993168888e-02 -3.017006812592632967e-02 1.302351277882242593e-04 8.488567175465698209e-03 3.365221037643383040e-02 1.658645439966199495e-02 2.861583042064073934e-02 1.630235524019180756e-03
2.406622373343691654e-02 -1.497041859754985431e-02 1.617160289574246651e-02 -2.260876230515129065e-02 -3.420734761002260050e-04 5.247839264255409024e-04 1.255744763859845646e-02 5.546384072336610349e-02 -3.581179632925182623e-03 -9.637375339992537704e-03 -1.871264663547665685e-02 -4.640459176504404398e-02 3.663840816101018166e-03 -1.851395004835956759e-02 8.527007580696126243e-03 2.688297858309067132e-02 -2.166637203127849947e-03 1.635289363969574111e-02 6.345480104593859312e-03 9.391425139516872134e-03 -5.275287227674575752e-02 1.887728229138218032e-04 -1.960775974315754136e-02 1.306882387509287514e-02 -1.204611361469318416e-02 1.151105040603885368e-02 -1.098639253237628823e-02 4.734790848218998344e-02 6.144194113270902424e-02 -5.441047467910888752e-02 4.023908728693414982e-02 -1.748629794405037394e-02 -1.137047351198597692e-02 -5.120847291974856691e-02 3.113666282270075372e-02 6.838922707746220020e-03 -2.178558145589960457e-02 4.331713693220838601e-02 -1.296676629692833198e-02 5.833432751056088356e-02 6.326533412718834438e-03 -3.032655340999609178e-03 -2.608020417366748583e-02 1.846181474124818089e-03 1.316339773858928031e-03 -1.924772146682444257e-02 2.320728836450646621e-02 -2.777534118463382759e-02 8.219216196999815441e-03 4.839703653950768424e-03 4.867512859358824606e-02 -1.393691716491877661e-02 -1.030576003047336967e-03 1.714690344897383881e-02 2.312310625358964672e-02 -1.405311544410329377e-02 -1.718894246087006999e-02 -1.494528634368355591e-02 1.349459825242417879e-02 -3.954189512379516734e-03 3.534326183962671446e-03 1.731679904476757237e-02 -9.952060326289530537e-03 4.820989050930556130e-03 3.165205814982897936e-02 3.659544619630023324e-03 -2.486411317243152411e-02 3.091568616303951716e-02 2.654040719579650251e-02 -4.886222038931268760e-03 6.102921690305585650e-02 -2.399082171176908362e-02 2.261338553794432771e-02 -2.834319521820883106e-02 -4.400625539695944208e-03 1.028794615997585989e-02 1.778964318853739485e-03 -5.181596305246632950e-02 8.994725930967971406e-03 7.069251199295161457e-03 2.837356127681440326e-02 4.197065587924706659e-02 3.150145620095743532e-02 2.156181185347245260e-02 2.708686942028511874e-02 -2.954595199719979234e-02 -5.822160655230929766e-02 5.200425730096946281e-03 1.005302342275135249e-02 -4.035611884689488393e-02 -6.099290775600892589e-04 -3.615532253893172926e-02 1.497537115204153509e-02 -3.135905662644794534e-02 1.912180699504313283e-02 -5.275486666601102680e-03 -3.216102292858256939e-02 2.887159363067887813e-02 7.414165869370879444e-03 -2.508255369999191908e-02 -1.168212639036931427e-02 2.575839199112409453e-02 3.302818740040076861e-03 -3.295080050641436501e-03 1.672836472294737808e-02 -1.375225448157139409e-02 -1.418192756274051086e-02 -6.024791348932218710e-02 5.737826368797876476e-03 4.558990052366871520e-02 -1.026719849045110156e-02 2.530917614150180080e-03 2.436074857079871883e-02 1.851254351672983883e-02 -3.768970209036296370e-04 -1.334434487792482762e-02 5.498142165677617071e-02 -3.613219684859656639e-02 1.764364652397526143e-02 1.390115143055832211e-02 8.535755971535734579e-03 -1.300801773888184826e-02 -1.293078968913522961e-02 -4.069078918266697334e-03 7.971030181440168921e-03 -1.047809545061336757e-02 2.793024615964753363e-02 -1.933205990263841059e-02
-5.479116286555394018e-03 -1.599191139516745533e-02 -4.725686987108502243e-04 4.741627490195095447e-03 6.418282006897948555e-04 -3.029753850374643925e-02 -6.791715419465927522e-03 -3.581179632925182623e-03 7.084265133564433825e-02 2.856580781414092777e-03 -1.316134140715240382e-02 2.256387784576766378e-02 6.031000562154054546e-04 2.555498015498463768e-02 1.381016331206743643e-02 -4.972100501050623345e-02 3.797319157486440250e-02 4.149485377777865913e-02 -6.992472020882259387e-02 4.812750687744513436e-03 1.639297773543793753e-03 -4.229752550453556165e-02 -1.936590613930674887e-02 7.035646351966821574e-03 4.841166560825292675e-02 3.472558172334141990e-02 -2.060692090400954857e-02 -2.779474459567144590e-02 -8.563035968713930126e-04 4.423052586708296763e-03 -1.173409847384407519e-02 1.391169163863573578e-03 -1.209661051719194448e-02 1.999672976044060760e-02 2.279985221695962627e-02 2.327795287205782632e-02 -3.080573487432605381e-02 -6.805699996624590270e-03 6.010568298840655160e-02 -3.068214302319641207e-03 3.212456308266842253e-02 -3.050566708390198278e-02 -2.072358501506226316e-02 5.311978688438850384e-03 1.098505431373467296e-02 -4.739757591136176834e-04 -2.606055974131825381e-02 4.845212166753073285e-02 2.011135638600762814e-03 -1.066497955583402962e-02 -2.818383736051516611e-02 3.966674164739247832e-02 -2.706641636198609674e-02 -5.317443183745343416e-02 2.504805257048414724e-02 -2.711880685025006704e-02 -9.231494611167619145e-04 -1.391515395332658910e-02 3.480278766667621159e-03 -4.460009258455054776e-02 2.577396446410836622e-02 -5.649826361320106627e-02 1.838923010425117660e-02 1.887379793234690573e-02 -4.580699810361837931e-02 -3.593744214404673287e-02 9.255280955952183142e-03 8.729129826330691774e-03 -1.893440707130755393e-02 -9.529752795932681583e-03 -1.264733261620941060e-02 -2.597857517228006896e-02 -3.406156470215458698e-02 2.999034632412956800e-02 5.949905327081519285e-02 -6.754741583315033299e-03 4.891348902679259342e-02 4.687074014694502834e-03 -2.915220868596163362e-03 5.016959553311550746e-03 2.425368454527480986e-03 -2.305781532857950969e-02 -3.475779934208899496e-02 2.866454037564673471e-02 2.066898418071521845e-02 6.844937277164995539e-03 8.120131790997950350e-03 -1.171347938097079197e-02 3.190079185397103056e-02 1.723837429100221266e-02 1.737806360144411935e-02 -1.621799111482716618e-02 -2.795720306492245275e-02 2.838301218454914940e-02 -2.396151823574306505e-02 7.935002610246385786e-04 2.235747533484309241e-02 3.077759692747729370e-02 4.056328369633341834e-03 -2.662161420687355479e-02 -1.519508712758136336e-02 -4.685088979814989313e-02 -3.399442633050402812e-02 -1.215842206893167667e-02 1.286080653703193695e-02 -9.686749373111721781e-03 -4.452833783740899748e-02 6.832635385378352591e-03 6.429209945636649680e-03 -2.812795285000051562e-02 6.042552100300992157e-02 -1.297594371044073595e-02 -1.964020948490771343e-02 7.759233290283628660e-03 -4.546694536296078115e-02 1.171644139129238323e-02 -2.513342144122797037e-03 -2.288025337825689773e-02 1.119010357804871292e-02 -2.262430875438862198e-03 1.158625208550227541e-02 -1.364742066969420672e-02 -4.804613063970132256e-03 7.633716731244396224e-03 3.599061836230297001e-03 -4.645349450181972956e-02 3.132520549770756446e-02 -2.912262475825736288e-02
-2.473099234795356205e-03 1.115795650698965698e-02 -1.581426807436870849e-02 2.435870264650841222e-02 2.348588564710592935e-02 -3.417655836498848659e-02 -1.697993206103377492e-02 -9.637375339992537704e-03 2.856580781414092777e-03 5.150473766338107412e-02 4.820334075077386919e-03 6.542995896789742527e-03 -2.981587250700051123e-02 -6.895271542640889163e-04 2.731822467936553464e-02 1.615394673737554493e-03 4.236858181515343325e-02 2.824442929332596566e-02 -3.601094124491997870e-03 -4.689995993060662449e-02 1.078245762058716375e-02 4.801503051939161673e-03 -1.513044660439001772e-02 -1.167003105646204596e-02 8.707033149128861477e-03 -1.568002643518507863e-02 -3.061581574667198921e-02 -2.747082117730510319e-03 -1.090552652228101924e-02 2.888542614124156496e-03 1.318538566620826877e-04 2.323489258606636215e-02 -2.172027252107403342e-02 4.236951016598889015e-03 -6.834873219705652099e-03 -7.098291277910158056e-03 2.612173113974121733e-02 -1.509262239937335338e-03 1.206713654688518038e-02 -8.710906217415876132e-03 4.038084937061944130e-02 -3.661709497072099251e-02 -1.759461510404537743e-02 1.604644539600906181e-02 -4.295514224188888563e-02 -1.681299370732691539e-03 1.110900539328111419e-03 2.620866503473676286e-03 -3.962826117897100958e-02 -2.324486111796141355e-02 -2.521348314585818845e-03 1.257214268211677942e-02 -4.049439917100391972e-02 -1.167992893504809886e-02 -7.711066655928145927e-03 1.456677283836541915e-02 2.667485126695806966e-02 -2.735461234403804148e-02 3.026367465365613352e-02 -3.320563013225390908e-02 3.287542746156666557e-02 -1.379819578643789839e-02 1.507446908657360599e-02 3.224994426543551646e-02 -1.434473930156359399e-02 6.573359909716456652e-03 -9.699477254427282813e-03 -2.551408791543968019e-02 1.239115117377073867e-02 -4.352569890770845683e-03 -5.490166238361528749e-03 2.941210740609707594e-02 -1.683093999367312257e-02 -2.395801372958660403e-03 8.203500541969721560e-03 -4.200572904667401741e-02 -1.065637552512740602e-02 -1.812674478996260203e-03 -9.585491149299008723e-03 -4.052889149463616281e-02 -5.011784594577088116e-03 1.323707465219441668e-03 -5.420390625115689654e-04 2.398284014685159171e-02 -2.353571887182383943e-02 1.292592933572005338e-02 -1.776411057217874736e-04 -1.749442231238027001e-02 2.923952692385458837e-02 -2.835299357678360346e-03 3.144412240946550113e-02 1.308848709276846239e-02 6.509565364511285881e-03 -1.202752065313180936e-03 6.290121663986143925e-03 4.864386488043039719e-02 1.236332891728353714e-02 -1.395927234267572981e-02 -4.479594402446183260e-02 -1.724542936857479877e-02 -2.694575903710164089e-02 -4.042887386477122223e-03 8.483030741510372980e-03 1.421860335644513362e-02 3.261744264580836855e-02 4.463167923258098274e-02 -3.553364843255072542e-02 2.255262944214152677e-03 -1.870296237029422590e-02 5.701116582764508629e-05 4.687043228978673808e-03 -2.216358846712207509e-02 -3.776512648480639077e-03 -1.945526446634575357e-02 -3.986953288601503137e-02 4.478080245153463756e-02 6.049291721133324105e-03 1.295400334895980068e-02 1.748139586789963090e-02 1.054935755972085352e-02 3.378145488255518414e-02 4.397767699214581716e-02 2.205170153239266809e-02 -2.195984316411288967e-02 -2.210478979708863784e-02 -2.415135827339439517e-02 -2.897622481038239148e-02 -2.431036119896903130e-02
-3.890650727335228515e-02 1.354193672328925062e-02 -8.060347095151116845e-03 3.917494856187364594e-03 1.036089181722845039e-02 2.331032391403098716e-02 -3.024410461420895535e-02 -1.871264663547665685e-02 -1.316134140715240382e-02 4.820334075077386919e-03 4.547900067941496732e-02 3.184168565747782370e-02 -1.829994214524178694e-02 1.771943167673189351e-02 1.196544194582489958e-02 -8.893119571386718866e-03 -1.934629403532334840e-02 -7.893449735308203513e-03 9.689088056733982310e-03 -1.667728675032627630e-02 2.056050641178986532e-02 2.719712745504763388e-03 -1.702402188914842532e-02 -3.920913319049033202e-02 -1.894722601214440805e-02 2.291170583882760751e-04 -1.890900944365635217e-03 -2.863770485977940733e-02 -1.748463319814769906e-02 2.538832213840436572e-02 -1.951738664177551930e-02 2.697432611715026504e-02 -1.080517857954535303e-02 2.996486606950938755e-02 -2.911614376472452040e-02 4.388030627672797647e-03 4.436522292851309557e-02 -1.073097250937544815e-02 -1.395540900027249752e-02 -1.557494292199968801e-02 -1.662947768179689687e-02 1.277890705422989916e-02 -9.876243422031163316e-03 1.906877101066820415e-02 -1.034240867398949180e-02 2.872651265015983054e-03 -2.731332663320985843e-02 1.634270153828357164e-02 -1.141649700364450772e-02 -1.842221694034734333e-02 -2.983160441054884260e-02 -2.270779196603323752e-02 1.429397448233942110e-02 1.464793539788135888e-02 -3.335708586174573886e-02 4.123897662255264496e-02 3.004510712750834214e-02 -6.707874566126682814e-03 1.341355523304268299e-02 1.242380485442597278e-02 -5.269722653566757693e-04 1.165638024649544302e-02 1.095779070141978707e-02 -1.140233079205324636e-02 -1.954054008621825358e-04 -6.087013824522763059e-03 5.951104732832535570e-03 -2.861863351865522390e-02 -9.090987697189045020e-04 -2.212723603677721820e-02 -2.077167062417692098e-02 4.046174337610004834e-02 -1.818314075764341370e-02 -3.040471917787067151e-03 -1.356888266881328860e-02 -2.198248141716253531e-02 -5.199232998562151181e-03 2.814936390300672164e-02 -3.147610880403549360e-02 -1.458013273293668963e-02 -1.213948481455478373e-02 -2.842248081891245864e-02 -3.726928813240620690e-03 4.220430672205396222e-03 -4.229279660707867261e-02 2.163406993991847695e-03 2.438995284821446688e-02 -2.010422533488274988e-02 -1.802845441498863999e-02 3.688971196844315677e-03 -4.498126531038321683e-03 3.201473536212705306e-02 -1.903578910009467648e-02 1.334067221269984865e-02 -1.706509636231954077e-02 1.769093234965146005e-02 -7.021014039792267472e-03 -3.632540998361403345e-02 -1.243249447215107571e-02 -1.413840667066246400e-02 -1.184342761169400460e-02 -1.247160885119774631e-02 2.775028829109545819e-02 -1.559603325441486811e-02 7.943181400405424641e-03 1.741524658622913696e-02 4.472677234212469287e-03 2.149631012052670431e-02 -3.575661818807265857e-02 -2.947764052539156646e-02 -1.277374395357528877e-02 -1.785810999496388260e-02 -2.444621973748406247e-03 -2.898823641305659296e-02 8.657355841627301096e-03 -2.718031266823738978e-03 -1.460073484342276975e-02 2.765767179676345902e-02 5.919377747864226248e-03 -7.305976658432129615e-03 1.360190134645326572e-04 1.970823524002563928e-02 1.284677578589207315e-02 -2.149577987773767726e-02 -2.088945049792834477e-02 1.378059783792307501e-02 -3.800797563276860774e-02 -6.079662986721350894e-03
-5.267933884874780037e-02 -7.453186697427981351e-03 2.030353315796157299e-02 1.158477017081641601e-02 6.780484325310112866e-03 1.325302870241153869e-02 -4.597226839447689922e-02 -4.640459176504404398e-02 2.256387784576766378e-02 6.542995896789742527e-03 3.184168565747782370e-02 8.761952109102361108e-02 -9.913025402882746917e-03 4.581388184277238734e-02 -4.687302358269958502e-05 -4.112869071957535316e-02 -1.295610839116808147e-02 3.620122079614371009e-03 -2.587922407587259221e-02 -1.539254067268783048e-02 5.275238881617644315e-02 3.850374884213585754e-03 1.617935296448673801e-02 -1.247873598845088659e-02 4.044615972372889341e-03 -2.005534882620500087e-02 3.286391435032766373e-02 -8.636958804413891189e-02 -5.016984294706910291e-02 5.308600951431227677e-02 -3.946117065998729773e-02 3.676265329327839393e-02 4.424061007781778659e-02 7.324164100670446653e-02 -1.751156916745181744e-02 -1.281241939449692668e-02 1.573568468825903635e-02 -3.074501074443771603e-02 1.812798100712835481e-02 -5.056963151995868405e-02 -5.893804438654987217e-03 8.805775542960740665e-03 1.670354823151902826e-02 3.151669995895469562e-03 -8.854403946509046761e-03 2.754316327246061555e-03 -5.025512338486037844e-02 7.162630638599881694e-02 -1.035170786661898136e-02 -1.682438814008508504e-02 -8.573508863597147089e-02 -6.527916299176487330e-03 8.084807094557788093e-03 -2.413233777217040424e-02 7.951431778826326471e-03 7.113118111853659019e-03 5.853526647554279511e-02 4.535292792039409548e-02 -3.256143767123592658e-02 -1.175067440092993944e-02 5.573889363519483886e-03 -2.751663980868583256e-02 3.390456781066288755e-02 -3.793374582141122164e-02 -5.167279002268514859e-02 5.244792844275580727e-03 2.074928031210805657e-02 -2.904618196469133107e-02 5.104366293162480341e-03 -1.185882531606537345e-02 -5.850351405949498484e-02 1.388752685390969195e-02 -3.657898650189017609e-02 3.377291607518927846e-02 1.869775635556840399e-02 -3.067032194291972533e-02 -6.434706288453803484e-03 4.938477553800691561e-02 1.409287543619154798e-04 -9.176697109533104094e-03 1.218083755734114190e-02 -7.341089293338880217e-02 -2.732899849518037605e-02 -4.302656832089420125e-03 -1.702473360866839369e-02 2.205444742510143455e-02 6.029982297649035677e-02 -6.043378075434317938e-03 -2.098379565703937383e-02 3.504482805050170013e-02 -2.906467156212234199e-02 2.826069972492893309e-02 -3.849811439451700928e-02 3.858630447728395030e-02 -1.473920272812751647e-02 1.451845670310458400e-02 2.465828570545443299e-02 2.106464303268966096e-03 -7.966845595181036577e-03 2.650833100072226209e-02 4.218399575885818653e-02 -6.521110245829890573e-02 2.540365244791063792e-02 5.193026103482062221e-03 -3.556560351652637147e-02 1.943973708402507369e-02 -9.820212091595842060e-03 5.601961886888152942e-02 -1.912950970291193986e-02 -8.563284955827130118e-02 1.860469133478566753e-02 -4.694576388684708768e-04 -1.945430447671061755e-02 -4.313124332638888087e-02 -1.176135424954525763e-02 6.184618942541575404e-03 -3.618353565668903232e-02 1.281662955448058076e-02 -4.466197107924872733e-02 8.848264468222599363e-03 -3.433139189512442180e-02 1.403165720770717731e-02 -9.894884674089896373e-03 1.663070274386032124e-02 -1.340893463346842091e-02 -8.961584671337096894e-03 -1.629046288602551198e-02 1.642601097266937690e-02
