2.780337535593783646e-02 -7.770441609669954605e-03 9.537647964149870844e-03 7.421736900389499028e-03 4.713751134959642819e-03 -2.924737366822741623e-03 -5.248728520146233624e-04 -2.770692506866505745e-03 1.386038589120380110e-02 -1.116598350319471938e-02 -1.603665959282322279e-02 4.679458901638003029e-03 -1.637368209309673049e-03 2.052232030128295012e-02 -2.399684394078897831e-02 1.006774092050091197e-02 -8.329697183238050223e-03 8.994041751976879565e-03 -2.405941758692374099e-03 1.605464770500773667e-03 -1.290342656847819503e-03 -1.450502721069805469e-02 2.063773751669090162e-02 6.296717972959408639e-03 -1.335566743342393725e-02 -4.777811848237421138e-03 1.158674054681373654e-02 -5.767375929586634163e-03 -1.844308596717870660e-02 8.509648973574437947e-03 -1.952649669719971198e-02 -1.872773578113879830e-02 -2.267390300226492688e-04 -8.395023257133607530e-03 5.657632675624648354e-03 5.463792184143911358e-03 1.245171388077987275e-03 -2.830749427341214524e-03 1.065971328720348443e-02 -1.683541713566202164e-02 3.120993984233830145e-03 -1.253984768360431878e-02 5.158689341726013962e-03 -1.796141466197034853e-02 -1.198231181274927830e-02 1.471635933026139813e-02 1.042799541323702339e-02 -4.201077771939993807e-03 6.626124241473850519e-05 3.778412127240490370e-03 -1.273992872841055862e-02 1.604101790344555564e-02 1.522720697237802887e-02 -4.150173244954144807e-04 -7.191613235921274182e-03 4.231562122150512271e-03 -5.897333225936572665e-03 1.170868032698728703e-02 -6.823021354782061662e-03 -1.159327813421609683e-02 4.027355573642423317e-03 1.072665807160713865e-02 -5.275751673464726225e-03 1.511136686526315213e-02 -9.688194914495063675e-03 2.365419709637653703e-02 2.258894066136944018e-02 -1.207108995554423327e-03 1.393118359411401296e-02 1.458152754932102394e-03 -6.821480371631557550e-03 -1.391697448701166920e-02 1.474851987786154894e-02 -9.493543509856526693e-04 -3.555986466722967044e-04 2.024266226281692428e-03 -1.081860245280460812e-02 1.570852824524665223e-02 1.521243996908166682e-02 -1.805806513461026813e-03 1.931427423120805897e-02 4.429315346720419377e-03 7.996630515690176556e-04 -1.350813696234288465e-02 4.308441122832308220e-03 -4.539733174404937330e-03 2.050593153906835487e-03 3.008444960975004828e-02 -1.286922554245374488e-02 1.004724591246482397e-02 1.131630966594598595e-02 -7.376900944183026505e-03 -1.083751948692635025e-02 1.188932562900868028e-03 2.143802708603447307e-02 8.895636654988712741e-03 1.043266726871836490e-02 -1.260069984612032824e-02 -4.634168651623837495e-03 -5.210983999306461261e-05 4.091899672661302063e-03 -1.571845464259277389e-02 -2.251269731977042360e-02 -1.246154604630627868e-02 -7.388580667293300971e-03 9.392656988984589631e-03 7.317191385076437550e-03 -9.793450307286882123e-04 -6.031707466630825860e-04 1.057879505772730579e-02 6.413718722454461382e-03 -2.982998889696688444e-03 -1.249514337568326423e-02 -8.159080760271851529e-03 -3.320215798050873274e-03 1.630827860461591533e-02 1.767833811794698859e-03 -1.752714093570578030e-02 -5.396959825334351861e-03 -5.397003102952625201e-04 -2.279764988725805491e-02 6.109023965421447530e-03 -6.060525236781009496e-03 8.833083691119434505e-03 -4.350158971026938347e-03 -1.280475218708503581e-02 -7.240478632583944706e-04 1.066631464897513544e-02
-7.770441609669954605e-03 2.772725003535185875e-02 7.377881775990645201e-03 -4.067584174780918861e-03 8.910633100248289973e-03 1.259440064017899527e-02 1.462484574603239995e-02 -1.816779643205381281e-02 -9.655518250193671423e-03 7.431386055821121925e-03 1.166683899853936980e-02 -6.091743721595033884e-03 1.103953557803175577e-02 -3.805727078084130809e-03 1.671994204162030248e-02 2.431867816070141901e-03 -6.688651846063139138e-03 -1.696558831513565735e-02 1.702353616575427372e-02 1.332895311865294266e-02 4.964602245562485527e-03 2.272693940240140889e-02 -1.160014552076489742e-02 9.576598254030898715e-04 1.887215168850792796e-02 -8.461483021173060379e-03 -2.111078851579845442e-02 3.585058580399955869e-03 -4.892231143427564453e-03 6.768943017094563967e-03 9.019412978570355913e-03 1.515474398270205691e-02 1.296088827688021521e-02 -5.429106874334850563e-03 -9.074995536913423207e-04 -6.069554232026010609e-04 -7.928470030086978010e-03 -9.752157770039607612e-03 -8.117760948480061758e-03 -6.129116005725009433e-03 -1.052526869062554021e-02 2.026064613120573746e-02 -1.566490191208369910e-03 -5.568953077044501605e-03 1.141741547579216455e-02 3.700285360503742516e-03 4.962614421050477211e-03 -3.504310779082830431e-03 1.122509016470800251e-02 8.411817805064275913e-03 -3.538266555079338811e-03 2.834347760528081565e-03 -1.565973795008289426e-02 -7.327791550610504513e-05 2.428514290474905249e-04 1.277446910908172292e-02 1.419612683793977301e-02 -6.160616929214364794e-04 2.266995113963479226e-03 1.016107380489404514e-02 -5.333698339929652567e-03 1.070080362402141619e-02 -1.834298557080405595e-02 4.918277292711226330e-03 1.540143060482485407e-02 -1.451596467053594026e-02 -1.389798734832548704e-02 -1.116751852735645492e-02 -8.897510153028137872e-03 -9.744474045145352231e-03 1.269339099851366122e-02 7.365819035024564858e-03 2.208770447842147572e-03 -1.073044506727007484e-02 9.903306553591777195e-03 1.194987125952026025e-02 -7.119058278247610005e-03 -9.692322243577624827e-03 -1.054763312673787611e-02 1.266758557332053371e-02 -1.384911677391788103e-02 2.174753536020535005e-02 9.218979406816287664e-03 -2.804624813269811874e-04 -1.355560034183245569e-02 -4.012802758346008811e-04 -1.203467261684868991e-02 -6.726630181837322045e-03 3.730077509366509845e-04 -7.347309318458733994e-03 -4.578094237783669924e-03 1.507448811887218687e-02 1.544303017251645550e-03 -2.118763130807830349e-03 -1.211410720598153114e-02 -2.806530743622796809e-03 6.686918406193093946e-03 -7.788092695561531914e-03 1.160257582735546231e-02 1.257535915311452923e-02 -7.537161431522310410e-04 7.566642450476208578e-03 1.619272079199769732e-02 6.118280494463420108e-03 2.602456669654224820e-03 -2.404426037034938356e-03 -3.257068520649346235e-03 7.414314010222304747e-03 3.042696012631733015e-03 -2.136926549788067432e-03 -1.549465453553031807e-02 1.299956717042612640e-02 3.081917014378045619e-03 1.297413476700939525e-02 9.796894203697791709e-03 3.319052627583193599e-03 1.071437057724903934e-02 1.770003087195537450e-02 -1.245459659603887805e-02 -9.093469064621901438e-04 1.389346190059793408e-02 -1.185812139406032008e-02 1.564819605715843430e-03 -1.286290037375761983e-04 1.303156627802389694e-02 1.028014157377143793e-02 -8.572736533865178699e-03 -5.849152893449087974e-03
9.537647964149870844e-03 7.377881775990645201e-03 3.141906643875691518e-02 7.372192650253700345e-03 -5.779101569787331930e-03 1.081974106285790542e-02 9.115366585193348820e-04 -8.711835812854250294e-03 7.703514592193641194e-03 -4.672117912619325533e-03 -1.189887296728553076e-02 7.392888946725816902e-03 9.753304274696297793e-03 2.300199272787420077e-02 -4.237234952245873612e-03 -1.298231225004463536e-02 -1.638349669769371617e-02 5.392104670145508524e-03 -1.062889439450656441e-02 1.375860943602469182e-02 1.120310932169061788e-02 -1.201816321149676813e-03 1.549551944676432619e-02 -1.339435310780011466e-03 1.356621972343627705e-02 -1.949182297886031465e-02 -3.569119001609719240e-04 -2.178970321682724767e-02 -2.968352701869266669e-02 -7.874086997392783574e-03 -5.600579560986767950e-03 1.208839670815490576e-02 1.262280448742888854e-02 -3.068260952234995453e-02 6.772150288028419909e-03 1.061240358987947455e-02 1.609820949554315473e-03 -2.022933891888141836e-02 2.006650077743362195e-02 -2.977217275543617148e-02 -4.104006707123270849e-03 -9.048445125274993082e-04 6.254809862839098844e-03 -3.083077603844647241e-02 7.708022585606912926e-03 2.642681386982767208e-02 1.489340898617303247e-02 -6.264285620193268782e-03 1.055079377649872918e-02 5.982492091106854544e-03 -1.456201302641844421e-02 2.795383957695075569e-02 2.945243593627999788e-03 -9.192213292904826555e-03 -2.112840721604338640e-02 2.584800324942213706e-03 -9.268397080877766123e-04 6.660838762914853342e-03 -7.902904640716645196e-03 -1.906297140980427185e-02 6.442548218396833802e-03 3.129737171209425302e-05 -1.154136331022823786e-02 2.807714232280149325e-02 1.146080402160854286e-02 -1.132789709871053277e-02 -1.279703541203951189e-02 1.402411533552951235e-02 -8.152343086529369870e-03 -3.357970025448615923e-03 -1.319697583424272319e-03 -6.615359181825280870e-03 -1.073164012745368365e-02 1.308885304548415042e-02 1.093719476367060670e-02 1.145551669938025402e-02 -3.346148635175275055e-02 5.096604446303558585e-03 -9.255128795048500612e-03 1.103435291803005029e-02 -1.252805903483529895e-02 8.917388208897075036e-03 -6.265201304439788239e-03 -2.643376535777875250e-02 3.588866056390479977e-03 -5.475707390120245800e-03 4.490904324181973573e-04 1.304908774848943451e-02 -2.683997931952239804e-02 9.944188612141718897e-03 2.395228122929135214e-02 2.302349555715112878e-02 -9.240123043103252998e-03 1.395369220697318183e-02 -9.933098099075443610e-03 -4.436770442126573670e-03 1.784688785193540642e-02 -1.380024534448849767e-02 -4.049795846914989658e-03 1.969589294585975120e-02 5.856515407032382263e-03 -5.812828642331881179e-03 -2.350820375857235953e-03 -2.299077547251004560e-03 -8.567133906613202260e-03 -3.946914685771261110e-03 1.146221302062652714e-02 1.778924196403400618e-02 -6.179278845735092056e-03 -4.194631582140225662e-03 1.338621261878553473e-02 -6.085964638417787516e-03 -2.181576775918555450e-02 9.352656313578995226e-03 -4.458071413026024922e-03 2.710401035934391703e-02 1.322741474830393081e-02 1.340664223525706543e-02 -2.167616086656673838e-02 -8.564029750630471755e-03 -5.020312325298557921e-03 -2.522628421372168778e-03 -6.202530045901255389e-03 1.229761816670372175e-02 1.116997688398699111e-02 -2.021217355038843963e-02 -1.057541546262675235e-02 5.682116952352345499e-03
7.421736900389499028e-03 -4.067584174780918861e-03 7.372192650253700345e-03 2.364859109159147751e-02 2.128279830808522954e-03 -1.001401991806172113e-02 -9.203586019468510066e-04 2.133106291620462218e-03 1.542197525146176470e-03 -1.405245515160356319e-02 2.515547855643088422e-03 -6.296608735818215799e-03 -1.012302506695511410e-02 1.807893095429444208e-02 -1.273439194432181634e-02 -8.966891030281011477e-03 -1.858917980578770127e-02 1.071397716379274452e-03 -1.552271484707623030e-02 -9.485118269896758436e-03 1.644622936211155573e-02 -7.809705110167085643e-03 5.879055617549286015e-04 -9.276037584292661994e-03 3.435366711393026545e-03 -1.285693750631047676e-02 1.010962017208980220e-02 -8.183651916639750334e-03 -8.358663921132764366e-03 -1.199148107367351349e-02 -1.184200840961673615e-03 1.426577459787491771e-03 -9.748752307061904834e-03 -8.724547035182911303e-03 2.161516120735181446e-03 1.394690637069240756e-03 -7.670972269231143316e-03 -9.207911601232110152e-03 1.299710194951489602e-02 -8.402125325148146126e-03 -1.365182168209988197e-03 -9.819194301838170616e-03 2.536243577097232506e-03 -8.877724694692138915e-03 -1.053920493264750777e-02 8.935867089701791249e-03 -6.254798585060688046e-03 9.979731123587704672e-03 -9.521627448679518407e-03 8.872098260326310992e-03 2.744915327202470095e-03 9.504063916132036646e-03 1.239226100967246932e-02 -2.263954116909253425e-02 -3.479708171344706412e-03 9.292562374439993639e-03 6.611806811298055232e-03 7.078032697330608781e-03 -1.875673741206535124e-05 -1.371121926898563083e-02 -8.229037326134204522e-03 -1.397637621101692658e-02 7.992241147046583866e-04 9.290804979788873028e-03 -1.402513192004965076e-02 6.442148531663209523e-05 -5.235631201661940541e-04 1.063206911168789424e-02 -3.599494635365096430e-03 -1.083756309552522459e-02 1.163766025623271666e-02 -1.358090828178674589e-02 -1.033464491137398023e-02 1.008896622184262022e-02 -9.224053558675544481e-03 -9.540600304238731205e-03 -9.359765295256826725e-03 5.499068712666645500e-03 -2.942116141285437605e-03 -8.818130571143018709e-03 1.254709300052606849e-04 -3.168620109510708258e-03 1.326979932022508699e-03 -1.363811629682309783e-02 -2.981861713947401345e-03 7.631265083039531771e-03 -1.053956586230259639e-02 2.474892786329299221e-03 -1.535620005793825703e-02 2.450380667337619459e-02 1.610954990161314604e-02 6.120298212086264927e-03 -2.268887233205348422e-02 1.357428732251473799e-02 -6.077300089858150324e-04 5.134499036450158697e-03 -4.601971362533664386e-03 1.395556286681762367e-03 4.534851394757218566e-03 6.883960487550007910e-03 -3.609149730885267835e-05 -1.404422026355776031e-02 -1.234444784131897774e-02 -5.961289359032674075e-03 -8.820795347577981785e-04 4.068940950617330569e-03 1.761289690491930557e-02 9.641866415916794733e-03 1.161967039023097462e-02 4.357691970296238664e-03 1.716798311584483844e-02 -1.565840598921006957e-03 -1.272470745232339405e-02 -8.873531530207489498e-03 4.850506662819846840e-03 9.421728049562403534e-03 -7.375662706283784772e-03 -1.345874742802409367e-03 -8.475361758462763781e-03 -2.285829224148461583e-02 -1.308065659262190768e-02 4.406744061248179904e-03 -2.224584253504706746e-02 -6.188661893558888047e-05 -9.412826853991142564e-03 -1.374252708359416028e-02 -6.839480227959621010e-03 1.077527496085010049e-02
4.713751134959642819e-03 8.910633100248289973e-03 -5.779101569787331930e-03 2.128279830808522954e-03 3.232969648869785800e-02 -1.438573714384853812e-02 6.650590389279130476e-04 -3.984443540774524825e-03 -1.626622276824321589e-02 1.385823725307947125e-02 5.077698901196190003e-03 -1.350194804583983513e-02 -1.350068307265774557e-02 2.602675898762606480e-03 2.820997944941712552e-03 2.423319035854757872e-02 2.916456026329693820e-05 -1.728368095706299748e-02 9.818088419845284395e-03 -9.980966873458863367e-03 -2.382186318603957999e-03 8.439307758197685250e-03 -4.488372529426230308e-03 9.758315752681871735e-03 -4.718682024239481167e-03 4.781493945296660768e-03 -6.590017475587283194e-03 7.839191896616901079e-03 -8.255199874063146037e-03 1.440810259239392981e-02 -6.706198353192830471e-04 -8.720940550962386767e-03 -1.217023065126358189e-02 9.197368538922480463e-03 -1.066633100422703304e-02 -2.609876850828420775e-02 5.806537856459381350e-03 1.194849873710885496e-02 4.162037622276172589e-04 -8.206487308183210011e-03 3.157152401448095128e-03 6.479585164284441465e-03 -1.251248555724110943e-02 -8.837832912308510314e-03 -1.696290689769861665e-02 7.796819248926488768e-03 -7.085728619140644474e-03 -4.904821038343231548e-03 -1.192540052126763936e-02 9.896209163752687187e-04 1.616608372401787119e-02 8.241236098147787514e-03 -3.227196459647639713e-03 7.112419198982478097e-03 -2.858683605980960607e-03 1.770924123258641944e-02 8.313452248644161505e-03 2.541689131411356811e-03 2.456654317007668856e-02 -1.938813564640145517e-04 -1.155648663894846308e-02 1.097357342764374369e-02 -5.662228282937368032e-03 8.697284013263960681e-03 -1.184383128612952890e-02 1.412185669292826372e-02 1.349842684645417498e-02 -1.676136933234514265e-02 2.657114573435490415e-03 -2.077461582965348368e-03 2.993601825746869567e-03 1.420353598979695597e-02 2.542352279933247222e-02 -1.572870741878668738e-02 -1.365829740499712591e-02 -1.015179767862606566e-02 5.406866409711002727e-03 1.934952883872966987e-04 2.381135472323219968e-03 -1.271144288389793042e-02 1.195889323778073082e-02 6.288563955688474157e-03 2.925131629764261137e-02 7.797667951902297750e-03 -9.055925519570280288e-03 3.790938705119440040e-03 -4.840575319749711690e-03 2.408849390070424111e-03 1.001353512634748331e-02 7.627799212816617404e-04 -7.850850531482933114e-04 -1.392986458530778501e-02 -3.936736788689817156e-03 -8.232632841659013462e-03 1.149216232598040781e-02 2.325489146023576592e-02 -9.777738169926365741e-03 8.658239643017226136e-04 -5.163471231885734779e-03 -4.091431677103230663e-03 -1.403531405180232818e-02 1.164666358126357701e-02 3.142627713636145237e-03 -6.638012760454597289e-03 2.495655050549486914e-02 2.368467753325525713e-02 3.553852485922007198e-03 -7.298413892057260648e-03 9.349789097722788905e-03 2.598322320344774797e-02 -6.096497850765830381e-03 -4.876050777751103041e-04 2.254765761761217614e-05 -1.664802984431814833e-02 -5.335481314349892028e-03 8.601206169015735564e-03 -1.149120733657680790e-02 -4.521141351229197858e-03 8.135133156712829466e-03 5.205162126462236673e-03 1.295381008488106231e-03 -1.349461796308792406e-02 -1.167715500911382844e-03 -2.367371070701293490e-02 -1.457105980640675987e-02 2.631234776388959723e-04 -6.070390047318922379e-03 -1.450604166430710142e-02
-2.924737366822741623e-03 1.259440064017899527e-02 1.081974106285790542e-02 -1.001401991806172113e-02 -1.438573714384853812e-02 2.921978829594294030e-02 9.208285746983502912e-03 -9.270222577805636507e-03 1.176241234777338114e-02 5.139628070055537144e-03 -3.135724795691271442e-03 -1.193123631975404877e-03 2.742037767509353935e-02 -4.762896149521179262e-03 8.140440771017864660e-03 -8.386374154465178754e-03 6.574334315647226493e-03 1.042454998407240686e-02 4.304954950392061649e-03 2.716298822174973218e-02 -1.028691548569360577e-02 6.227098880910796053e-03 3.868093143836941455e-03 7.551442263127892962e-03 1.361793055476478477e-02 2.030829194494597999e-03 -7.065142631377558692e-03 -1.080178425838709474e-02 1.625650352987058388e-03 8.621646699560111399e-03 3.977709608936888172e-03 1.487631492752828494e-02 2.729289611858607897e-02 -1.120016182154937034e-02 -5.108162532672238208e-03 1.278169877452051996e-02 -9.903634997581135455e-03 -7.642930428644542640e-03 -2.776408953352790983e-03 1.925895271347512769e-03 -6.637701449161376686e-03 5.003671867816097095e-03 -3.284206400762058973e-03 1.478435415002045698e-03 2.221203394539864040e-02 -3.715531449531970024e-03 3.949243733885185112e-03 -1.055796311676072963e-02 2.558027511984708666e-02 9.341275559848160465e-03 -1.192668240104308684e-02 -3.777400318703206823e-03 -5.935274184701876989e-03 9.398119195654178540e-03 -1.176452864081595044e-03 -1.743635716853581593e-03 8.910690723771280295e-04 3.269079123276330805e-03 -1.154411731178306595e-02 4.543727162763528359e-03 -1.683429865704126399e-03 1.618833544207120417e-02 -8.612944827242207876e-03 -4.116993346551575846e-03 2.392343720557946543e-02 -1.788100308154374346e-02 -1.756182246658601065e-02 1.052173117400192169e-02 -4.491216466510771117e-03 -9.942233908079014734e-04 3.910384034760946981e-03 4.832000679446290387e-03 -7.221026655588269616e-03 9.774641634442983104e-03 2.632344045243950603e-02 2.680031622632972690e-02 -1.166039610932112502e-02 -7.051827329119395894e-03 -5.031275499082217377e-03 2.701044925667464569e-02 -1.734149958539714376e-02 1.262020136491899536e-02 -9.994053157182356678e-03 -8.911824555168233047e-03 -3.058684495607267456e-04 -2.133433238803995879e-02 -4.930169536051865961e-03 2.231383762438821691e-03 -9.166554537845964315e-03 -1.165447501951862898e-02 -1.016743144318964752e-02 8.315313848280842662e-03 9.902001866325733925e-03 -4.344668916979998324e-03 -1.555617138963281791e-02 -2.447058434958488543e-02 6.124600752711483430e-03 -1.951869310766296930e-04 1.175540795313897817e-02 7.609318636381113394e-05 -4.063866849137276298e-04 5.958740606724192285e-03 7.859870326274314561e-03 -4.351289418879019516e-03 -1.231342287397560291e-02 -2.385696238777205297e-02 -1.131770961325919214e-02 -2.828127408596569064e-03 1.014370640189116027e-03 -2.542123162590916030e-02 -5.056623851307144243e-03 1.097399933000722631e-02 6.971991744894013958e-03 2.188942762397776132e-02 1.198248542271640113e-02 -4.128689307338040057e-03 2.527208874901383864e-02 1.597674220780276322e-02 -8.243912181412470924e-03 8.371009247927330144e-03 6.852578461210025694e-03 -1.235881433967556467e-02 7.565635733918926742e-03 1.251979302824314348e-02 2.943900170141226097e-02 4.709581712369785567e-03 1.435850957504516620e-02 -2.061335045720196803e-03
-5.248728520146233624e-04 1.462484574603239995e-02 9.115366585193348820e-04 -9.203586019468510066e-04 6.650590389279130476e-04 9.208285746983502912e-03 2.851119469083656516e-02 -2.505066940507655326e-02 1.538107364489372803e-04 -9.392738850611896326e-03 1.123271485814950413e-02 -1.099927701584998453e-02 5.937208329349038735e-03 -1.573198390258902235e-02 1.134014219202293932e-03 7.440617144129103681e-03 -9.894382122506162076e-04 -7.033915335250841804e-03 1.808804025678422897e-02 3.438482113662687852e-03 1.179735569781055135e-02 1.019426595358768374e-02 -1.341778567035152060e-02 2.971877790163857894e-03 1.707765888370921248e-02 3.843568192145620493e-03 -6.941070902846741518e-03 2.068494276893446601e-02 4.666113218733101455e-03 1.001198528093560740e-02 -7.803383365852292579e-03 1.125659702247700129e-02 5.970707205336032476e-03 -4.004422521022695143e-03 1.590197564084928211e-02 8.100274263444019393e-03 -1.922571948360746533e-02 3.718516044967111033e-03 -2.156179847704590979e-02 3.355529223934661069e-03 -2.713107093263289818e-02 7.065315129017318493e-03 1.839105804738921587e-02 4.657787674357489159e-03 2.115172227940263425e-02 -4.888962663572076796e-03 5.891553651125023584e-03 -4.134560595822228159e-03 4.616399780559482698e-03 9.587910445999733508e-03 -1.978182689050050728e-03 -5.787808179462576065e-03 -8.300882184824726583e-04 -4.307067357934111530e-03 8.331787979864729507e-03 6.042207968133239335e-03 1.486151053838559704e-03 -1.633628739304824815e-02 -7.453003579218649317e-03 2.296505882805596060e-02 -8.661158865353886169e-03 1.034137261060898150e-02 -2.278460074469983859e-02 -4.877195931516800295e-03 1.674091048000296914e-02 -1.372602438339642385e-02 -1.162963183575814810e-02 -1.410008309770255895e-02 -1.056274561172824457e-02 -3.138907849196461222e-03 9.855198484010820048e-03 -9.699847750589912429e-03 5.749957450285113868e-03 -1.421570696725097879e-02 4.333724022656190895e-03 6.234988194847994845e-03 2.447824191130596946e-03 1.038393037065170679e-02 -9.006029152205047641e-03 5.576435278762978225e-03 -1.346151329427054330e-02 2.371739979279064228e-02 2.086230995318834412e-03 1.074509723734235790e-02 -1.545026874645053340e-03 2.891878237660794760e-03 -8.362273596462990038e-03 -5.139196995923012851e-03 1.190755433296784155e-02 -2.990135013843123364e-03 -1.239353389080465875e-03 1.183580797260202523e-02 -5.372614072451184107e-04 -7.415754849512457871e-03 -1.285197870360415065e-02 -8.184475043613642295e-03 9.276212866093288059e-03 -1.331702148369887616e-02 1.975262909680123788e-02 9.735739433535832432e-03 1.865270017181247172e-02 -7.998349258681668184e-03 -5.985223134737807735e-04 1.504288981383088619e-03 -6.413014300269132342e-03 -9.175400455595670787e-03 7.604888722553139468e-03 1.076998514813546845e-02 3.691659196690874438e-03 -9.250780661930104593e-03 -1.821334446849089822e-02 2.436278370749525926e-02 -2.289944966435716531e-03 2.508151436506552909e-02 2.028086068777351647e-02 -5.124880839353440111e-03 3.803334960706943046e-03 7.417906996401662720e-03 2.657013127342567650e-03 -5.073579380871885182e-03 -1.006663480666320095e-04 4.887481674693626432e-03 -1.954646250728799255e-03 7.650747832674087943e-03 7.203870376358504496e-03 2.202010428970517866e-02 -9.570069315097326761e-04 1.021785991633890160e-02
-2.770692506866505745e-03 -1.816779643205381281e-02 -8.711835812854250294e-03 2.133106291620462218e-03 -3.984443540774524825e-03 -9.270222577805636507e-03 -2.505066940507655326e-02 2.710724243926036087e-02 2.652449279120893798e-03 6.719936234899378732e-03 -4.284682646060601445e-03 3.887097757091613742e-03 -6.736240583946052213e-03 6.017129287474123032e-03 -2.695510419766075985e-03 -7.587237466574070326e-03 6.354216135828385202e-03 1.036075007351070290e-02 -1.715113284125025644e-02 -6.651009718205998407e-03 -1.321894064761307795e-02 -1.186484950600774635e-02 5.278878677519489165e-03 -4.666031331277045897e-03 -1.662125060751386621e-02 4.197092912358187621e-03 1.001712118462023265e-02 -1.441438191507872328e-02 9.893302195599053966e-03 -7.597923347257402871e-03 8.229126784165326225e-03 -1.069439326008366810e-02 -7.986222286928752745e-03 9.590143448209725169e-03 -1.706306544820212698e-02 -6.469116097879394275e-03 1.127576211909546433e-02 1.869058898115590409e-03 1.203513340216018704e-02 1.119227849127329803e-02 2.382103124780340225e-02 -9.411116899432239377e-03 -1.809428849486066637e-02 1.023170129174604155e-02 -1.833481077891131045e-02 -8.267263714812693801e-03 -1.498473824817690529e-02 8.971538937657900364e-03 -6.277839191364758577e-03 -8.804482315899741021e-03 6.281016067685227591e-03 -7.702382569049772386e-03 3.207427166138109888e-03 3.606739539567946611e-03 2.389007331808230480e-03 -8.460562798074144561e-03 -4.030189957154545286e-04 1.269807829337686080e-02 5.462785204992327316e-03 -1.376910956322536551e-02 1.369067716149942153e-03 -1.121953617224350289e-02 2.642671727140652460e-02 -9.053657675642772309e-03 -1.818690702579184651e-02 1.134631513784081260e-02 1.018932522868343585e-02 1.535862178439504483e-02 1.176410774044073931e-02 1.202301902153908890e-03 -4.996415635320265725e-03 7.989441805143958353e-03 -6.981853896418339402e-03 1.531332023530987407e-02 -5.591877060281911713e-03 -7.696278249676894584e-03 5.998850971843295958e-03 -9.667765990698155495e-03 1.090862649556831321e-02 -6.768114321092272116e-03 1.184114937375228827e-02 -2.636314071259718284e-02 -3.762130915555678395e-03 -4.750196213700716777e-03 5.495310942526996333e-04 -3.508764846814218293e-03 4.095295401798090991e-03 -8.672321626357539382e-04 -6.381533542351366071e-03 3.414997037829048399e-03 -7.101031338030385637e-03 -1.654401710184322943e-02 3.171861796052359117e-04 2.553317896330437216e-03 1.008013879948570050e-02 2.979690669642628357e-03 -1.785338333841177474e-02 2.006895354309244997e-02 -1.147721772885233402e-02 -1.758395600772495390e-02 -1.785589445178698345e-02 6.449877621530539402e-03 -2.054861986653677870e-03 -2.676040567142167620e-03 4.462305191090625706e-03 3.252146082297531233e-03 -8.348752031990007080e-03 -1.636533934442761101e-02 2.909163940177760498e-03 2.861512090561332388e-03 1.527995232436982383e-02 -1.707101009175987852e-02 9.788681112276449020e-03 -2.230141408234908793e-02 -1.128973049256756442e-02 -8.301304031438781067e-03 -5.906375261571122567e-03 -9.521392419608901495e-03 4.265766368928224604e-03 3.876180310167732547e-03 -8.934212215035353859e-04 -2.742504729561453559e-03 1.505869035693793636e-04 -7.617355527860527123e-03 -7.699452801357790747e-03 -1.227981923497493966e-02 8.556572351399284806e-03 -7.859821858028291988e-03
1.386038589120380110e-02 -9.655518250193671423e-03 7.703514592193641194e-03 1.542197525146176470e-03 -1.626622276824321589e-02 1.176241234777338114e-02 1.538107364489372803e-04 2.652449279120893798e-03 2.443001952013241357e-02 -1.105762309130799842e-02 -9.955564305190666222e-03 4.244343913423253949e-03 1.170191450130463572e-02 7.324458825816260697e-03 -1.728042726872828366e-02 -6.631100978700898985e-03 2.558798611027608434e-03 2.184901782254363919e-02 -6.368170158609444409e-03 1.167508351765583763e-02 -7.227332172577321731e-03 -1.430760991238199872e-02 1.340922369705732642e-02 2.011760035296349201e-03 -4.575522091157278176e-03 1.935262819833928919e-03 1.167194579712232776e-02 -9.524259249704798702e-03 1.491102288278925046e-03 4.243320457192661412e-03 -1.153792280778208855e-02 -5.865366204121882920e-03 1.184381644235515604e-02 -9.689762874337121135e-03 2.209826928729665459e-03 1.928103742958266892e-02 -7.750059926205729414e-03 -5.666267679320061146e-03 2.123039201143003905e-03 2.709901997262836783e-03 9.055597169403337143e-04 -1.189485978264510219e-02 3.684991585917626357e-03 2.188271304750099167e-03 4.905398970004610538e-03 -3.151539904677789789e-03 2.964797563946958061e-03 3.749334381109985259e-04 1.166766594181074986e-02 3.382084769548460591e-03 -1.610634561078426105e-02 -2.573972346712227396e-03 1.187932349125955973e-02 1.388832361131157747e-03 3.255390285131920178e-03 -8.093335677885414581e-03 -6.382096995047703385e-03 7.891679458245128009e-03 -1.926935894333391130e-02 -2.299460770788158259e-03 2.171183830249508173e-03 7.706621202553779609e-03 2.725239464856061590e-03 -3.635635276044508341e-03 2.233001106982894848e-03 5.291934435285545330e-03 5.255447340507148415e-03 1.295041658286034264e-02 1.030483025630646136e-02 7.362525486218974343e-04 -2.554798967125090133e-03 -1.260694559846160454e-02 -3.187881039705795991e-03 1.232281783307525788e-02 1.247637057030969408e-02 1.314858994058898563e-02 -9.087843219283723087e-03 7.981225344736312191e-03 1.105008459766892819e-02 1.150277044666711893e-02 3.413173490967358597e-03 -1.453113172736395734e-03 -1.550880822744702021e-02 -1.356399004260725773e-02 5.916725119786788410e-03 -1.369148788003433405e-02 -6.370509470159105227e-05 1.765351713474839004e-02 -1.502737324366912666e-02 3.456462159308527730e-03 -5.086989945826573623e-04 -2.835729816287547913e-03 -3.067260378961174545e-03 -1.929546139373316396e-05 5.233183187627801942e-03 -1.433910074912712884e-02 4.716446894956476121e-03 -1.102263544458359067e-03 6.064144338202627840e-03 -6.770672091491310336e-03 5.298439405123232110e-03 -1.290533175759875709e-02 -1.714855674175525327e-02 -8.647552052678602122e-03 -2.025233816870924269e-02 -1.428412761646971098e-02 -2.047931557259124059e-03 -5.262482646929943393e-03 7.470871261925971819e-04 -1.509454846621978256e-02 5.802470943597729143e-03 3.843044661110792733e-03 -4.862073889399683960e-04 6.846148744399539222e-03 7.338052836102905950e-03 -2.677188534138793142e-03 1.275038643193156761e-02 -7.984164409290407313e-03 -4.579542905696171520e-03 1.371016619622971063e-03 -1.501568980355232584e-02 6.033559124168796743e-03 -1.622642529952151051e-03 1.946683388520571018e-02 1.088951900573271320e-02 -2.740253774599439064e-03 1.378540637350590507e-02 1.171454760070761957e-02
-1.116598350319471938e-02 7.431386055821121925e-03 -4.672117912619325533e-03 -1.405245515160356319e-02 1.385823725307947125e-02 5.139628070055537144e-03 -9.392738850611896326e-03 6.719936234899378732e-03 -1.105762309130799842e-02 2.990829053849314995e-02 3.217533571684127189e-04 -8.581965986004320285e-03 5.612942505995894595e-03 -8.663071614483000560e-03 1.925112163768263884e-02 9.603807985876613648e-03 1.773828932420920892e-02 -3.637191638282761836e-03 3.265112347769592339e-03 7.543725465274530965e-03 -2.054655030158656845e-02 9.758339459590543996e-03 -1.641399681960660668e-03 1.371579986126499930e-02 -1.044187239189150063e-03 1.411556618707176733e-02 -9.538567306515345623e-03 -7.848664054773451387e-03 3.141759847890463614e-03 1.303370065646110819e-02 1.262275781185966811e-02 3.766468000636556592e-03 5.539875860726008357e-03 8.152830928483362910e-03 -2.470747124410156356e-02 -2.313590907704028005e-02 1.116380876251295111e-02 1.180050560834574810e-02 2.736551150836681514e-03 3.444357185491044287e-03 1.170955472300037187e-02 8.781906243575481746e-03 -2.576467068654941101e-02 2.343901763878338419e-03 -2.361284567559597796e-03 -3.058105626632699921e-03 -1.229928009469321432e-02 -1.152791787133016811e-02 5.175806694061077518e-03 -3.018890727201511883e-03 1.542080425715381016e-02 -2.567115517890336540e-03 -1.260020949755041864e-02 2.307567107401423470e-02 -4.885142440207976278e-03 3.875600516925735168e-03 3.567884809798894073e-03 3.571861557415698628e-03 2.244008964055483821e-02 -1.665552019922696136e-03 -7.560667725770413468e-03 1.347221620872922875e-02 6.182579130581223464e-03 -3.019949379575054618e-03 4.759470938830469115e-03 -3.511103370625631975e-03 -4.405623890821343779e-03 1.581072003835028205e-03 -5.530498407440078432e-04 4.400614568195257946e-03 -2.857108062477125600e-03 3.153050935447847258e-02 1.059826584857011082e-02 1.725410092635827966e-03 4.875972145556515744e-03 6.113751343518566625e-03 3.086383724168837144e-03 -1.505629294387901898e-02 -2.448151447098557802e-03 5.558630842457164094e-03 -3.293380487928308700e-03 -3.445548111552016422e-03 1.613483118074034856e-02 5.735065291859678047e-03 -3.827206145342966926e-03 -1.485826264384705782e-02 1.472371382878828565e-03 -7.891513080965880875e-03 7.299021600571537101e-03 -1.592461830827575364e-02 -1.558500383814888021e-02 -1.440145233483983329e-02 1.525623959951421735e-02 -1.187300001243408835e-02 -4.094952389186452824e-03 2.073752325844099419e-03 -1.550825790536454127e-02 1.502928658540753255e-02 -8.004141180670111891e-03 -1.423773767679833817e-02 -2.405691667334798264e-02 3.024944941048835281e-02 1.942050721050976245e-02 -5.464837957663159010e-03 2.219568225260780403e-02 3.355616710321076765e-03 -1.462232402305524946e-02 -1.866931303574117032e-02 4.479744359474704257e-03 3.576600395349599070e-03 -3.405024862734702673e-03 -5.617264648452333781e-03 1.434654448814719901e-02 -7.485045184609584630e-03 -8.292976313677227068e-03 -3.267595342422739777e-03 4.702370094665497650e-03 9.970927413509840173e-03 1.020768942002615517e-02 2.099895756798416876e-02 1.748622823914098776e-02 -2.655316082700280231e-02 1.432791720241007732e-02 -2.222628431227290091e-02 6.526147837083576438e-03 -5.166710368131137150e-06 1.090815635790734310e-02 -2.745024519211635219e-02
-1.603665959282322279e-02 1.166683899853936980e-02 -1.189887296728553076e-02 2.515547855643088422e-03 5.077698901196190003e-03 -3.135724795691271442e-03 1.123271485814950413e-02 -4.284682646060601445e-03 -9.955564305190666222e-03 3.217533571684127189e-04 2.765878260744678366e-02 -1.573411361427095451e-02 -5.211253354278073784e-03 -2.146810761465700601e-02 1.182334104132021918e-02 9.501959309536233593e-04 3.048537575086219132e-04 -1.475341513749776901e-02 1.429420204719392302e-02 -7.645366471017515583e-03 7.418405674590873057e-03 1.598429945148719875e-02 -3.125772849412024323e-02 -1.171500872937996859e-02 1.172581086963079937e-02 4.587084346494891759e-03 -1.180148183164811231e-02 1.782274347074128823e-02 2.602854293206500677e-02 2.750554120163658210e-03 1.066779544029821530e-02 9.258639290152246779e-03 -5.464755348247460343e-03 9.737887387750485124e-03 -7.511925862117149397e-04 -1.781175936220798228e-03 -1.579077430713710789e-02 1.622076675265420476e-03 -2.505036354314298455e-02 2.439235640311532283e-02 -9.471831930555375811e-03 1.427342913147553946e-02 7.678690183246743414e-05 2.606127636557723296e-02 4.939632827848618006e-03 -2.294266706341085635e-02 -1.628211461922161873e-02 1.639871954032612669e-02 -5.516843796519567758e-03 1.011286351413615133e-03 9.107478927501175270e-03 -2.436405793635307293e-02 -9.926490171927830966e-03 -6.929214635671304169e-03 2.327425645974742080e-02 3.432204046930997180e-03 1.616044648535551118e-02 -8.611689270469655849e-03 2.601866231317408358e-03 2.504181269448061894e-02 -1.602145893993170075e-02 -4.930885262580858401e-03 -1.518134721261538969e-03 -2.277173850331551050e-02 -1.066954866596229032e-05 -1.176268614863656276e-02 -9.543107897511090079e-03 -1.067725071791512763e-02 -1.872762802520759303e-03 -1.444236103502860580e-02 1.883629230316425859e-02 2.628484159216526190e-03 -2.033876313146588521e-03 -1.022403741401628138e-02 -6.206861866383592621e-03 -5.891463677717689688e-03 1.377919870853681721e-02 -7.361544550328984887e-03 -2.725187216337605824e-03 -3.727880092841340341e-03 -9.045871694957206832e-03 4.466612455894924255e-03 6.638017667433515102e-03 1.394044824289709418e-02 -1.566419814065589389e-02 1.103026350215779126e-02 -1.659739424908491037e-02 -2.282487517497487975e-02 1.347739650484554297e-02 -9.423553000609838446e-04 -1.731113552960894877e-02 4.524281684123668962e-03 -2.844109422227566325e-03 -8.668433173766304858e-03 -1.071511734085741144e-02 -8.531213238630070295e-04 -1.431180590416644867e-02 7.276965654073304021e-03 1.986411129139465867e-02 -3.679853030281856306e-03 8.909667043232762226e-04 2.759736468024694134e-03 9.429833123024042654e-03 1.054422582335438896e-02 3.467350936122344691e-03 -2.208147395762460712e-03 -5.362585619467278263e-04 -3.397007747788054199e-03 1.293935088243793226e-02 -2.402822420002543365e-03 -1.790912163507822966e-02 1.793986250160201079e-02 1.697432591669327875e-02 5.580350001384760776e-03 1.898568359183870624e-02 -2.385459748648212364e-02 -6.782165214007884919e-03 6.211422150995825515e-03 2.832338430985118904e-03 -7.604671381976325917e-03 1.109467436281476663e-02 7.987700332966875347e-04 -4.508705244554388029e-03 -4.929875373747007530e-03 -3.178962970507206737e-03 2.652696703351373197e-02 -3.431128391988323614e-03 -3.725889252890538504e-04
4.679458901638003029e-03 -6.091743721595033884e-03 7.392888946725816902e-03 -6.296608735818215799e-03 -1.350194804583983513e-02 -1.193123631975404877e-03 -1.099927701584998453e-02 3.887097757091613742e-03 4.244343913423253949e-03 -8.581965986004320285e-03 -1.573411361427095451e-02 2.988519573011468033e-02 1.331091902089938731e-03 1.469023490778374047e-02 -3.598400373622042889e-03 -1.056411681577542824e-02 -9.003382570229499782e-03 1.717744173935274819e-03 -3.726250617825954854e-03 3.280307115928636583e-03 3.603231016285656993e-03 -5.180354574291623666e-03 1.761441291624507230e-02 -6.842939444174253941e-03 -9.074124091319361179e-03 -1.759346789188738144e-02 -2.161590486971277935e-04 -6.252339070412610625e-03 -1.672857423688428949e-02 -1.589455043007977769e-02 -3.578725699150483216e-03 -7.873898317733501670e-03 2.650317709608226904e-03 -5.134741881922554041e-03 1.442383839974858625e-02 1.559438586334720156e-02 1.634243289537418847e-02 -1.520023754974744214e-02 1.220626608323670086e-02 -1.660428195715215119e-02 9.170270573819050766e-03 -1.276422526271199834e-04 1.172674718830896828e-02 -1.606821880360285656e-02 -2.922655663830403105e-03 1.520252346826247818e-02 2.518259279449132360e-02 8.912097444487465832e-05 3.006781847592962433e-03 -1.014818801991261045e-02 -2.070077194390444394e-02 1.480945589599271146e-02 -2.305503850982078187e-03 -2.974442815188723700e-03 -1.148106133521108185e-02 -1.155894204355395818e-02 -1.007145320908552251e-02 3.628515452951432997e-03 -1.530483706604681901e-02 -1.253401484557455613e-02 2.911397252542618358e-02 -9.747481020972397978e-03 2.364029833367278094e-03 1.586269454200424367e-02 4.353362281163877389e-04 9.539284645100480284e-03 8.549761132275568443e-03 -2.064538683402372763e-03 4.058221064846656567e-03 8.381432935093880224e-03 -1.663298926437596983e-02 -1.141006547646536591e-02 -8.766762237260833368e-03 -1.591950661596597564e-03 2.630898031797360322e-03 5.351256411568591689e-04 -7.223569331468155871e-03 2.684242308331435240e-04 3.209486533577725516e-03 1.388320391169086451e-03 8.823489836378593451e-03 -4.870461540395231576e-03 -1.764464019120763616e-02 -7.701773107092033457e-03 7.981089874570166526e-03 8.666382371772285084e-03 1.690567875537175163e-02 1.191006435730990881e-02 -8.545865867059821222e-03 -3.342592555639498086e-03 1.420928114720079738e-02 1.103556238479640877e-02 4.349462001072437398e-03 1.439288382477994267e-02 1.141826372037430329e-02 2.626962495498812600e-03 2.445539896423046602e-02 -1.529918083313864738e-02 -1.713462945984314811e-02 1.506751153033935621e-02 1.139294674253859066e-02 -1.065602448017185545e-02 -1.935322438675476540e-03 1.298272001052245238e-02 -1.501592421862055736e-02 3.760281775966732142e-03 -4.011215011600297378e-03 1.420831047405818337e-02 -2.485816771456136540e-02 3.724183678923949012e-03 4.939188098034522079e-03 -1.663653792929947403e-02 -1.183846330650135253e-02 -2.119224548912037633e-03 -1.891028052402702817e-02 1.520345957997074580e-02 2.671463854866648179e-03 -6.413015485350578512e-03 -1.463681481941016098e-02 4.480921542471337071e-04 -1.715973148657674256e-03 1.628481951718663279e-02 6.998160876632505967e-03 1.760073878926266683e-02 -8.448421917740535055e-04 -1.424130157809859465e-02 -1.465788694733042782e-02 8.554073783481830340e-03
