3.351979249088828799e-02 1.584449983002661835e-02 -9.088133125012035421e-03 2.060833656352341683e-02 -1.542736868661514008e-02 -2.368288554582722097e-02 3.320714216256518553e-02 1.159613381113313961e-03 3.351518844788865543e-03 6.016661949490364342e-03 -2.278494609473444635e-02 -2.114695597882421813e-02 1.384070337050555440e-02 -1.050457560328107824e-02 4.467355236061107404e-03 9.847380369398795602e-03 2.266518854079758657e-02 -1.230604761798684841e-03 -1.045082390749392390e-03 6.487706197779841318e-03 -9.419969122833321898e-03 -7.181014982996588095e-03 1.547483155535818097e-02 2.854941546821918724e-02 1.453960004385882430e-02 -5.894195521916188079e-04 -8.204075679201481425e-03 2.006007615045534570e-02 -5.055264563697181232e-03 -1.693030645348760771e-02 1.565403961225046367e-02 -9.348985219140083444e-03 1.801967648234775992e-03 -1.305913645185776198e-02 -3.818850675588725957e-03 5.759299629717869705e-03 -2.391413821780625018e-02 -4.217374359344063482e-03 1.922670300349661743e-02 -3.032140077628895074e-03 1.511598171046599562e-02 -1.646133382344517129e-02 6.884321205202325288e-03 -5.020683428670374981e-03 3.730597376309670050e-03 1.164326165982532656e-02 2.296944131993604657e-02 -1.381283795408258346e-02 4.168049702691369561e-03 1.932044006657608615e-02 1.617563907757610386e-02 2.760327769590343455e-02 -2.152296720725966131e-02 -2.440239782188123596e-02 9.677803377627913761e-03 -2.993394801353169501e-02 -1.883877639493893377e-02 -6.026904728760385833e-03 -2.696593385374593949e-03 -1.685636755004459031e-02 1.533600126484214315e-02 -2.335227784079245764e-02 1.089777332303303731e-02 2.631440604644136663e-02 -1.556066419986630416e-02 -2.427897413052229180e-03 -1.006885028442009063e-02 2.157675909920392376e-02 -3.202988781290366099e-03 1.296227345740779378e-02 8.350662201975242102e-03 -1.751067075564742212e-02 2.310564490773744581e-02 -2.088553549493527006e-03 9.809011739357451423e-03 1.075095963955234428e-02 7.623177947946759361e-03 -1.941914889816719753e-02 1.785804988328910589e-02 6.650527201399712707e-03 -1.595910466220500784e-02 2.175827717216715154e-02 -3.382723169058424184e-03 -1.143855466883540901e-02 1.815133856079161404e-02 1.908824415436942076e-02 -1.512286071351794971e-02 8.707340099969512748e-03 1.685797827554666103e-02 2.667553814919489553e-03 1.928981414002929953e-02 1.437643803509599735e-03 2.064270577204791943e-02 -2.483886550671404454e-04 5.012467963623806234e-03 -7.865353240327754500e-03 2.182764831596679597e-02 1.298384742394408271e-02 3.698677450843312810e-03 6.075076788699189725e-03 -2.550011214307765575e-03 7.142320783680660909e-03 -1.964559998811600885e-02 1.409434987235218088e-02 8.884403628775721729e-04 -6.527169898056798397e-03 -4.912672660953585138e-03 -7.569815395545445059e-03 2.072969471344077164e-02 2.058680584054526849e-02 1.539257076606583875e-02 4.144052844962984954e-04 2.082048835047680714e-03 2.396459473985592184e-02 -1.693118591106950940e-02 2.047543112720619229e-02 4.591165188537075191e-03 4.785491701194076117e-03 -6.331500081271777824e-03 -2.473610653309420669e-03 1.481993670324537223e-02 -7.789172668642051905e-03 3.137169766515843835e-03 1.033255186236243552e-02 2.016077974866142819e-02 1.213852131798298179e-04 1.596787724474278344e-02 -5.546364896531766168e-03
1.584449983002661835e-02 4.175804121098376787e-02 -7.590852705371881927e-03 3.343802043436017862e-02 -5.657758456158562890e-03 -9.436849857592181923e-03 3.062769263566328393e-02 -1.368654604913122248e-02 -2.374616056569490291e-02 4.781267008323358998e-03 1.260854887205194348e-03 -1.675059100847828275e-02 -5.768251987849718106e-03 1.585742556933666253e-02 -1.029021108168449647e-03 3.059947447816408622e-02 9.255454271636967892e-03 -3.104571393198601176e-02 2.387342594194074089e-02 -1.789798557304926943e-02 1.804026960395346130e-02 -1.043891217414452460e-04 1.302973890723577166e-02 1.461510337583192022e-02 1.624486495898461256e-03 8.413673220594070773e-03 2.310637184982240831e-03 2.034678283388037176e-02 -2.388394646276565531e-02 5.108512322048255200e-03 -1.029323908741416188e-02 -8.338588026489731492e-03 -8.625496648558732618e-03 1.885372896600625084e-03 -2.634132797555708422e-02 2.122164335151948897e-02 4.901636337871437005e-04 -1.453604371583293829e-02 1.197015356068017143e-02 -1.596465395371624366e-02 -7.362777298663971196e-03 -1.912599903002832084e-03 6.810245676090936201e-03 -1.396358306551703440e-02 -1.850128644141869547e-02 2.883058765367106299e-02 -8.266770702282056835e-04 -1.422809564596621591e-02 -1.892467582870507523e-02 9.957885399630815940e-03 1.455821111716238542e-02 2.090247912032727057e-02 -9.086063315465056980e-03 -1.970797389493067833e-02 -1.920738383777942024e-02 -1.178530493395898646e-02 -2.264213321168444260e-02 -1.675450839192946587e-02 1.007759079854207707e-02 -1.489718878037860419e-03 8.306947990145472846e-03 -2.267316714277435238e-02 2.274424014442290656e-02 2.160885216954536170e-02 -2.262997677146723688e-02 2.577212917690778135e-03 1.412806980831869674e-02 6.909494007298423550e-03 -5.941209592862742870e-04 -4.915789616249958451e-03 1.786713892657862878e-03 3.796937674103287742e-03 3.036689559080978443e-02 -2.823291511574736474e-03 -8.566952146546064420e-03 -5.517614015358830205e-03 7.620787228389803124e-03 8.974485547089428375e-03 5.287246853862776277e-03 -1.684267392916523678e-02 -2.941152248345362680e-02 1.639415042486120494e-02 4.081744131220871839e-03 -1.951152143600958996e-02 -8.644529876839349147e-03 3.460778632622335538e-02 -6.081639866364530259e-03 2.543529372475718600e-02 -1.616140015563176466e-03 1.791025939227156027e-02 2.011729907840097489e-02 2.453021869717930334e-02 8.946985370742276253e-04 1.318226534771976084e-03 1.405008124634953351e-02 1.633327006857552763e-02 3.666704803574737104e-02 -1.824306502082142373e-02 -2.015065938520118824e-02 4.215467109446367419e-03 -1.555356280654254623e-02 6.103052732551446889e-03 -9.503812585863446669e-03 -5.382151963512054813e-03 6.640260539411963273e-03 1.978980731023936498e-02 2.054337882372137686e-02 8.647879669427111643e-03 1.508399405857605881e-03 1.996979747769631400e-02 9.586878689848218546e-03 1.071750934788662582e-02 -2.070368515696625888e-02 1.725638242035734682e-02 -3.916975022880836606e-03 2.374635140359968380e-02 -1.146602197846499985e-02 2.550900388877631528e-02 -4.533323572937835106e-04 -3.357573669899082541e-02 9.076467942921320406e-03 2.036499192971629249e-02 -2.632379269660754893e-03 -1.107902561263776967e-02 7.103525423651148307e-03 3.231475312104401670e-02 -1.448074716562242070e-02 5.447086402860407649e-03
-9.088133125012035421e-03 -7.590852705371881927e-03 3.448845476520851633e-02 -9.919631933635474422e-03 5.784163192535130352e-03 1.036870238406064140e-02 -7.894484007420507141e-03 1.305492174959807690e-02 -3.228786475588188171e-03 -5.195459667414497294e-03 -2.928231601247846105e-03 2.883591458593079437e-04 -9.399595436574315066e-03 1.888233664721760546e-02 -3.599567380998981627e-03 1.586420240751846428e-02 -1.184239267992959893e-02 -3.435933289559257604e-03 2.145497743428442620e-03 -1.314565049029036217e-02 -9.707343799240712679e-04 3.361390341208066700e-03 -5.751917867798366640e-03 7.018805016690278856e-03 -3.974864680807545583e-03 5.119577346911047787e-03 1.601806020011884921e-02 4.445103804758009092e-03 1.664748647482915123e-02 -1.044580864207306226e-02 -3.358365273985970071e-03 -1.215478698868908448e-02 1.376585266395565117e-02 -9.515282582418724266e-03 1.225510087540378559e-02 8.799601468081503022e-03 -7.078969453709909980e-03 1.046863823915417449e-02 -3.477791282640821813e-04 1.386959957383918779e-02 -5.230636199096443638e-03 1.336075447988520001e-02 -1.256006321182158089e-02 -1.559638755042385382e-02 -1.599553327206889447e-02 -1.384913881708428043e-03 -1.615981843950915764e-02 8.073426701194661229e-03 -1.258468069000159839e-02 -4.001004885781459311e-03 4.868401744074551604e-03 -1.123095243147786623e-02 1.107138918177051623e-02 2.608726553225530938e-03 1.843116818122805464e-02 -9.360659239132427742e-03 -5.112537999790942858e-04 9.153443443501756843e-03 2.540704401356290616e-03 1.472389938385583593e-03 -6.176804780981073363e-03 -1.299369043799034583e-03 7.393219866761343607e-03 -1.765978743512347515e-02 -3.666931707322743355e-03 1.088770751386924224e-02 8.489585336222578438e-03 1.140671420583363842e-02 2.274449423939386983e-02 -1.824623513898681118e-02 1.882511492062763359e-02 -1.010012275624091321e-02 8.653740768350978371e-03 1.918573201156932335e-04 2.867146338595701061e-03 -1.050773234745413197e-02 -3.537503630628046746e-03 -6.750716765468543074e-03 1.304965611876532545e-02 -1.235519727897641147e-02 3.016334118250740479e-02 2.590743228222407071e-03 2.154638754330219855e-02 6.073270586257614907e-03 5.755101214613479212e-03 -6.491068235010744383e-03 -1.668794354502145180e-02 2.515691579226375305e-02 -1.509584425913192487e-02 -6.703127321625259975e-03 -1.517896818509026184e-02 -1.089097324048760723e-02 -1.544906688564660208e-02 -1.750465330331381006e-02 2.173852607255621905e-02 1.438318756039239608e-02 -1.105382585211977424e-03 1.817913237942556798e-02 -1.257706707710348239e-02 3.533001251674138584e-03 1.022976002770979199e-02 -9.274545003012082262e-03 1.336194121109252758e-02 -9.082966380601190798e-03 3.330417155070527341e-05 1.195646406315785219e-02 -2.172784046299719354e-03 -1.787419822240734341e-02 -8.004704764996784308e-03 4.202252755966418875e-03 1.018888917119591933e-04 1.921610573015557905e-02 -1.224830753438798520e-02 1.418807550679457340e-03 3.006233727909244247e-03 -8.556102648775631633e-03 2.007707263370094031e-02 -1.806144042478919146e-02 -6.313856534925480282e-03 -5.922365361965432201e-03 -1.459203518377327931e-02 1.104477889729804652e-02 -2.612993003362164626e-02 -7.779748908454221963e-03 -1.421694115316685060e-03 2.940282369874774263e-03 9.437845220108090002e-03 3.866725760294826772e-03
2.060833656352341683e-02 3.343802043436017862e-02 -9.919631933635474422e-03 3.941394326038013401e-02 -7.595234861444134745e-04 -2.681764239559936147e-02 2.758354215440024168e-02 -1.701060142066750450e-02 -7.791317514108750224e-03 1.270372529528826858e-02 -1.010712976057675030e-02 -8.390022293238895423e-03 -6.146300420619802383e-03 1.603474748228538374e-02 -1.771080183129779750e-03 1.756307196152238903e-02 2.627833090028239282e-02 -1.593928949056443861e-02 9.084271163150123285e-03 -1.962620436210222447e-02 2.162840643896841997e-02 2.727770023774480669e-03 2.212053497659265122e-02 2.531384736784502917e-02 1.116328931220494404e-02 8.221987324051576850e-04 3.684195923320813387e-03 9.768659503824914797e-03 -3.152754675498509879e-02 9.145723246851096555e-03 -9.294559673949407547e-03 3.730561495724009471e-05 -1.605877818412133548e-03 1.181326141728474173e-02 -1.547950313528583671e-02 1.076434022057960391e-02 -1.327453423547640156e-02 -1.382119696922234561e-02 2.599347535699568848e-02 -2.144223911326792117e-02 7.679813300844381269e-03 -1.910747961203338244e-02 1.426914336568167914e-02 -1.385303655061615076e-02 -1.976881862241016558e-02 1.987613516462967064e-02 8.294507846817664176e-04 -4.381344598215670266e-03 -2.076934301335285615e-02 5.395971303473762019e-03 5.325419167181628423e-03 3.355561411539387251e-02 -2.559807049592193948e-02 -3.611094087291646937e-02 -6.756815704321255181e-03 -2.493923772867328095e-02 -1.433067099121550919e-02 -9.673907338604416026e-03 -2.481845884809785654e-03 -1.993345787909226938e-02 2.146385291367695902e-02 -3.771277787390208552e-02 2.808553448846877118e-02 2.552133706990136752e-02 -3.746092914758152731e-02 7.747679828011982267e-03 1.193193348167166483e-02 2.269361396658803147e-03 1.484962530761818221e-03 7.798809764327683906e-03 -6.219291838552993591e-03 -7.554094483172455951e-03 1.826262591531251436e-02 3.522818414827599397e-03 2.868335366481794633e-03 -1.126647126361685070e-02 9.013205081495938298e-03 1.035304321386233163e-02 1.124647174100524075e-02 -1.776237298718758018e-02 -2.647904956162250648e-02 9.027233056876589334e-03 -1.013457840716214600e-02 -1.186791879957507269e-02 4.258697922916024510e-03 4.083834695799953840e-02 -9.278071698860901155e-04 2.140681478434153587e-02 1.347667426040165262e-02 2.502742097072648692e-02 2.092772082676520526e-02 1.577218921492917758e-02 1.562609948481358734e-03 1.216828072784121098e-02 1.545608401575143676e-02 1.903992194804060220e-02 4.437949760361783319e-02 -6.433051111616344166e-03 -2.141876354497058293e-02 8.483380289447567044e-03 -7.813188547190236255e-03 -2.651190050314457345e-03 -1.814807493655820961e-02 8.014128085446721450e-03 -2.697787191648826684e-03 2.257157565136861527e-02 6.244514086379197686e-03 1.651892134700985726e-02 1.282238417317997300e-02 1.008959434631132197e-02 2.316754498431070411e-02 9.707378920048239865e-03 -1.988683345150883686e-02 1.001541681363965486e-02 -2.249673455723868315e-02 3.634115606378710700e-02 -1.700111230140398041e-02 1.676062448645132194e-02 -7.659269554686562974e-03 -1.944046849820273148e-02 6.430843792731453720e-03 2.075804961156474393e-02 -2.523670150296228581e-03 4.091013494176458550e-03 4.885566788498532133e-03 1.438842803974723326e-02 -8.186906006916884471e-03 6.728189644790871608e-03
-1.542736868661514008e-02 -5.657758456158562890e-03 5.784163192535130352e-03 -7.595234861444134745e-04 6.559796240827148184e-02 -1.431483347169983794e-02 -2.633008276003226053e-02 1.784659498228533328e-02 -2.416955714559216803e-02 1.142404600141677835e-02 1.694446005417381447e-03 -1.906986034837953453e-02 -6.063043107902645057e-02 3.297414515783519268e-02 -2.500872106001077871e-02 3.194377162913058371e-02 1.275061386142172827e-02 -7.069954699930409894e-04 2.525507575806651764e-02 -5.926081467486537385e-02 2.543515549339092630e-02 4.224963762808944812e-02 -9.971373144377725442e-03 -1.040967374304321326e-02 -2.526873796500224770e-02 7.643007224086369525e-03 1.953110353486787673e-02 2.133945751926805134e-02 4.576926210710870017e-03 2.407831902009128361e-02 -2.870991999866189665e-02 1.004097163423761999e-02 -3.287044323845061261e-02 9.464608260159343076e-03 3.609709958027303156e-02 -8.846200012005938154e-03 7.603585563865040108e-03 3.588145165446839785e-02 -1.326187749110161428e-02 2.500986105303339146e-02 -6.849135857311524841e-03 -1.793466109655659710e-02 -1.062853872337011108e-03 -1.966390272919592633e-02 -5.896789982695118532e-02 -3.065684468598177739e-02 -3.004459916348120596e-02 -1.118677566812868555e-02 -5.859324543901738014e-02 -5.705734325960435532e-02 3.203780420230725734e-02 -9.199601796901235931e-03 -1.168537812576159879e-02 9.949742472377039529e-03 -1.955075720996218500e-02 1.639963455209328402e-02 -2.894182409118235301e-03 -2.320415718513682557e-02 8.606299056760892408e-03 -7.771091356071003348e-03 8.051699921775517729e-03 8.900684974867366372e-03 -3.270269588946112926e-03 -7.665445462957672963e-03 3.792564292515190894e-03 4.276144339298147690e-02 3.740661622114711121e-02 -4.840970721033013846e-02 3.440170487301682373e-02 2.738556025613984521e-03 1.905251813581735482e-02 3.299285005155957150e-04 -2.601928765899908305e-02 -1.266317136135412108e-02 -3.214113852211059053e-02 -4.967062732280495829e-02 -5.383989178718677493e-03 3.661612484011607382e-02 -2.151100876173794169e-02 -6.060624568487230773e-02 1.886020824523844050e-02 4.877580315017567870e-03 4.315668068912254310e-03 4.418552584077666684e-02 -3.012083205042799181e-03 -1.290419778390115716e-03 -1.298326376674292792e-02 2.460100921370316635e-02 1.469988185220988224e-02 1.493684204333573483e-02 -6.828585752355962983e-03 -3.284496254664504011e-02 -3.675160146787426196e-02 -2.164706073141014261e-03 4.931826325512042586e-02 6.713489835800585948e-02 -2.202460752709899452e-03 -2.629502749887160928e-02 -5.932598188563417002e-02 -2.277557042181065777e-02 -2.591437766457451233e-02 1.651153263343108080e-02 -6.892254535551386660e-04 -1.539287797934407037e-02 3.171774372795403956e-03 6.349340469783491814e-02 1.208097424530777363e-02 6.077017254591629558e-03 -6.644759723242851975e-03 2.045501097619755251e-02 -4.518215783931932295e-03 2.947105803300040239e-02 -2.527208736704732173e-02 -4.093880254751248310e-02 -8.287566351146235036e-03 1.727445952756661782e-02 -1.183514494049020885e-02 -3.144855203841688540e-02 3.392113681020135496e-02 -8.404448627483801157e-03 -2.267661169135791813e-02 6.375114943538337520e-02 -2.338098169341881055e-02 -1.468140974702683565e-02 -5.796932009811998909e-02 1.257685112595873086e-03 -4.047921329503593318e-02 2.492446963757805403e-02
-2.368288554582722097e-02 -9.436849857592181923e-03 1.036870238406064140e-02 -2.681764239559936147e-02 -1.431483347169983794e-02 4.332756875054921686e-02 -1.397727547408136352e-02 -1.688482822987532337e-03 -1.256408943324422746e-02 -2.270767157875257236e-02 2.345149963506912294e-02 1.428135869675136588e-02 1.391015074880586240e-02 -6.493923453548527264e-03 -3.373997312000955127e-03 -5.755667850329920093e-03 -4.459742640761060750e-02 -1.632490634166235480e-02 9.854119035287902534e-03 2.333165031497952402e-02 -5.325131392875553579e-03 -3.555443509981087019e-03 -9.055660773453381301e-03 -2.452931273844124321e-02 -1.699525535832807285e-02 -2.440860883516946607e-04 8.568829157080808459e-03 -1.333302633500986836e-02 1.007168058441967884e-02 2.800091872320298238e-03 -2.355417065825457772e-03 -5.251032894707169559e-03 1.126153798451421523e-02 -2.010725984491344882e-03 -1.333415692026149527e-02 4.032596319633314201e-05 2.302559533799063488e-02 -5.989805800893531137e-03 -2.997634348821198030e-02 6.304854882614367804e-04 -2.937269704489197178e-02 3.923493341808553109e-02 -2.763302318057562958e-03 6.381585140088270360e-03 2.371397233878131186e-02 3.619650594113476162e-03 -6.081806384407123685e-03 2.552674764441841861e-03 2.401791558704484408e-02 9.961898114961408729e-03 -1.364921180180220933e-02 -3.448480443395044587e-02 4.160291855157847302e-02 3.589481449715967859e-02 -8.910679666484301251e-03 2.716266358220761901e-02 7.090495831709493421e-03 1.660698864092250565e-02 -8.173678434088239506e-04 3.846677488083216634e-02 -3.259495301348951796e-02 3.599768774984180020e-02 -1.827435439073941265e-02 -3.065829155413676149e-02 2.988313528726139687e-02 -9.920543568010913027e-03 -1.793965594169467980e-03 3.371131607300590759e-03 -9.122310919409480634e-03 -1.501098907390139431e-02 -5.906603726329642118e-03 1.732800834799720635e-02 2.213632641880521924e-03 -8.109122845268548806e-04 -1.354820848102666897e-02 1.927749224970510059e-02 -1.082881323963204127e-02 3.132067717748153544e-03 -8.271479674832583895e-03 2.183295731636958684e-02 8.011397429210906362e-03 -1.270000527222473613e-02 1.347636543789285275e-02 -1.619316321927854671e-02 -1.787716555071748592e-02 -2.359731002291371588e-02 1.285393299444484959e-02 -8.222493487462446266e-03 -3.576728848171347591e-02 -1.285354904448280690e-02 -2.331212749282990382e-02 1.126719667793092336e-02 -2.727890805847253252e-03 -9.190976002549490140e-03 -1.810633848468031631e-02 -2.623730859745860081e-02 -2.815575570433086552e-02 -8.917130914965588212e-03 2.506782479341899961e-02 7.289833050908815261e-03 1.424514294242723578e-02 1.191330119947371907e-03 2.330496571873754558e-02 -1.412955514062203162e-02 -5.323101939647251722e-03 -2.399399242808782778e-02 2.009604748400647609e-02 -1.625079853060938488e-03 -1.712979140439008924e-02 -1.424448707390270526e-02 -2.800690959982936323e-02 -2.768666686176715196e-03 1.006308148017846273e-02 -8.994288380651688794e-04 4.027631617859565166e-02 -3.974401720386398773e-02 2.271759938754692836e-03 9.284763347803195663e-03 -6.392935169452200299e-03 -2.879755911354367742e-03 -1.216932642889343927e-02 -2.117195985075396095e-02 9.996217433546055343e-04 -7.942266185946100440e-03 6.206656648357814117e-03 1.803209591643738230e-02 -1.353900231939043821e-03 5.261686231036195177e-03
3.320714216256518553e-02 3.062769263566328393e-02 -7.894484007420507141e-03 2.758354215440024168e-02 -2.633008276003226053e-02 -1.397727547408136352e-02 4.584464705241275001e-02 -7.796083354839784818e-03 -3.619116062495397225e-03 -6.691969483747776080e-03 -1.729829336352351615e-02 -2.108061182790279750e-02 2.028293449244517391e-02 -3.983035448073916083e-04 -9.564378842946125560e-04 1.535290622337021071e-02 1.180109896452207277e-02 -2.209349138490514231e-02 5.503913759043565883e-03 1.278337129918114858e-02 -7.743540820837674019e-04 -1.344097839615312692e-02 2.174023045350046562e-02 3.184589149734979446e-02 1.542791095986673598e-02 9.269162365985968155e-03 -5.570394520252869427e-04 2.063137150210056850e-02 -1.593522795695683988e-02 -1.074804705574063622e-02 6.579719735312672228e-03 -1.750426006878466959e-02 4.458661909162558654e-03 -7.865663993438366461e-03 -1.821077241857845322e-02 1.932609852373880222e-02 -2.517378033196050746e-02 -1.574684326444144439e-02 2.267177716475554314e-02 -1.307328073389773908e-02 -3.018223531346207050e-04 -3.903442988809881220e-03 1.212388238266757894e-02 -1.257464201948616661e-02 1.025117751654110697e-02 2.742108943514939487e-02 1.647124266327678124e-02 -1.345539288113608775e-02 8.658374396993873470e-03 2.994094719582534106e-02 1.355617890063601054e-02 3.169790355748308003e-02 -1.075669076225505873e-02 -2.968685680227449442e-02 1.471926130302273015e-03 -3.401530917413266020e-02 -3.140670199276025115e-02 -4.876199067151417571e-03 -4.808703559115696559e-03 -6.180830135153186390e-03 7.904605668333973545e-03 -3.010453365703970319e-02 1.770435674738051260e-02 2.418875566187715653e-02 -2.340409343144267754e-02 -8.774538032734964174e-03 1.875493631740097621e-04 2.976937886891391563e-02 -1.155978240743098413e-02 6.897332843887533579e-03 3.540004306696847413e-03 -1.856231341808552149e-02 3.627256476245116490e-02 1.401444903383874388e-03 7.729702167988685216e-03 1.945340161890085628e-02 1.552590219541200370e-02 -1.048384424548499776e-02 1.934027728683810135e-02 1.214364534168192906e-02 -2.868608137295272295e-02 2.090460225379896578e-02 -3.812423534791047931e-03 -2.753272769213166438e-02 1.468755430168332439e-02 3.023376475888374382e-02 -1.047044868746743393e-02 2.033641497682881286e-02 4.126709089350003197e-03 1.254496497795594065e-02 1.861481610530378236e-02 1.419008547898591155e-02 1.523678274706771578e-02 3.556519673072898371e-03 2.140286039738023560e-03 -1.549547356152727699e-02 3.433789653083239857e-02 6.740430730506476002e-03 9.114728216506013531e-03 1.194956267481732393e-02 -1.747249670592521814e-03 4.312388300350164343e-03 -2.367021191099618477e-02 4.672078484913059875e-03 -3.409808668851120172e-03 -1.184533856301924273e-02 1.252039570275185684e-02 1.540753132301176428e-04 2.112194631096841330e-02 2.022930760711871487e-02 1.954107077588570704e-02 7.298734719464126594e-03 -7.991186592722439655e-03 3.517512863776287718e-02 -6.464665636075239870e-03 1.548622897359192702e-02 -4.854776558049569979e-03 1.674803970293398461e-02 -1.199818815529923172e-02 -2.178442982156630556e-02 1.015787120569369359e-02 -1.248911903285455233e-02 -1.839028301600757103e-03 8.810892421829844348e-03 2.946959847125243948e-02 2.051425186177634197e-02 1.604261918357608591e-02 1.075206467215236109e-03
1.159613381113313961e-03 -1.368654604913122248e-02 1.305492174959807690e-02 -1.701060142066750450e-02 1.784659498228533328e-02 -1.688482822987532337e-03 -7.796083354839784818e-03 3.878079931409261771e-02 3.367528963486705190e-03 6.851737020997649308e-05 -3.620158142547593143e-03 -2.300979239639032101e-02 -1.645529677350481695e-02 3.711196916623040864e-03 7.610685406678591690e-03 1.666151046795722943e-02 2.579501765397218364e-03 1.978529575106171765e-02 -1.560793060362180738e-03 -1.149082598241220332e-02 -2.676816992643949941e-02 4.108914294131422312e-04 -2.693777829813905761e-02 -3.756939964930086293e-03 -9.322006071184139181e-03 1.471144201199623205e-02 -9.010310964198933043e-03 2.404708866899459008e-02 4.279547461648542522e-02 -2.638605987632637595e-02 1.494666111979768737e-02 -4.427666275864401875e-03 -1.965890003117540252e-02 -2.423131899411886878e-02 2.837119888289232894e-02 7.213561563473623942e-03 -5.797750337658941558e-03 3.479183644654972041e-02 -7.014794202125255312e-03 4.372848101841407542e-02 5.397775469487036543e-03 -6.637850843560319514e-03 -2.693269381275317786e-02 3.872312566413778877e-03 -1.537481856718792006e-02 -1.769087727388431869e-02 -2.434075392731221629e-03 -5.370454527011750412e-03 -1.130409816574409580e-02 -1.680241567287209942e-02 2.860934415776239179e-02 -1.286950727402473051e-02 -3.282840381701718387e-03 1.085690882066295791e-02 1.061228774936539068e-02 1.320928687139718248e-03 -3.487971086356496039e-03 -1.947389990831498857e-02 1.789354531703055140e-02 -8.916519338913690002e-03 5.960868264212279034e-03 9.242389981710216751e-03 -3.437457090023147456e-03 5.797058194047190107e-04 1.621452442374182040e-02 2.633336865357962381e-03 -5.257801432973774336e-03 5.934259756490169874e-03 2.286134330793876401e-02 -1.330284787470089637e-02 4.074691347891765125e-02 -9.921719495951756077e-03 5.073270101288326851e-04 -1.525753427919331572e-02 -2.014832988281544963e-03 -1.092139985423683755e-02 6.548570431168240953e-03 -2.191300205747402641e-02 -4.863817102546743980e-03 -1.238903489849711020e-02 2.662734899508666098e-02 1.863434575748133468e-02 2.049150794244920804e-02 3.105889241273252985e-02 1.137951340679783235e-02 -2.176334780417322687e-02 -3.511351193492470019e-02 2.235823295160941325e-03 1.155936592798936964e-02 -2.126701816682574978e-02 6.683274458147741215e-04 -2.842994391504464688e-02 -8.428810897482569287e-03 -1.770451262772249415e-02 1.543656255331621319e-02 1.698310240205546523e-02 -2.111822113387975403e-02 1.284231410780660096e-02 -1.213837397774485474e-02 -3.083830275148658623e-02 -1.800553389410915195e-02 6.397020284915590910e-03 4.573918760494084107e-03 -1.364306243841569184e-02 1.937044111070643226e-02 7.831828402658534000e-03 -1.456570659797357982e-02 -3.613310271034987642e-02 -7.938887031803521996e-03 2.263992730347964832e-02 -3.208310137008605224e-03 1.458178656152861507e-03 7.549155225064929468e-03 -9.750432856210037181e-04 -6.421974665150239139e-03 -4.213454044989547835e-03 3.420253112813382429e-02 -3.211101320201598802e-02 2.367020402640229726e-02 4.726251845212186588e-03 4.570656419264881691e-03 7.776221117236758323e-03 -1.241779364865716606e-02 -1.330249961063317832e-02 -1.218437768727614889e-02 -1.483329688385182435e-02 7.294954570445919863e-03 -1.607084331143751252e-02
3.351518844788865543e-03 -2.374616056569490291e-02 -3.228786475588188171e-03 -7.791317514108750224e-03 -2.416955714559216803e-02 -1.256408943324422746e-02 -3.619116062495397225e-03 3.367528963486705190e-03 5.967663243112374116e-02 -3.086902836835852225e-03 -1.061056084709055373e-02 2.429595894227752281e-02 2.872986658576463098e-02 -1.134562037292684289e-02 2.268490164698918135e-02 -5.225211766836448252e-02 1.630894291275070823e-02 4.322716097033408450e-02 -5.838022957847237293e-02 3.627137296097626001e-02 -2.547230094488542665e-02 -3.674566987998942325e-02 -8.818257110112890512e-03 7.322112708290656573e-03 3.238849872282100611e-02 6.978825368993616177e-03 -2.198491863063739213e-02 -3.040808296802523930e-02 1.143810523286177896e-02 -1.739371618849267290e-02 2.062608802805235286e-02 8.101270584251677245e-03 1.176097777579011155e-02 5.603171265933650641e-03 1.110796803177677150e-02 2.489631057200166007e-03 -2.653233342316909521e-02 -5.149482139737381753e-03 3.325578534191835772e-02 2.659797500613220352e-04 2.813937627717489828e-02 -1.716492663659950624e-02 -1.257290744796923411e-02 2.267770430448582883e-02 3.808801612455794960e-02 -6.710607827870886805e-03 6.039350640942011024e-03 3.441253540311250275e-02 3.514219827313450756e-02 1.347029129425911069e-02 -3.237261135692792724e-02 1.721158743587574910e-02 -1.446038237942816503e-02 -2.798431234502605017e-02 3.384536490238401751e-02 -2.198632069342353404e-02 1.555590564638563086e-02 9.288336266329254992e-03 -1.099817977025970006e-02 -2.871093108102537247e-02 1.711409915628862161e-02 -2.740351348028037190e-02 7.081320383432994879e-03 7.888094044931563686e-03 -1.851676515339088086e-02 -3.493353452640331896e-02 -2.645145179009332145e-02 2.332722757617690726e-02 -1.790011977342009092e-02 1.769566312158307210e-03 -9.205265903865040775e-03 -2.124243525401759564e-02 -1.894289435153739126e-02 1.583141265055755531e-02 4.848960654824860383e-02 1.810846347484468613e-02 2.468353327537104944e-02 -2.536368387668168703e-02 6.056755705037142855e-03 3.667046299818497307e-02 5.594419604992460424e-03 -1.798944960037951804e-02 -2.407762563756592547e-02 1.009087586240240385e-02 2.342603017553518061e-02 -8.903385061780684506e-03 5.642977099293162643e-03 -3.297155215149301377e-02 2.020587677099066823e-02 -8.780035306563188299e-03 4.848080536196133772e-03 -8.998144634708342762e-03 5.843102778065910503e-03 1.870901733555729862e-02 -3.810029021272844096e-02 -3.491797140030529489e-02 -4.561242511539624102e-03 4.034411647675038848e-02 3.708427912601164333e-02 -1.021672338749488040e-02 1.061107341498744062e-02 -3.287921829944175089e-02 -1.379028184427633086e-02 9.646187811941177997e-03 -4.553246821660162811e-04 -4.126588678246969483e-02 -4.464532869845042051e-02 -7.162909065649663946e-03 9.696381401227702548e-03 -3.039372245949047494e-02 3.138341397462571930e-02 -2.850441595930981037e-02 1.871666937295330541e-02 1.124586352244258576e-02 -2.748261795704660254e-02 -4.455574782173255324e-03 1.363769918379912315e-02 -1.362899223476570290e-02 -1.046915436843649794e-02 2.701534769805083447e-02 1.340929205614442045e-02 -4.456333127214120310e-02 1.044101712328221118e-02 2.209413930104294280e-02 2.337838259404500380e-02 -4.487538470224384374e-02 4.229499984195789902e-02 -3.227379233634422584e-02
6.016661949490364342e-03 4.781267008323358998e-03 -5.195459667414497294e-03 1.270372529528826858e-02 1.142404600141677835e-02 -2.270767157875257236e-02 -6.691969483747776080e-03 6.851737020997649308e-05 -3.086902836835852225e-03 3.886230490528959358e-02 -3.319152090508013537e-03 -1.945887557777111702e-03 -1.518831073135046110e-02 -9.753256347295851877e-03 2.100222265400114238e-02 1.101957839698836615e-02 2.792507287873596464e-02 2.068567416166980366e-02 3.002983684979660534e-03 -3.015383303954611779e-02 -1.366045403220082733e-03 5.321405960358827590e-03 -8.498822335697903130e-03 -2.569584956900383341e-03 4.772505480266930195e-03 -1.903372063595986513e-02 -2.247016349403238578e-02 5.754096745974100410e-03 2.463441814493798603e-03 -8.477722644166744287e-03 9.760532014178341376e-03 9.071441654188350592e-03 -8.921154769646231011e-03 -1.004141501277081884e-02 -1.713290869822913041e-03 -9.536473069549411541e-03 1.747027207752898867e-02 2.928045888691087947e-03 1.562675583841828097e-03 1.706956980379562450e-04 3.130000814323184027e-02 -2.260498191317132644e-02 -1.259041493625822836e-02 9.758704830114046935e-03 -3.059813270454800685e-02 1.661580660147707507e-03 1.165380887413552946e-02 -3.856680968879476999e-03 -2.462038164265492948e-02 -8.502726113925116250e-03 5.897758620515830032e-03 4.549696334977682520e-03 -2.680896452971100186e-02 -7.450700570032749506e-04 3.197487149831013207e-03 7.605273559458082359e-03 1.791617857572206166e-02 -1.518306933041884028e-02 2.260460062842581039e-02 -2.007099014701309303e-02 1.848199591780612383e-02 -1.624870227734659086e-03 5.704047812487587910e-03 2.219623999977885995e-02 -8.002546795553346646e-04 8.170007946249365285e-03 -1.362652553968977595e-02 -8.696294604538978151e-03 1.404458320573305670e-02 -2.362343491672640790e-03 5.204234167866307083e-03 1.908823081413852166e-02 -4.060770222991462756e-04 -3.351304528508611269e-03 3.668303658421615768e-03 -2.370263884145584407e-02 -1.561723788212846832e-02 -1.459024354777632877e-02 4.495138362318472185e-03 -2.482834827916233222e-02 5.239392873084983485e-03 1.035147610616566488e-02 1.244666342395290420e-02 1.157019827162562159e-02 -1.138669506239294374e-02 3.642210240442964476e-03 -8.138762452506068112e-03 -9.034155310791847429e-03 1.920456591831493434e-02 -1.000943472245885944e-02 2.223784771403397240e-02 5.703742188739877386e-03 1.476736582949441691e-02 -1.265242015882946103e-02 9.605676795492705186e-03 3.016267583832982213e-02 4.489190386896848434e-03 -1.613993000068833375e-03 -2.878896490549157083e-02 -5.992949980699942281e-03 -1.278424622178862650e-02 2.222681236435079203e-03 1.019454979699633071e-02 1.559151026510240470e-02 2.455725947460590114e-02 2.791701235684814625e-02 -2.473654211694300414e-02 -9.664222051970604993e-03 -1.071959588645538149e-02 8.152553808415941711e-03 -5.154839714117397630e-03 -1.343320142286554865e-02 3.426430512539501566e-03 -6.121485187420019035e-03 -2.374248510806547044e-02 2.935797852806466476e-02 1.675153765884799736e-02 4.905351889890032825e-03 8.397102169852222603e-03 1.142019096813039897e-02 2.683346858567545526e-02 2.697646210240638165e-02 1.471389835503699763e-02 -1.546163594731136265e-02 -8.637103724320048526e-03 -1.768082746731903729e-02 -1.404516907744229534e-02 -1.755970219015325767e-02
-2.278494609473444635e-02 1.260854887205194348e-03 -2.928231601247846105e-03 -1.010712976057675030e-02 1.694446005417381447e-03 2.345149963506912294e-02 -1.729829336352351615e-02 -3.620158142547593143e-03 -1.061056084709055373e-02 -3.319152090508013537e-03 2.757961081127150924e-02 1.395471283985761854e-02 -4.581875437298912369e-03 2.245348362177942893e-03 5.964196421705585983e-03 -2.419575894720057789e-03 -2.164670671169164479e-02 -5.186175213797095812e-03 8.760088726730742500e-03 -4.187350320545162220e-05 2.690330130327626620e-03 -5.560238818750778446e-04 -1.460018488426111094e-02 -2.768398205830507539e-02 -1.507197350114784958e-02 2.057502998324523913e-04 -2.852947971325804719e-03 -1.276061551330653389e-02 2.251952897062424984e-03 9.349010403473320338e-03 -6.102746488312058362e-03 9.302353363508363351e-03 -6.641137758088103658e-03 7.832617783993772731e-03 -1.400401151839741898e-02 9.531409543416778391e-04 2.947358681176847142e-02 -2.561621319478384756e-03 -2.008855138677906674e-02 -5.186125327101196152e-04 -1.555511967866225059e-02 1.656370296860718710e-02 -7.378127427452231546e-03 1.328787424914043731e-02 1.765728490715844090e-03 2.310019806627762375e-03 -1.051386270253443916e-02 5.755838608758034533e-03 2.425288312722093283e-03 -6.182420442105281307e-03 -1.207771530538281728e-02 -2.342253272178473206e-02 1.887125038636141422e-02 2.268912147381177760e-02 -1.844032407531288539e-02 3.080281072873979412e-02 1.456467544911331166e-02 -2.398064924707594883e-03 9.893283735467203743e-03 1.839954673808499516e-02 -1.186628051903374816e-02 2.176585019673428836e-02 -5.394695841858017024e-03 -1.262919471575725365e-02 1.602140427662536795e-02 -7.383083367673405964e-03 4.958482698233452127e-04 -1.179555291724727201e-02 -3.358571519631473566e-03 -1.474940000166978689e-02 -6.196442632662171705e-03 2.494418821898357341e-02 -6.045165858942450066e-03 -2.772715966133709308e-03 -1.253919967808877524e-02 -2.182931863808351605e-03 -5.453380450359315672e-03 9.851633973628577332e-03 -1.756055776174060903e-02 4.790053304368949811e-04 -1.160303204894418171e-03 -1.268478426751716223e-02 6.636681311916006222e-03 -1.066476182860342549e-03 -2.355079903089706342e-02 -1.106669201052365437e-02 1.221175552451590415e-02 -1.429238622124259089e-02 -1.542672131056340226e-02 -5.295239308626236742e-03 -6.197011532065724478e-03 1.448777366896495181e-02 -7.306699139437055485e-03 -4.812398443995418127e-06 -1.370674322480761043e-02 -3.705303334206144598e-04 -1.603908072668035548e-02 -1.985371308981163582e-02 2.018395872611451064e-03 -8.439483731775611688e-03 -4.647844655666691881e-03 -2.426821853162738386e-03 1.923381547823857160e-02 -1.299998804607851305e-02 6.495627687964517297e-03 -6.631094791525380099e-04 8.832457911159406760e-03 4.708094664994421849e-03 -2.217287821229688149e-02 -1.353079131411444834e-02 -1.838519538516102114e-02 -1.067139515217920866e-02 5.605637527856850363e-03 -1.145671617017099408e-02 1.829340666017793826e-02 -1.431288746040963213e-02 -1.837393516791580549e-03 1.199469930232042320e-02 5.922142718778005896e-03 -3.922860589368640065e-03 1.995753452442803071e-04 1.167804481184556761e-03 8.237516288584547167e-03 -1.471203669824117273e-02 -8.394631997828866030e-03 9.389432482077453984e-03 -1.771402637668813285e-02 -3.685638617140525944e-03
-2.114695597882421813e-02 -1.675059100847828275e-02 2.883591458593079437e-04 -8.390022293238895423e-03 -1.906986034837953453e-02 1.428135869675136588e-02 -2.108061182790279750e-02 -2.300979239639032101e-02 2.429595894227752281e-02 -1.945887557777111702e-03 1.395471283985761854e-02 4.855077067209118830e-02 2.197820814895275199e-02 -7.068642512117823823e-03 9.096667218906057464e-03 -4.286778516459884003e-02 -1.332898124642146152e-02 1.386751708849864179e-02 -2.615734872149601958e-02 2.543894045644291488e-02 5.190400410753766465e-03 -1.159580882164803171e-02 6.283732214583039911e-03 -1.138949462876953644e-02 8.233701477307720645e-03 -1.817295283890596469e-02 1.678819901025621966e-03 -5.122569331787953095e-02 -1.572953738304073631e-02 1.423945450635855960e-02 -6.918598361948458597e-04 1.760190462400755551e-02 2.977756850649727546e-02 2.653105387124113368e-02 -1.300727932055436784e-02 -1.527340415635849817e-02 8.779140885865243521e-03 -2.175851435667318368e-02 2.510721010218576466e-03 -2.630889463691465577e-02 2.691618384323929240e-03 9.433387981168984276e-03 8.421647031878894477e-03 1.793835266928400438e-02 2.874661345494674419e-02 3.611868617834252141e-04 -4.092416998528030855e-03 3.422910157367334977e-02 2.772522319763235862e-02 1.036103622943160101e-02 -5.249537558403737092e-02 -8.571053565392705229e-03 1.072425766721990872e-02 -6.082457830845074912e-04 1.135784390157956736e-02 8.150214317099866573e-03 3.488867271646478585e-02 3.200719456415057618e-02 -2.040140340267613053e-02 2.487321717910144329e-03 -5.269872662211337946e-03 8.013556866663503137e-04 5.595299800469389099e-04 -1.895232715349578351e-02 -7.156525018938437142e-03 -1.511632077577547417e-02 -1.315044122470743378e-02 -1.959225977627825684e-03 -1.566505729904742877e-02 1.041487464160433841e-03 -3.622684953003800501e-02 9.416343119990332536e-03 -1.982855454287154109e-02 1.847587806280333658e-02 1.824885817764530099e-02 1.099868028367035136e-02 -6.395366492796685821e-03 5.337796333290851201e-03 1.746395734910927448e-03 2.768479726905566721e-02 3.166902803785943705e-03 -3.826596025788445155e-02 -1.732034398286430923e-02 -1.230783430851986777e-02 -6.005371067880124931e-03 -5.375008522971341275e-03 3.658853587758149895e-02 -2.855370132112232048e-02 -1.127647542608248114e-02 1.899554045649045437e-03 -1.512116970462172409e-02 1.623670966381137587e-02 2.384584010678497939e-03 1.806072639937487262e-02 -3.416137904097312633e-02 -2.866574594517061481e-02 -7.060152638734451709e-03 1.039864049036551968e-02 2.932327143090888988e-02 1.776448648852533077e-02 3.083526982910057140e-02 -2.943996170273921464e-02 1.323672133755692155e-02 1.262969962451364510e-02 -1.825379775373678695e-02 -2.553542271436342811e-02 -1.350474271431673437e-02 2.148989506515491116e-02 -5.246670148812388780e-03 -5.034140489490609299e-02 2.854850553886408666e-04 -1.966271658743246054e-02 1.386643539799397792e-02 -1.129013118042892366e-02 2.764702749173631510e-03 -1.323374409488726165e-02 -1.102134417105356951e-02 1.155950040999027123e-02 -2.797080744911916231e-02 2.238253079401852225e-02 -6.279864368470737881e-03 -2.746928954171233908e-02 1.327108313815985978e-02 1.707333167565471682e-02 1.147721883624981329e-02 -1.624276361836625437e-02 9.031307045680402740e-03 -3.703412765659684636e-03
