3.174175784735904782e-01 8.855321086948719778e-02 1.004610602440494521e-01 1.081467104135612756e-01 5.955737599086083356e-02 1.667787712592115335e-01 1.928772094177699792e-02 -1.131850790678955998e-01 1.050315853937295457e-01 -4.322028486228216004e-02 -2.588151552362300545e-01 1.840892440260986918e-02 1.804130264289629526e-01 3.538326488499620170e-01 -1.230541084237758293e-01 8.045123813934969281e-02 -1.770670370737767452e-01 8.791945672307555082e-02 -5.897919775810613746e-02 2.068715816807562002e-01 -1.021258283349252699e-01 -6.732245285055256379e-02 3.351537152478964443e-01 2.014000361893070190e-01 -1.392257031619644758e-01 -1.483633530563239489e-01 6.353706012164220263e-02 -2.565309317991014693e-01 -3.062585601444911543e-01 1.255354274828381633e-01 6.043838294614383398e-03 -1.539195839580193015e-01 1.743310575773915072e-01 -5.394446861891510903e-02 -1.331116105206960054e-01 -1.041735334813903915e-02 -2.829075494662900564e-02 -1.109751590435103796e-01 3.031849151197732462e-01 -2.834036615600919462e-01 9.041937928049635642e-02 -1.132950898419128327e-01 -1.211153390097395866e-01 -3.052734230325196418e-01 -1.572940323302726429e-01 2.517782512430871700e-01 1.300812212191820305e-01 -1.939580126920699421e-01 1.777566267284983181e-01 2.697645163755764131e-01 -1.339694311105324165e-01 2.541664518614407675e-01 1.237182235394498342e-01 9.985927264517481181e-03 -2.129903319398401829e-01 2.604573063833315327e-01 2.974850546994685374e-02 3.590070165474245067e-01 1.869874248198559463e-02 -2.980430358238309596e-01 7.996357835423052729e-03 2.422007256693122501e-01 -1.449749977771538356e-01 2.493184993950697814e-01 -3.973337366484584049e-02 1.918722337068394790e-01 1.728414972659665094e-01 7.929470925207758591e-02 8.508090299839635162e-02 -4.830999103824210050e-02 3.559424002814673416e-02 -5.335933972441387479e-02 9.305701445797541493e-02 7.623642106572985078e-02 1.747733389641670798e-01 1.921193831371477978e-01 -1.555259916738457038e-01 -7.021361469071572652e-03 1.101919694933665428e-01 1.766236722701573780e-01 1.780586052674488495e-01 1.820815996106847356e-01 7.304852848383305841e-02 -2.422330886628122071e-01 -1.666864089913169464e-02 -2.243306136929415773e-01 -1.193159219773312074e-01 3.521318664528712006e-01 -2.437238967272338241e-01 9.246216768175812006e-02 2.602501186694215415e-02 -9.870645415216162954e-02 -9.908368733518074789e-02 3.714168659383963039e-02 2.003066161092961484e-01 2.609510928627867266e-02 1.158111145550040078e-01 -9.059228441299126133e-02 1.560955832409727240e-03 5.835712950281533862e-02 -1.378974051843485371e-01 -6.247831946451633256e-02 -1.038071844618230072e-01 -2.759673262036100860e-01 -1.083484482285556293e-02 3.033813605353893189e-02 -2.643923932564977777e-02 -5.211011443717927794e-02 1.130706697442738634e-01 4.216494136369774298e-02 1.273906873263460637e-01 -2.133798984420434697e-02 -6.585414232314915073e-02 -1.436904764327976425e-01 2.604865712794050478e-02 2.640344569134845942e-01 1.883180746991641175e-01 -7.644208801964373634e-02 -1.602879467573181116e-01 -1.529754673263974789e-02 -1.865456147981387758e-01 -1.914118376871359883e-01 -1.362625920406134172e-01 6.125882619882552435e-03 1.925104476060739978e-01 -3.018815824375367107e-01 9.434894653603692616e-02 3.855486960628654730e-02
8.855321086948719778e-02 3.262363541696058356e-01 2.258140914806769928e-01 -7.982664981385764746e-02 2.289008180590272334e-01 1.953790496375562014e-01 1.703777949871515818e-01 -2.887029595208731036e-01 -1.353005437800877328e-02 1.715713708264937909e-01 -4.938366293722402933e-02 -9.023329072454910893e-02 1.890236828010518622e-01 1.000812114453970558e-01 6.646934449179200954e-02 1.735290740810072618e-01 1.176309718970101935e-03 -9.811188314792250453e-02 1.859636012806743233e-01 2.521508217071558589e-01 -5.241848724509480528e-02 1.850424173258105598e-01 7.647994530373886102e-02 2.160402160433324281e-01 1.712929023440609433e-01 -3.790853389374106847e-02 -1.813540113941034815e-01 -5.737914468287069747e-02 -2.563275215646019789e-01 2.459126858510073677e-01 -6.214062290213001605e-02 1.065308786193166352e-01 2.297096114718594206e-01 -1.674424674049681538e-01 -5.100317195698876593e-02 -7.329854903320272286e-02 -4.343198620924539066e-02 -5.181364355316837866e-02 3.878000807268497385e-02 -2.611475519416370239e-01 -1.155719983337995249e-01 1.489055804470180988e-01 -7.110574200702772518e-02 -2.665970433529439854e-01 1.242541265074179613e-01 2.212565564331183121e-01 1.322068967162030872e-01 -2.333118047206241830e-01 2.055430816279137929e-01 1.617927459694757930e-01 -9.057893017822901682e-02 2.237362712497104056e-01 -9.138891041238889068e-02 1.451749198805550589e-01 -1.421216605127647026e-01 2.217722839582698946e-01 7.136495766963001086e-02 3.761122569871957338e-02 7.697101033211095622e-02 -5.162478939731937090e-03 -8.084384754622686575e-02 3.407536343621326846e-01 -3.070353484208521166e-01 2.454611503014696161e-01 2.365845392000255898e-01 -5.354226996881292916e-02 -7.178495651404040445e-02 -1.308141557518802955e-01 -6.380119312055176906e-02 -2.062827540001141782e-02 5.149241372659559696e-02 1.590433935643399965e-01 2.264109962679048127e-01 -1.189079079229917041e-01 1.915795353897612185e-01 2.408979281114307647e-01 -2.237106156327366424e-01 2.319390178171835959e-03 -8.069504931756590893e-02 2.130088738161141360e-01 -8.624413033053619781e-02 3.398904884719570751e-01 2.137518762941731099e-01 -1.191154961139430091e-01 -7.192111283292834667e-02 -1.962757739075735586e-01 -8.936786515828054611e-02 1.484448803884039214e-01 -8.878550326646909852e-02 -1.063749578836301890e-01 5.087240679583743957e-02 8.444905346159409243e-02 2.887162882534287725e-02 -8.631182838671948299e-02 -4.991254138682074681e-02 8.623334260761618755e-03 1.476605532553564026e-01 -1.577789008902923118e-01 6.013795535578150830e-02 1.073155275790752955e-01 -6.108924681601102247e-02 1.356467238292419497e-01 8.766029077573307682e-02 -1.299479297872242478e-01 7.203580215007825138e-02 2.627540167455749004e-02 -9.050974526576801085e-03 1.552409022307891726e-02 3.862221466845087992e-02 4.609874645667456222e-02 -1.312186126282815779e-01 1.181354271272219425e-01 -6.061594189044435671e-02 1.428796427328122565e-01 4.410750225898892735e-02 2.245199505163411047e-01 2.140032433714853799e-01 1.755723831364597032e-01 -1.123172426152526382e-01 1.157392588950636458e-01 4.043828079462875175e-02 -2.654741410137273494e-01 7.216324193762176098e-02 -3.471840078490925213e-02 1.923288031962888112e-01 -1.586999747216184461e-02 -1.078296724555387331e-02 -1.480035218862143509e-01
1.004610602440494521e-01 2.258140914806769928e-01 3.509814590464638284e-01 -7.719638389060700344e-03 1.028263442871800298e-01 1.878512015248167411e-01 1.177927271331894940e-02 -1.687636919001610780e-01 -1.570363177550028900e-03 1.287044412148503902e-01 -1.864671536921402306e-01 3.126777562528466892e-02 1.825333372022038825e-01 2.860376479386014248e-01 5.117968254869811884e-02 -2.305149494135034019e-02 -1.272615659562766344e-01 -2.054461456737248504e-02 -4.534830841450478850e-02 2.518834092813176939e-01 4.554181959491141081e-03 9.611263072864620338e-02 2.172580010053232757e-01 1.409805088254706129e-01 1.552046879875108309e-01 -2.001378966002519411e-01 -1.048953159201267832e-01 -2.849094704595097061e-01 -4.066782057339028977e-01 3.913212677069142359e-02 -5.607382078211957908e-03 1.425543503908945353e-01 2.214144039709404210e-01 -2.921763871971164717e-01 -6.046772833173095357e-02 -3.800653088719798539e-02 6.849470986970183917e-02 -1.883808841328302730e-01 2.822993403141374480e-01 -4.043725910269613255e-01 -1.147272360683186145e-02 6.559253327862515914e-02 -7.835377991664214947e-02 -4.243771289465866903e-01 6.777920726808016327e-02 3.646047667607540399e-01 1.849628727487226121e-01 -2.204387199329392588e-01 1.944666945372519329e-01 1.414252954509679638e-01 -1.321104883212643466e-01 3.827172325645845641e-01 -5.383089774066288774e-02 4.245619110643648192e-02 -3.089673196570827951e-01 1.653012735472699779e-01 3.026737525001506682e-02 1.315569746890707659e-01 5.731357733815318350e-02 -2.629391519015797374e-01 3.038636686551501181e-02 1.669339661064205005e-01 -2.113248708680522114e-01 3.879731538490806542e-01 1.981948937880536332e-01 -1.028625373160693829e-01 -1.359337487991283677e-01 8.133475202824315409e-02 -1.072767315145117112e-01 -5.022739869114845219e-03 -2.232492137458544010e-02 1.185736717053999800e-01 2.061706886870855529e-02 8.087782496887374606e-02 1.979915851851201947e-01 2.130720358092451638e-01 -3.768558132106606950e-01 -2.823175941537102440e-02 -1.254498562741595824e-01 2.017536985627075286e-01 -1.213573844577720551e-01 2.034243589139248798e-01 9.549685140326205635e-02 -2.967774208380933310e-01 -3.999967596903465563e-04 -1.824715400350837291e-01 -1.427387305930524243e-02 1.731111764882677928e-01 -2.733025494877530659e-01 -2.529203843010085617e-03 2.072241538172853448e-01 1.939387380170883302e-01 -1.679374224396010598e-02 8.046611488525745592e-02 -9.650045711256509395e-02 -1.347908387607653965e-03 1.935999595581051613e-01 -1.429780949282986047e-01 -7.744554466234600254e-02 2.040941118188510373e-01 -8.157503725965348229e-02 1.074791446758628921e-01 8.353390343713194832e-02 -1.143483427478456521e-01 4.034064460102191468e-02 1.486069628056398834e-02 3.658548885020442704e-02 1.214404128178779851e-01 -3.629854275276870462e-02 2.652073165045132006e-02 9.965879781990698294e-02 -7.894662610477909404e-02 -1.871691294924396620e-01 7.002683757367067496e-02 -8.773562860948419528e-02 3.672558729113502007e-01 2.203524449239348260e-01 2.186603545415377325e-01 -2.347044516388055724e-01 2.908210309449448319e-02 1.438032919687586876e-02 -2.414344532584316305e-01 1.723265949532521227e-02 -3.556483874335760083e-03 1.990704155003291675e-01 -2.732727462226747228e-01 -8.722498652833018951e-02 -1.162848294705831620e-01
1.081467104135612756e-01 -7.982664981385764746e-02 -7.719638389060700344e-03 3.482583144859591751e-01 -1.193743407882045734e-02 -1.483667038664522042e-01 -6.738682086490956069e-02 9.184672521757014652e-02 -4.125516687083927159e-02 -2.367817190296290508e-01 4.212213850794582597e-03 -4.682622657847235886e-02 -1.520043554939758401e-01 2.996581278046813179e-01 -1.216826709593938904e-01 -1.508866708612533469e-01 -3.659498278767255308e-01 -3.680773269297987066e-02 -2.504969826095932994e-01 -1.667264634422277181e-01 2.019534428526682246e-01 -8.149310697295655825e-02 2.659067980455669458e-02 -1.673279988907572513e-01 -4.024082462876236305e-02 -2.718058797229525592e-01 1.203213764360971522e-01 -1.453126351311763154e-01 -1.182077459617086324e-01 -2.400206031520057959e-01 1.240001017116521831e-01 -4.996682528290270764e-02 -1.762468681874748977e-01 -2.030625871008282304e-02 -4.043346659089382816e-02 -4.225946908738961207e-03 -6.897001514613884665e-02 -1.689566034003926187e-01 2.404112388163677227e-01 -1.062173424101890556e-01 6.890171057485408590e-02 -1.335338861463500060e-01 -1.360124445323451260e-02 -1.232476750541495053e-01 -2.613848385801147423e-01 1.144134202968216246e-01 -7.651587898712891578e-02 1.521002088762291593e-01 -1.647624277005055593e-01 1.246626351239857045e-01 5.876485875226877126e-02 1.206416380114437720e-01 1.369172898837516528e-01 -3.554493773184868033e-01 -6.104917198707840442e-02 1.557909191215331168e-01 1.402147497399471587e-01 2.417759550573630734e-01 2.277967482785400385e-02 -2.714157379499324563e-01 -5.409540495327083004e-02 -2.580182568947371191e-01 6.619913047087665203e-02 1.013455260132101743e-01 -2.993639260721853157e-01 5.293300862831786663e-02 5.513358189229002060e-02 1.765455759730777674e-01 -2.389376900124007275e-02 -1.737969765829800173e-01 1.538544542902084700e-01 -2.192820021961096044e-01 -2.166964359003635265e-01 1.610308120708318913e-01 -1.529807193484168382e-01 -1.824158468618553852e-01 -4.370951503501424584e-02 -2.976592169118323986e-02 6.873916340375955600e-03 -1.595992352184061325e-01 8.152176561090865303e-02 -9.231232518674557797e-02 -4.902991568232460424e-04 -1.827776450294166799e-01 -8.485206814503509776e-02 1.529078389464774979e-01 -1.507755442695896397e-01 2.474547235280030733e-02 -2.121879722192014373e-01 3.553389907971387651e-01 1.511276639235385466e-01 5.200108175042294362e-02 -3.018874590513662137e-01 2.188155038001545483e-01 5.025014916963032457e-02 1.014359235492481859e-01 -8.501211800933707041e-02 6.554552695934959261e-02 1.621580319682390178e-02 1.246686383128516040e-01 -6.195501613837347404e-02 -2.064644546728507668e-01 -1.252153080189012946e-01 -4.776748315854701527e-02 7.689156151601426667e-04 7.794489076406102557e-02 1.703513348045142262e-01 1.414236977951554564e-01 1.619322316846147081e-01 7.590036446208393850e-02 2.738234606426949158e-01 -9.878836760977616205e-02 -1.433093038693701027e-01 -2.321971737990503604e-01 4.105024061604631291e-02 1.194866857493314116e-01 -1.457856325790071184e-01 -7.798447305995916123e-02 -1.664735583783032158e-01 -3.491021373190539290e-01 -1.642723072622795655e-01 6.685284255868831349e-02 -3.510054218180818086e-01 -3.417095619476289564e-02 -1.267773189066201400e-01 -2.631830262422471534e-01 -1.259995202216456778e-01 1.761875874176587198e-01
5.955737599086083356e-02 2.289008180590272334e-01 1.028263442871800298e-01 -1.193743407882045734e-02 8.150789383359599016e-01 -3.405422522738522084e-01 8.617231949814163627e-02 -1.783801459415217672e-01 -3.051208001098871803e-01 3.773848327369160316e-01 1.666279883890902369e-01 -3.655505986318624001e-01 -3.310870071254947700e-01 5.002930638989337014e-02 1.221485035959145489e-02 6.221064448618837117e-01 1.227519729456707925e-01 -3.849843632405408056e-01 2.572390389322510851e-01 -2.639224465423556931e-01 8.595269784825341000e-03 2.449000379701022634e-01 -1.661152740183916010e-01 2.427296870773057724e-01 1.085653321932509158e-01 1.865675025318721814e-01 -2.092479027947269921e-01 2.574204366922998033e-01 -2.457395029180388657e-01 3.769987253017970663e-01 -1.860862896967616087e-01 -3.641271385317163684e-02 -2.844629842587519941e-01 -4.609193694601210894e-02 -1.305919005425853208e-01 -5.509379942466442470e-01 1.246240866151964444e-01 3.251885497487609911e-01 -6.293038351287062737e-02 -2.497026435297168279e-01 -8.775924934961987223e-02 1.829101373126395536e-01 -1.708256080522986275e-01 -2.574785987094868611e-01 -1.599754015950847486e-01 2.707584522510803060e-01 -1.202727077049269566e-01 -1.641701947642290327e-01 -2.873315179129712349e-01 -1.019073610109570982e-01 3.599291366224528499e-01 2.857869540166508848e-01 -1.089711852271134096e-01 2.015072468381217674e-01 -8.238488338371673103e-02 2.873657381870559635e-01 1.193392709295645476e-01 -1.611864667012588292e-01 5.058150857702414793e-01 8.739080081906390463e-02 -2.950407516143613851e-01 2.943727370137150801e-01 -1.918431130609982715e-01 2.955889288837464934e-01 -9.515621898172632598e-02 2.020198103128509892e-01 1.770544706752875952e-01 -4.218072931180888441e-01 -5.155585587671435849e-02 2.795168968948991139e-02 -1.034943007732676452e-02 3.690176471584198370e-01 6.703305580840227540e-01 -3.830340432180407984e-01 -3.207089287067092509e-01 -2.372618109002988529e-01 -3.874106600517761290e-02 1.284506055684384862e-01 -4.765395296904027800e-02 -3.152320266073595501e-01 1.246854404607142253e-01 1.850125725512086206e-01 7.387049098947244818e-01 1.164385226305977156e-01 -1.530218603650929654e-01 6.972127653852319695e-02 -2.356332481685744981e-02 2.415172796639866379e-02 1.746752845730314696e-01 -2.275320009409872307e-02 2.151854993667018656e-01 -1.556807192006932905e-01 -3.614356204186672944e-02 -2.258297465634107604e-01 1.156338532192919127e-01 4.967278908235648882e-01 -1.451357880973981607e-01 -2.055613082538662942e-03 -1.535754663299658818e-01 -1.880839662198157541e-02 -1.992558188312816558e-01 3.146596186897502867e-01 5.553789237882934132e-02 -1.192923181589199272e-01 5.254936525597898589e-01 4.911770300547464996e-01 1.908476120484639826e-01 -5.081351619543013343e-02 1.246680949590595611e-01 5.497407165337754309e-01 -1.636314998180009306e-01 -4.227073112210371448e-04 -1.968610833996623788e-01 -1.299489898313850034e-01 -1.662594763181806101e-01 2.871256840707595570e-01 -2.628750101131341332e-01 -4.772370718673701884e-03 2.342802118262728162e-01 1.683653770464669797e-01 5.293609162774033650e-02 -2.563836319933321950e-01 7.339997107506514296e-02 -4.920828184149591555e-01 -3.773324132332221414e-01 7.340254007742275100e-02 -1.539748241627383052e-01 -3.893117477190370934e-01
1.667787712592115335e-01 1.953790496375562014e-01 1.878512015248167411e-01 -1.483667038664522042e-01 -3.405422522738522084e-01 6.320485046577190014e-01 1.456724559437390654e-01 -2.229929702377370926e-01 3.518906081811856157e-01 2.494557474920621170e-03 -3.468164715876684290e-01 1.490216945003621507e-01 6.382513576037068814e-01 1.419429285933485330e-01 -1.562622387319848385e-02 -1.956872714709295691e-01 6.559607180677466676e-02 3.647063974234089345e-01 -1.738401771948835245e-02 6.753907964266576691e-01 -2.601252557873129923e-01 -8.069465554373125848e-02 4.347964616529721993e-01 3.077627034489855418e-01 6.153849312469848037e-02 -4.763315434407913024e-02 4.013500389061842866e-02 -3.625313683884759941e-01 -1.827008980524604254e-01 1.583462303679218364e-01 -1.346249420459434687e-02 1.145100363199829385e-01 6.472215660772310253e-01 -1.420136638921526973e-01 -7.709974053555013196e-02 3.086147079405572868e-01 -1.487853016204211676e-01 -2.073207395007669041e-01 1.996635287734785102e-01 -1.694576954686222159e-01 -3.947883610186721237e-02 -8.623338385862840128e-02 -6.772117075353092930e-02 -1.813065026414761582e-01 3.079365785079578588e-01 1.058400626849980153e-01 2.610882229652159436e-01 -3.561791109706504699e-01 6.198721222876939496e-01 3.735377391097361444e-01 -3.918338747911193076e-01 9.789022345540619729e-02 6.335463299138152649e-02 1.905927619248747040e-01 -1.989275104572756636e-01 1.012494455894331069e-01 -1.069100621117638761e-01 2.254949606646684257e-01 -2.863572160715443515e-01 -1.564809308556155687e-01 1.017007266354078843e-01 4.100772301906493444e-01 -2.404272004841676580e-01 1.058123897195098473e-01 4.195091123874867822e-01 -1.522686772744723527e-01 -1.688527177255100820e-01 2.434681869422970213e-01 -2.610832063175874337e-02 6.372128288419168229e-02 2.201298028748684132e-02 -1.999420826194114875e-02 -1.271941715437061859e-01 2.298815786341426026e-01 6.272255426230942676e-01 6.492389861044645105e-01 -2.497637264898458775e-01 -6.790948488313941489e-02 -4.218620847731765350e-02 6.476026057830128746e-01 -1.632199955343419662e-01 3.102268953394413664e-01 -2.952735004788607509e-01 -2.620972350140252649e-01 1.257909115276758250e-01 -5.453733475616993065e-01 -6.231870129291629257e-02 3.313396850303386709e-01 -2.727446067117009765e-01 -1.797080231826206631e-01 -1.321129695123715586e-01 3.115789742373759399e-02 1.242359123951661259e-01 3.487379808569596173e-02 -9.546505589005314929e-02 -4.798876723929978438e-01 2.839633801416150405e-01 -1.438563403859328960e-01 1.762584142762733952e-01 2.124635431263239074e-02 -2.483634018761858922e-02 -2.405003919021695899e-02 -1.285386818706187734e-02 -2.880317475770589608e-01 -3.165659699036915131e-01 -4.390535684280140183e-01 -2.325356341683623707e-01 -6.829145553743740105e-02 -6.117365440163028897e-03 -4.571881809805605212e-01 4.353012592212075760e-02 1.637960910547400506e-01 8.735042790673021307e-02 2.846507487066485820e-01 1.732594051822876069e-01 1.038744214956861256e-01 6.152282557264042717e-01 1.964366352834912288e-01 -2.229418601112024279e-01 1.578286893631619392e-01 -6.720721957710344696e-02 -2.791787224447240812e-01 9.061097795162185997e-02 3.316357460398153822e-01 6.546323080455006549e-01 -1.637824265483066866e-01 3.607535216507063991e-01 4.334789371534587821e-02
1.928772094177699792e-02 1.703777949871515818e-01 1.177927271331894940e-02 -6.738682086490956069e-02 8.617231949814163627e-02 1.456724559437390654e-01 2.384885504440095727e-01 -2.245102454081527588e-01 6.950937514116097005e-02 5.029016235958894826e-02 6.369574499862239170e-02 -1.348792381936329554e-01 1.443692283488404171e-01 -1.313749581869719518e-01 -2.146150484531482439e-02 1.317337418913117897e-01 1.448857818705715506e-01 1.796137461294866622e-02 1.900198551748055187e-01 1.629040100561384152e-01 -4.222482622709771566e-02 5.314499524153869225e-02 -3.593578971019937424e-02 1.647840234646441027e-01 1.384670581255252608e-01 1.566153826853117770e-01 -4.346398795630398298e-02 1.356216265647092745e-01 3.305775166551365440e-02 2.299994015545919201e-01 -1.328504617708739788e-01 8.930902263186456247e-02 1.625377290213924630e-01 -2.829658472190155552e-03 3.749194727357640922e-02 2.141991167160127441e-02 -1.690065768386992962e-01 9.568315983019774762e-02 -1.682119425330901308e-01 2.394474731300649112e-02 -1.959456635810407632e-01 3.865530375560245757e-02 3.058136034592599806e-02 3.500604244098158568e-02 2.004392596959894968e-01 -4.235816915345615163e-02 8.307271772053696768e-03 -1.328534123002012013e-01 1.490067872828045592e-01 1.337219100224235069e-01 -2.019417145220293863e-02 -5.427034755573939551e-02 1.018332578514216831e-02 1.121785155620196733e-01 6.126408122643174636e-02 1.060927573139894137e-01 -6.037020451129129425e-03 -1.311655590963455298e-01 -3.192278374473472846e-02 2.025666906300624681e-01 -1.369469999515884329e-01 2.612793519090270133e-01 -2.112765280992866257e-01 -3.608411044212155028e-02 1.909672837371708676e-01 -7.079847206331561782e-02 -6.699844181465990089e-02 -1.315687360397471972e-01 -5.683971136538646524e-02 1.182174238175298479e-02 9.853944551735303869e-02 3.692053250885500570e-02 1.735468705457438032e-01 -1.212869297076552000e-01 1.337772420504011461e-01 1.840387013176982833e-01 1.025523468982427085e-02 8.055188146119661441e-02 -6.684427458718529558e-02 1.598067284090027851e-01 -1.017277793195718177e-01 2.459437772434479308e-01 7.402883089885077539e-02 8.570582321103442647e-02 -6.264023745709078328e-03 -1.488191071749947192e-01 -8.721914493061544427e-02 4.300713704369443779e-02 9.443784123585030610e-02 -1.011372397647408022e-01 -6.379856000867149823e-02 -3.881148828849981941e-02 2.419024390230299290e-02 -1.140200955634562696e-01 -7.150034702285763821e-02 -1.174581445523536494e-01 3.548257077667597847e-02 -7.783282552733336579e-02 1.867353870231399093e-01 -4.891585828128431485e-02 4.796788216397989552e-02 1.655557979910239966e-02 -2.460526576771259258e-02 -1.210516708835060046e-01 -2.282878535793588654e-02 -1.019197808887140483e-01 2.244808314652218823e-03 -4.705651173755576178e-02 8.294418416893822865e-02 -9.471389486529963042e-02 -1.701509137217419587e-01 2.564214355510044951e-01 4.546259687929380539e-02 2.097527169970493099e-01 1.710340993510161833e-01 -3.986954838089652037e-02 1.425182827297677424e-01 8.671235220011488942e-02 7.555791250444311713e-02 8.421674572323534225e-02 -7.174775358124330961e-03 -1.087361925477980107e-01 5.373216903802605082e-02 4.187732650424066949e-02 1.264854172604515381e-01 1.940775248873413683e-01 1.446244869422621537e-01 -3.130934362688628930e-02
-1.131850790678955998e-01 -2.887029595208731036e-01 -1.687636919001610780e-01 9.184672521757014652e-02 -1.783801459415217672e-01 -2.229929702377370926e-01 -2.245102454081527588e-01 3.312062863722023409e-01 -1.279186176002906038e-02 -1.405559210345898036e-01 9.278333402887768699e-02 8.614607420603555277e-02 -2.164126812507977948e-01 -2.883221585197557127e-02 -4.209302632838363145e-02 -1.804362057515499218e-01 -5.509042344784956247e-02 3.635710729905693162e-02 -1.930906931996148879e-01 -2.728301830535030947e-01 5.856385917169980998e-02 -1.134061137026113886e-01 -1.192123120637636896e-01 -2.754669435236210551e-01 -1.268923745123722580e-01 -3.851261391699358633e-02 1.039803478788177554e-01 2.365028819162344476e-02 2.331663182893920772e-01 -2.745686898835770218e-01 1.101710734350814791e-01 -8.500867045106522135e-02 -2.524304566186364451e-01 1.114436999172772474e-01 2.676899312200851488e-03 6.766670060462647018e-02 7.225132059961662800e-02 -2.081048856312752923e-02 -1.699182982918336776e-02 2.440569649424303988e-01 1.626234084071811747e-01 -8.367713532580818570e-02 2.133366882274094489e-02 2.434767583404250924e-01 -1.613887756565603737e-01 -1.934793094805010993e-01 -1.470174960237988493e-01 2.877435552824788023e-01 -2.289313280623199165e-01 -2.205464246832118391e-01 7.585527460595206661e-02 -1.911305230007716294e-01 2.011199437004487778e-02 -1.693430098268797201e-01 1.545999100014691929e-01 -2.280422481895984510e-01 7.170247815153235962e-03 1.768624093879366671e-02 -7.370544757415589676e-02 -2.273256987671654766e-02 8.367917538290198243e-02 -3.716804856963621395e-01 3.442511425476671438e-01 -2.163268502031026053e-01 -2.729928349038224789e-01 5.806478519234845731e-02 7.371134793221774395e-02 1.367277045738135022e-01 7.922765652866929631e-02 -2.627238936130633917e-02 -4.489212520199838824e-02 -1.278320439437744260e-01 -2.324903995495191389e-01 1.280429603768858948e-01 -2.137733383018368682e-01 -2.686658655677388041e-01 1.690928344722231746e-01 -6.760183451790821585e-02 9.607560595122184577e-02 -2.413304091566880194e-01 9.071171582306840342e-02 -3.707533131864082510e-01 -1.697241247720473467e-01 4.470105759107028537e-02 -7.160574868344306461e-03 2.293036135863974478e-01 7.326577004812351301e-02 -1.607417510306480279e-01 8.920491122064066331e-03 1.228221839171806662e-01 -1.802580118660280367e-02 -2.537308377966063580e-02 -4.281294208930859491e-02 1.072440375023929887e-01 4.733591894968378067e-02 3.087449733119135981e-02 -1.653784588260569788e-01 2.003836385953940147e-01 -9.328426416313134739e-02 -7.139708531692931515e-02 9.546293940597925035e-03 -1.057884095334570701e-01 -5.401219549708360240e-02 1.874542553641090625e-01 -7.091653038078664373e-02 5.901569402465318623e-03 -7.102411475809045256e-03 1.253526677923500268e-02 -4.432922725795897245e-02 -1.199910366921422451e-02 1.442322685412269767e-01 -1.731951846985641807e-01 3.371311023916275657e-02 -1.643981524142503481e-01 -7.877146075571707373e-02 -1.970849447454184056e-01 -2.299352875788408523e-01 -1.596833576686366440e-01 3.083047943997917553e-02 -1.317984369501542519e-01 -5.062925014665408882e-03 2.579549728658139252e-01 -7.441177704579103602e-02 2.783208349044890076e-02 -2.217105313803106326e-01 -1.170739265921284106e-02 -5.724021111558620645e-02 1.080207607094981065e-01
1.050315853937295457e-01 -1.353005437800877328e-02 -1.570363177550028900e-03 -4.125516687083927159e-02 -3.051208001098871803e-01 3.518906081811856157e-01 6.950937514116097005e-02 -1.279186176002906038e-02 3.534794849149979767e-01 -1.090944216281646839e-01 -1.513759048613348701e-01 7.199834120811031413e-02 3.738580976182837579e-01 7.421920730503184238e-02 -1.561976548486656013e-01 -1.655066683370686464e-01 1.004903345776518298e-01 3.489576696326581184e-01 -7.285053792490130131e-02 3.664389042614659697e-01 -2.007601948290769212e-01 -1.607130865681617171e-01 2.436946350167717712e-01 1.337319068249473997e-01 8.607161909032851055e-03 4.533213925147649981e-02 1.209464599581575039e-01 -1.543319136162272509e-01 6.149067376418607123e-02 6.636243229763290341e-02 -5.399807824896499242e-02 2.353081735515387407e-02 3.581744625203676646e-01 -1.214940959986716106e-02 -5.695627713227188055e-02 3.125959999682059176e-01 -1.788799359276146972e-01 -9.314920704246394678e-02 5.038405407935876712e-02 8.663339923729604375e-02 -4.147438270974854353e-03 -1.590964359399860417e-01 -3.561895612145659501e-02 7.927890853958623196e-02 1.840962949847840258e-01 -9.105148982015873194e-02 6.419862461857094027e-02 -1.173802350942439732e-01 3.544267679179867736e-01 1.797652012576700375e-01 -2.474908932011117835e-01 -1.026981784616117915e-01 1.126891291480443535e-01 6.834453363575537788e-02 3.610599282641886731e-02 -2.534683329886260050e-02 -7.347609307092592412e-02 1.387249332734889762e-01 -3.235387957831994954e-01 -2.844343984885806115e-02 3.776820702218421782e-02 2.016603004772931640e-01 -7.851450767557607152e-03 -1.134146179798492110e-01 1.429402695957485703e-01 -2.559425462037852317e-02 -2.504309110659705406e-02 2.118217996836034567e-01 4.013659688517801083e-02 3.956343734735309758e-02 4.488121057525346069e-02 -1.335593698833154597e-01 -1.200583737399439216e-01 2.057591815318620676e-01 3.611918545496927702e-01 3.724459038079481754e-01 -2.718490685988175781e-02 -3.349052559113130378e-02 4.945402510165512744e-02 3.627977491488166839e-01 -4.440169764398900487e-02 6.884019336639125852e-02 -2.851177378412669272e-01 -1.351456061914547979e-01 7.256669053031397643e-02 -3.367985756115927654e-01 -5.086288343870783851e-02 2.191202991097796482e-01 -1.780352590732293683e-01 -5.870459794602634479e-02 -1.157985214023678905e-01 -8.729208656745651718e-02 3.478492286948133699e-02 5.477239427736758925e-02 -1.012245165168960265e-02 -4.028963545105274657e-01 7.839741070457674488e-02 4.513270847674558800e-02 1.687373530762281415e-01 -1.047316943307285142e-01 -8.423828326141488340e-03 -1.397826268083798285e-01 -1.569099209405707129e-01 -1.907268929775814970e-01 -3.403817432685819488e-01 -3.866545935703080694e-01 -1.718876686269409093e-01 -8.255826791650160146e-02 4.273972890336886349e-02 -4.057366349937252537e-01 8.589255453295023546e-02 1.404450978995657184e-01 7.861846369592413730e-02 1.870006194883740147e-01 1.732573653951924031e-01 -8.837402174184158521e-02 3.516419055101187574e-01 1.636353080499701636e-03 -8.278449852049822588e-02 5.682936674343321698e-02 -1.305621371765574024e-01 -5.321525234190833953e-02 1.095546707345310296e-02 3.159566658398082484e-01 3.483041142585761030e-01 -3.625128120760351402e-02 3.672027034884253194e-01 1.127503406332095032e-01
-4.322028486228216004e-02 1.715713708264937909e-01 1.287044412148503902e-01 -2.367817190296290508e-01 3.773848327369160316e-01 2.494557474920621170e-03 5.029016235958894826e-02 -1.405559210345898036e-01 -1.090944216281646839e-01 3.977034368159393929e-01 -5.947610081239598258e-03 -1.430565859772096604e-01 8.299199406192701162e-03 -1.168667520285627398e-01 1.119629737656169938e-01 3.368785219328585545e-01 3.102668600648415542e-01 -9.758048338498026553e-02 2.002241984395679297e-01 6.707369514987367165e-02 -1.585081035698735763e-01 1.414023814984199656e-01 -5.860774373685169632e-03 2.874823066544018868e-01 1.066855985712676091e-01 2.576848725260225681e-01 -1.489308009428445823e-01 8.348700384965407340e-02 -1.284383696819050291e-01 3.233674622636036333e-01 -1.514425151950068438e-01 7.741663136971223269e-02 5.205404896876061893e-02 -6.993298245300702543e-02 -9.513497201297808903e-02 -2.973182185563518765e-01 1.393377882183354233e-01 2.476546884762478584e-01 -6.649461657820730787e-02 -1.377005792216939306e-01 -6.469557054366177617e-02 1.401617842798167646e-01 -1.342100081990246219e-01 -1.391393284965517785e-01 1.199039018084817609e-01 1.331382857942176035e-01 -3.313559990685377259e-03 -2.616283133095336777e-01 3.472388752537052675e-02 -7.733639757405115500e-02 1.450415301212363006e-01 1.441128638530516648e-01 -1.251480511879711210e-01 3.608386957149486984e-01 -1.142132503003145116e-01 6.183192438550879494e-02 -6.397984452737891237e-02 -2.057957710503182103e-01 2.721675464111103504e-01 1.045541599433644775e-01 -1.116483473533874948e-01 3.323394629474988871e-01 -1.440449164605096255e-01 1.566236001654520704e-01 2.090750691321750787e-01 -1.005919531706210741e-02 -3.460527498808628477e-02 -2.074987756357521973e-01 -6.406559121818378166e-02 1.551686506073368943e-01 -1.219097843768033873e-01 3.860842831517146689e-01 4.132897751353987736e-01 -1.851579586329598071e-01 1.714792542147901971e-02 7.658901015958510805e-02 -8.534329101956958374e-02 6.367105250590945897e-02 -9.208576068680918159e-02 2.545573038405002028e-02 -6.540041199290415330e-02 1.477199642872758789e-01 3.444768043276713043e-01 1.006887460366342468e-01 3.142976233439787048e-02 -1.646571554860175590e-01 1.037409471185746362e-01 1.432698827460949023e-02 1.525963604491686609e-01 -2.427255916526409596e-01 4.257472634777757087e-02 -9.634554522736261950e-02 1.892698640447394165e-01 -2.157963597772454833e-01 -4.708894629634086115e-02 1.254004923316152931e-01 -1.278296720460853075e-02 -2.977461154252713724e-02 -1.199221356514463127e-01 -8.509649113205758342e-02 -1.144695196264499115e-01 3.490479653595451315e-01 1.389837746017927866e-01 -9.782659092680755231e-02 2.883643402883477314e-01 1.473594752024754151e-01 -1.619794619344768968e-02 -1.190344220766337835e-01 -4.007770576758876852e-02 1.742918781974040765e-01 -1.656793750137333376e-01 1.925503196884311569e-02 -2.827971678565872893e-02 9.189834012681569186e-02 -1.427797288878567827e-01 1.371792367188687245e-01 4.226316915246020045e-02 1.356756248022204236e-01 2.021678793379273753e-01 3.320504403641766911e-01 1.439877081519545798e-01 -2.717953821551081783e-01 2.732498232589554155e-01 -2.437582996785895295e-01 -2.024231881427603075e-02 9.516914493839000178e-02 4.991485633411613804e-02 -3.578780354600721858e-01
-2.588151552362300545e-01 -4.938366293722402933e-02 -1.864671536921402306e-01 4.212213850794582597e-03 1.666279883890902369e-01 -3.468164715876684290e-01 6.369574499862239170e-02 9.278333402887768699e-02 -1.513759048613348701e-01 -5.947610081239598258e-03 5.086640796725767633e-01 -2.044796188384826463e-01 -3.576348562960074418e-01 -4.140264543381771967e-01 3.180230246077136308e-02 1.443209725696875390e-01 1.353257560923283032e-01 -2.483053585065240765e-01 2.395700190949785202e-01 -4.036550369192175025e-01 1.603021616151738549e-01 1.482582420216141394e-01 -5.790674888230344930e-01 -3.044088620088655217e-01 1.294623462454732032e-01 2.110058110371710316e-01 -1.279562303571983861e-01 4.870564186602489576e-01 4.709509297925162929e-01 2.339717510513601717e-02 -5.830912205404287230e-02 4.286386912022257384e-02 -3.564035363203604811e-01 1.221891461077132396e-01 1.349424764898982387e-01 -4.429744038776830400e-02 -1.040557877823665017e-01 1.796167786383423004e-01 -5.339009304564334979e-01 4.507835885889936445e-01 -1.298217517042612734e-01 1.796527287259920835e-01 1.263997104330503440e-01 4.835893524117226283e-01 3.366880313776467876e-02 -3.964480378289741425e-01 -2.969846228211824868e-01 3.890023385320151017e-01 -3.428589486312065282e-01 -3.240705690185630150e-01 2.107638244353174928e-01 -4.078335621599335492e-01 -1.306448156569638974e-01 -7.858368332604170892e-02 4.635522118121954693e-01 -1.974129091746196218e-01 1.371495125756079236e-01 -3.601462979892616767e-01 1.351472728226741846e-02 5.179936714691777411e-01 -1.865296379283978012e-01 -2.120572823210449265e-01 1.472902884665311385e-01 -3.962403286529742052e-01 -1.443040848551707944e-01 -2.199439365163913251e-02 1.452014878434814381e-02 -2.880351345263383323e-01 5.771302395113100253e-02 -1.213742656849116364e-01 1.095895390453885121e-01 1.121460576835997926e-03 1.268135822230309906e-01 -2.659101195441758159e-01 -3.597937347063753233e-01 -3.539996282644408687e-01 2.829253349710608156e-01 4.683082207109810768e-02 4.789002034987254602e-02 -3.535649817854746857e-01 -2.290102602707974264e-02 -1.462209208650954717e-01 1.256005883951666069e-01 3.269832392453789760e-01 -1.863099015336080466e-01 3.680220412523646512e-01 -5.435556881217325914e-02 -3.680032948868592890e-01 3.176054047549833892e-01 -3.577843126551651359e-03 -1.123485102821153298e-01 2.109909037791571351e-02 -2.877972882637074362e-02 -1.678322649540878730e-01 -5.722366891658328680e-02 1.504995105361416896e-01 -2.636531675166283173e-01 1.344937510722381269e-01 1.283463508570769351e-01 -1.434582668568350761e-01 1.337928210282338104e-01 -5.420419353193889171e-03 1.702558870592491697e-02 3.052570746944109348e-01 5.955168909588452048e-02 1.221687124038689370e-01 9.389647169350374967e-02 -3.725553823417714072e-02 4.612212104150775760e-02 1.245399533180813617e-01 -2.987351929803040984e-01 1.608759426161247286e-01 1.293830649285375167e-01 6.563425850599112488e-02 1.072848963804671624e-01 -3.988042542116718159e-01 -3.558117626112170528e-01 -7.934395405294368542e-02 2.041464231697788789e-01 -5.738916988326156488e-02 1.313032504242596099e-01 2.748806608977433785e-01 2.943615317231067924e-02 -7.021782954594912862e-02 -3.929084082681459922e-01 5.236580222099754822e-01 -1.495622003656716936e-01 2.341055382490156932e-04
1.840892440260986918e-02 -9.023329072454910893e-02 3.126777562528466892e-02 -4.682622657847235886e-02 -3.655505986318624001e-01 1.490216945003621507e-01 -1.348792381936329554e-01 8.614607420603555277e-02 7.199834120811031413e-02 -1.430565859772096604e-01 -2.044796188384826463e-01 3.186180849501680235e-01 1.438380105632587058e-01 9.719433711983850588e-02 6.167699741460606899e-02 -2.786383948142552858e-01 -1.548362439709488614e-01 1.062820196160125935e-01 -1.251496672412459599e-01 1.254135110121574470e-01 -3.650990491434560805e-03 -6.745947366488586061e-02 1.841062447501794208e-01 -1.146020238560220561e-01 -1.383338270305315421e-01 -2.264810868579592296e-01 3.425773803132039358e-02 -2.138159183374687689e-01 -5.698527620167623264e-02 -2.289294202982043447e-01 1.406737188275868078e-01 -5.452440107475751280e-02 1.285198573011760159e-01 -2.604644967121339666e-02 7.316576131098985469e-02 2.266585850544328429e-01 1.012593225877617825e-01 -2.364993679514533764e-01 1.613338943348632815e-01 -5.466928010141464123e-02 1.369931834635998436e-01 -2.778262268763221840e-02 8.261450949474673233e-02 -5.586593081210775025e-02 -1.172163218135596936e-02 3.174436466596466944e-02 2.093314207292664986e-01 3.403329304831111124e-02 1.306096603937106082e-01 7.754052368629645248e-04 -2.432304814011593541e-01 3.098841490031785731e-02 -1.285525424418710455e-02 -7.125981339069817344e-02 -1.018916748454483379e-01 -1.406596243822073877e-01 -7.545416097834885261e-02 1.686921980793602838e-01 -1.928201420022349344e-01 -1.813281496217403477e-01 2.952480671986065786e-01 -1.564012554503675378e-01 7.693964614655648959e-02 2.988016049543000541e-02 4.599053181984626149e-02 -2.112788439878355087e-02 -2.090537869325671816e-02 1.668962623641595810e-01 5.803017053032914763e-02 2.013817272980680806e-02 -1.155632737813409999e-01 -1.410221194313375226e-01 -3.083597071631443698e-01 1.482965044156865086e-01 1.479866433109379154e-01 9.097764114590720097e-02 -6.914754363802286252e-02 -9.645535165746865758e-02 5.697412329026838723e-02 1.341587935933534204e-01 2.413792527546812852e-02 -8.791424444266189575e-02 -3.307543473813845392e-01 -1.269724527408074011e-01 8.635413210275154350e-02 1.465513771815859199e-02 9.818961515049887123e-02 5.386031180575501925e-02 -1.370670715150263397e-01 -2.437237249599741654e-02 -3.621656933340754864e-02 1.445733230175627049e-01 7.445599258427244849e-02 1.357590708484556763e-01 3.175090832446016142e-02 -1.131030529210784452e-01 2.031233357740285794e-01 -9.588881856126638126e-02 -8.422400677686622816e-02 1.310802629316468737e-01 8.992048831795700081e-02 -1.042755744855302785e-01 5.254691814326561961e-02 1.260596185975150219e-01 -2.078291088191911717e-01 -1.113255820398359464e-01 -1.253975451557810261e-01 8.101321093396372797e-02 -1.890596096760292777e-01 -1.332256097884027823e-01 9.003463674727311961e-02 -1.563523638533733939e-01 3.224999041388077609e-02 -2.621588457744605111e-02 -7.540298432626921232e-02 2.232358123868601746e-02 1.199817922485194865e-01 -1.767383189053049752e-02 -2.066781600928602747e-01 -4.181172253257562504e-02 1.156644132333363093e-02 1.244635241208522231e-01 1.634760612902740745e-02 2.068958099762739367e-01 1.815613031812876310e-01 -1.779589550911723772e-01 -7.716861960608556448e-02 1.569353426615781588e-01
