2.773964049771760268e-02 1.464898422375094170e-02 -1.055301072520983645e-02 2.049541637642069217e-02 -1.684491200822801557e-02 -2.118270662912536545e-02 2.905496533247476851e-02 -5.868430723317499646e-03 2.268419201700236625e-03 8.956221986204427471e-03 -1.794802261462311033e-02 -1.381129541544768614e-02 1.435557632903860376e-02 -1.162322744660339476e-02 6.008219902557804075e-03 6.868916563981571598e-03 1.999068345936240096e-02 -1.090940531258734365e-03 -5.048599078349491550e-05 6.408682346102111127e-03 -3.612294266911604199e-03 -7.234635435078662011e-03 1.598792998349418681e-02 2.363753696886240763e-02 1.439299256862602676e-02 -5.095978634193669074e-03 -8.630904471125211766e-03 1.407290196808694965e-02 -1.084141748554638164e-02 -8.130037546007750845e-03 9.748951832195642750e-03 -7.433762795909263851e-03 5.270057880767064183e-03 -9.149384209291462622e-03 -8.779601136964900951e-03 4.378207537791334314e-03 -1.410400662721969164e-02 -9.217223908310628183e-03 1.558165355408445800e-02 -1.037561414537237908e-02 1.466639819488472704e-02 -1.363886085747168311e-02 8.682924178151574940e-03 -2.408731882335046499e-03 4.570250806565034039e-03 1.459566633144103801e-02 2.248064271485348056e-02 -1.204370123387866337e-02 5.785093622941470809e-03 1.901364412720063166e-02 9.022165464149250677e-03 2.505259577968855025e-02 -1.848560475729290470e-02 -2.129831395535896135e-02 5.415892412051938852e-03 -2.215767834413345794e-02 -1.365614535436232048e-02 -4.615568345977708736e-03 -1.624920513313531621e-03 -1.196267147277963599e-02 1.197993586092114919e-02 -1.900305847765552600e-02 6.607633000892675600e-03 2.379803504994615002e-02 -1.315301975796326524e-02 -3.217822605224644663e-03 -8.510828386936598877e-03 1.717721352540635751e-02 -8.320225350440390785e-03 1.259380943210245199e-02 2.097181899485486031e-04 -1.030565582997496760e-02 2.085939067987918616e-02 6.589825592319268396e-04 8.855836481500406129e-03 1.018783731042175941e-02 3.696054873176740814e-03 -1.498232342780948453e-02 1.773679700827617348e-02 7.853840744896336407e-03 -1.774799195357454687e-02 1.810159545164246458e-02 -2.694587496797283890e-03 -1.570726320849857860e-02 1.217780956401703397e-02 1.957352748526058200e-02 -7.293434030444773987e-03 5.374204188223409562e-03 1.286046012668321838e-02 4.942054239645585038e-03 1.680609092709012958e-02 4.872318442047787745e-03 2.174710414027110350e-02 6.279802642780651315e-04 2.602344706302295329e-04 -8.106893067993373517e-03 2.231754030152589136e-02 8.237546970626384926e-03 2.627726793788797213e-03 1.169039060216511480e-02 -4.642933435429167244e-04 5.076068841112681661e-03 -1.665596394184348794e-02 1.521017540372189558e-02 7.846459623387850961e-04 -5.667309529192118660e-03 -4.556856482929027251e-03 -1.083575358821227755e-03 1.592964383634548273e-02 1.457920288793096084e-02 1.034303235961683658e-02 -2.984311276674110613e-03 -2.048171603166122948e-04 2.107100460933881633e-02 -1.448916944738727793e-02 1.853762001222850411e-02 -4.842194263071719434e-04 9.884510884376303957e-03 -7.645350596383795189e-03 -3.280516139050821886e-03 1.575985062008616183e-02 -6.696808561359685573e-03 8.465902938254688329e-03 7.791260680578926054e-03 1.788811888467102193e-02 5.611165927553225406e-04 1.096000409239199919e-02 -4.508438091692152164e-03
1.464898422375094170e-02 3.334141260945897717e-02 -1.519104806532219076e-02 3.239152739708106576e-02 -7.470448287489468188e-03 -1.458184169382029452e-02 2.551254679786703339e-02 -1.913197187870051622e-02 -1.623457687967548579e-02 1.313589869006386197e-02 5.524907352350841771e-04 -6.945516256449740453e-03 1.103564080926566250e-03 3.416309908435850168e-03 1.818658335615768156e-03 1.861416765872193901e-02 1.390473139840418468e-02 -1.892321957187764747e-02 1.709097354082525499e-02 -1.175976723335520058e-02 1.936793854929885414e-02 9.482777947445608256e-04 1.589085413097642702e-02 1.257474881539005079e-02 6.207950500399086156e-03 -3.911513456891287099e-03 -3.859256924988424542e-03 9.774370657281093375e-03 -2.892904314285986087e-02 1.099971068755088710e-02 -7.855884580950890303e-03 -4.457498181764862552e-03 -1.690726819996990916e-03 5.025756727990035588e-03 -2.562831153040948107e-02 9.131527645146565036e-03 7.323713232345305246e-03 -1.786928998647211927e-02 9.462940969074292580e-03 -2.422572393037432728e-02 3.137352255971320031e-03 -8.381281331950984903e-03 1.330093028274952245e-02 -6.576892843010938815e-03 -1.228584433025754416e-02 2.407979909563698687e-02 9.635764515010166245e-03 -1.063796050186659875e-02 -1.009178034591108261e-02 1.236302967924166225e-02 3.697563958272157870e-03 2.206763538027783217e-02 -1.460874217324580060e-02 -1.838700050121364754e-02 -1.747395556658165941e-02 -4.916985320757727256e-03 -1.083009426736428540e-02 -1.208764292662396767e-02 8.475463210916691151e-03 -1.585610247754693598e-03 8.202810443873715177e-03 -1.836469848616833003e-02 1.399105093749218771e-02 2.218628652593802875e-02 -1.849975094290207470e-02 1.729094279405559700e-03 7.295053367719441829e-03 1.001040854862863573e-03 -1.030639994702288280e-02 4.080570856408937200e-03 -1.158437257056316692e-02 9.248716708688292654e-03 2.249681516458146638e-02 2.026173049585511569e-04 -5.666112615603546496e-03 -3.267446098293447405e-03 6.616771860051867855e-04 7.636652700398472576e-03 7.329613526414039543e-03 -8.948321857824624234e-03 -3.201708711280439046e-02 1.233816040906669451e-02 -1.074759069018065921e-04 -2.109143049319112118e-02 -8.042612885922350435e-03 3.289798690196753250e-02 5.336866009350578477e-03 1.134491576817246369e-02 2.971171865833938282e-03 1.787803428075025389e-02 1.831370126505389023e-02 2.176242738951522648e-02 1.045882364003376461e-02 3.604375197494300367e-03 3.574358125020028754e-03 1.065744575252445397e-02 3.417668780080784785e-02 -1.723569587627381619e-02 -1.516413480185474678e-02 1.153202750582750340e-02 -9.605269714089237007e-03 4.932153535126988612e-03 -1.135793096583523690e-02 5.417012213107551266e-03 5.364758054929262381e-03 1.435104097787691553e-02 1.429920261297018720e-02 1.723968570049671731e-02 3.275278943029170768e-03 1.047633183490354405e-02 4.993069533527695267e-03 -7.291906694508268078e-04 -1.369411503069495502e-02 1.403829157097552169e-02 -8.148280355301068881e-03 2.771105475260071324e-02 -1.618230934278712049e-02 2.795345913764701179e-02 -4.634958016764085566e-03 -2.159484746350555026e-02 1.504877155373835970e-02 1.444051498587526315e-02 1.022810600246587716e-02 -4.905780327520646231e-03 7.218438769695877978e-03 2.208037228667332832e-02 -1.440588935187916281e-02 3.484537164571953512e-03
-1.055301072520983645e-02 -1.519104806532219076e-02 3.543136322732073906e-02 -2.090858893204963764e-02 1.183737062196830829e-02 1.568111351312456714e-02 -1.555639492765714844e-02 2.368455537143856690e-02 -3.853628608507632738e-04 -1.819685731419675920e-02 -3.028886468872368180e-03 -3.743308114527055253e-03 -1.131630554743152071e-02 1.900530137598729907e-02 -1.388261384849183259e-02 8.640242937357342154e-03 -1.833041098546923584e-02 -2.726904642034933511e-03 -1.061810092937866658e-03 -5.562525246853455667e-03 -1.159629889008609825e-02 7.517973751213489694e-03 -8.696624092991666471e-03 4.105047291783942183e-03 -1.187411053350830199e-02 1.282658681252078769e-02 2.476161728368038439e-02 6.441117908994458373e-03 2.547374737998292851e-02 -1.493745551846248874e-02 -2.586862714662253090e-03 -9.992294522156877287e-03 8.624240715254152811e-03 -9.163274122836623584e-03 2.459156734349880399e-02 4.215220918544784930e-03 -1.697839571219175725e-02 2.057051319603539832e-02 -3.943052274687831350e-03 2.599585837409397471e-02 -1.360490494391524384e-02 1.448635387885848294e-02 -1.202742001670043838e-02 -1.470481295690205525e-02 -6.738613804242107007e-03 -1.586967146473033941e-02 -2.153729342646491102e-02 5.261856891803307935e-03 -6.486118394168890154e-03 -1.231030062592485506e-02 9.322294234978068320e-03 -1.862067144014915507e-02 1.747763570323598165e-02 7.566952062610655429e-03 1.978673867758543037e-02 -1.055287804194302015e-02 -3.203165942692920258e-03 1.244339688102823194e-02 -6.785160931496270892e-03 2.157388749769679603e-03 -8.041931452413612208e-03 4.413234419874653529e-03 2.648847675991427078e-03 -2.526690264560240567e-02 2.775734398709447156e-03 1.386111445856330789e-02 8.269142718046341295e-03 6.709850332332717611e-03 2.648204127424550608e-02 -1.284083738420323771e-02 2.445772432174199082e-02 -1.933554110612782651e-02 -3.107935580632112740e-03 -7.024314838158796960e-03 -1.433274280031648972e-04 -7.446670501737976539e-03 5.654219605510983843e-04 -3.947793894870302647e-03 3.030590372570227814e-03 -7.014652670133369496e-03 3.610729063557430868e-02 -1.284681886407794795e-03 1.252103233465722519e-02 1.619292032716399682e-02 1.232329117889093169e-02 -1.759165667195843052e-02 -2.092673237877599318e-02 2.229436266513891429e-02 -1.438520675828209618e-02 -9.898178930135058048e-03 -2.371707290815867550e-02 -2.204453070924097466e-02 -2.244253088662286413e-02 -1.240895864028327376e-02 2.216054954313960434e-02 7.903753644188517974e-03 -1.649984771437518552e-02 1.987431787887199153e-02 -3.693171146574887511e-03 -3.960308803903134223e-03 1.001812372183425066e-02 -4.027456635952283460e-03 1.228173092232396658e-02 -1.494693162189801930e-02 -9.408451674012855911e-03 5.908284294538471496e-03 -2.541275252476178810e-03 -2.098027378694051689e-02 -3.823186737375235643e-03 4.673564926716620820e-03 2.971666306863634524e-04 2.346190057970541643e-02 -6.590435989396755019e-03 -7.368967259147457538e-03 9.233730126995550250e-03 -2.085478897196769293e-02 1.884893899863939251e-02 -3.013133375425285782e-02 -1.009086458985485003e-03 1.768148693627965055e-04 -2.664000880300294860e-02 5.235638059957348038e-03 -3.232314480864111744e-02 5.507337169660472690e-04 -8.820664373722995888e-03 -3.257886975154920123e-04 1.330928870812090464e-02 8.483629276734924382e-03
2.049541637642069217e-02 3.239152739708106576e-02 -2.090858893204963764e-02 3.716476896361960852e-02 -9.521961891079424450e-03 -2.448574322678386678e-02 2.777010129413142250e-02 -2.157072177742557634e-02 -5.476316647633296987e-03 1.750010173109477554e-02 -5.140234936800813607e-03 -3.009642433089999933e-03 5.269576728575480103e-03 -5.279213011400984154e-04 5.779361775954158786e-03 9.917513823281426735e-03 2.427530067274362435e-02 -9.891661406234285303e-03 7.470149909867425907e-03 -8.222720457866705690e-03 1.947780604210134700e-02 -2.045869923229914900e-03 2.022437058685933389e-02 1.779511433652190139e-02 1.383368212105564286e-02 -7.959646147381279832e-03 -8.822708495490522163e-03 4.243342211237287852e-03 -3.303380488412580029e-02 1.261702217555294575e-02 -4.545204053642966542e-03 2.775528864552392655e-04 -2.388465485444431007e-04 9.281533376818683692e-03 -2.312295562922151229e-02 5.734102014829469719e-03 1.054588061895659571e-03 -2.123432609779416294e-02 1.777839939171526121e-02 -2.844598036705620059e-02 1.264126748994223205e-02 -1.818141486253254183e-02 1.637323612792081565e-02 -2.521199971319642782e-03 -8.884369356892509936e-03 2.406366091711677202e-02 1.435277828940724996e-02 -5.623315360116845456e-03 -6.674539299574013332e-03 1.437469893593526331e-02 -1.899594045120414458e-03 3.113240991521152440e-02 -2.428169027681582534e-02 -2.774022118640630599e-02 -1.202188908562014207e-02 -1.169032416329365658e-02 -6.889089626954444240e-03 -1.084020094337514659e-02 2.942301599345273962e-03 -1.141138641189669810e-02 1.633797463293228461e-02 -2.676729906032550635e-02 1.640872619212761438e-02 2.890376172828322196e-02 -2.527196567573206792e-02 -9.850048482916604845e-04 3.075709589685370234e-03 1.857129087167398631e-03 -1.358717309991232594e-02 1.093709744072595899e-02 -1.633884149632179247e-02 4.114531782536159400e-03 1.863214927908701454e-02 5.109127486548773259e-03 2.264118107258409479e-03 -1.709981388288942406e-03 3.675438918142391598e-03 5.312819975134165131e-03 1.087836792248835296e-02 -4.803467068936319827e-03 -3.473880355464950553e-02 9.931105490718261999e-03 -8.321238719053616895e-03 -1.967105418613383436e-02 -1.374529576542743870e-03 3.698900347277662981e-02 8.940306009541763507e-03 5.086977897777789949e-03 1.323405359264156513e-02 2.099471743460668352e-02 2.316474302769457733e-02 2.042953624425872250e-02 1.493949728670116231e-02 1.068883797878681513e-02 -1.032739892147296976e-03 7.076694875012341790e-03 3.901744367690235943e-02 -1.108760867916869924e-02 -1.179347699757979720e-02 1.242181283350944285e-02 -7.447375190417942700e-03 -2.924937814832373950e-04 -1.786067223739872326e-02 1.359030774345422639e-02 2.954531268561046056e-03 1.066787522718219000e-02 6.004468815561222507e-03 2.061065396999894536e-02 9.484272074051725010e-03 5.142675313016663134e-03 1.287123517385820731e-02 -5.803740638932740857e-03 -9.949336136568188646e-03 1.436305118851772394e-02 -1.842482297708936817e-02 3.440207218497792069e-02 -1.842689397016781735e-02 2.617127555602393602e-02 -8.159052269249499403e-03 -1.418700148748812048e-02 1.887217482504970761e-02 9.671040415537856400e-03 1.493406013204890553e-02 2.691041037457813680e-03 1.023260744751744965e-02 1.150540879870133766e-02 -9.566641390327392663e-03 1.395713670806468672e-04
-1.684491200822801557e-02 -7.470448287489468188e-03 1.183737062196830829e-02 -9.521961891079424450e-03 5.308508338674500920e-02 -3.271613275411642749e-03 -2.864210336018924857e-02 2.362963389510167739e-02 -1.472275745236834368e-02 4.131020763922071113e-04 6.065592164620345859e-03 -1.210916567374650636e-02 -4.763171469140650705e-02 2.612885569014983256e-02 -2.121652652135633602e-02 1.950760317392736393e-02 1.887580588972813042e-03 1.431944103679974210e-03 1.571371942961190260e-02 -4.130232007806109579e-02 1.221770442273221145e-02 3.214381881550790881e-02 -1.324976590293680014e-02 -1.208401759668253916e-02 -2.382610471324636547e-02 9.592134905859585683e-03 1.886994033237475443e-02 1.236785849752251691e-02 1.237720309640911835e-02 1.106476552604484555e-02 -2.035936845263016867e-02 6.295339121531339302e-03 -2.547201425696641111e-02 6.401460404566322593e-03 3.500152310894797530e-02 -9.333348178332343675e-03 2.295032881694477646e-03 2.992469797446957805e-02 -1.381386058079043903e-02 2.596325921790922434e-02 -9.643307366518139023e-03 -9.386273036138544079e-03 -5.338837990324122110e-03 -1.261996644888729348e-02 -4.141353037304239260e-02 -2.943659268162935119e-02 -3.044715492308789836e-02 -2.753415283133279351e-03 -4.154860639725913019e-02 -4.807340501370322566e-02 2.233600687665632592e-02 -1.505256096797889798e-02 -1.752392277871544970e-03 1.247026180694136600e-02 -9.516803891616380448e-03 1.265996244897050343e-02 6.791152148013368658e-04 -1.167956139259447752e-02 3.233745281682713722e-03 -4.492894930985782270e-03 3.267226472055510811e-03 1.039717789195991962e-02 -3.876377074022704494e-03 -1.309376370468379180e-02 7.162328153803652897e-03 3.392192764293296137e-02 2.709224940563971853e-02 -3.638857106681089859e-02 3.059675685434658926e-02 -1.701400355804744222e-03 1.870450525556176247e-02 -2.590227847349182641e-03 -2.616863470350131241e-02 -1.223119202720041217e-02 -2.363796609407431068e-02 -4.050484545130988989e-02 -3.311810102776981905e-03 2.726846722374682078e-02 -1.906788010238800665e-02 -4.321722709060445144e-02 2.480089854311852762e-02 -1.640055536910805384e-03 4.165613215407105649e-03 4.053021772765637298e-02 -2.363047773046108744e-04 -1.029197449482640615e-02 -1.231330778544111916e-02 1.623510243500001990e-02 7.224275724936539238e-03 5.934426858697046218e-03 -1.539415754857204055e-02 -3.238996279361195524e-02 -3.486735117465272760e-02 -2.315600705227540117e-03 3.786769645530863732e-02 4.934908548070146561e-02 -1.298605370563633843e-02 -1.508451898478535211e-02 -3.920740898212905085e-02 -2.270035060990150885e-02 -1.623307098077562960e-02 8.642446364158519120e-03 4.307692857840475856e-03 -1.638334557174920755e-02 -1.012579062870733355e-03 4.544422559483277113e-02 8.781634785537064183e-03 -5.433095179462233033e-04 -7.588073147392110536e-03 1.211895349688214829e-02 -2.863485062247198096e-03 2.355096568265453716e-02 -1.396542049375432831e-02 -3.664326652011769964e-02 -2.916807558372836243e-03 3.304779774031682375e-03 -3.635623070435595010e-03 -3.298644147459272452e-02 2.647943560061063323e-02 -1.971612394342759159e-03 -2.505287131978717677e-02 4.477241006630406500e-02 -2.385805710283842029e-02 -9.092914052088750532e-03 -4.710773386423480064e-02 -1.640774502617357465e-03 -2.673714873014894702e-02 1.799390913120643351e-02
-2.118270662912536545e-02 -1.458184169382029452e-02 1.568111351312456714e-02 -2.448574322678386678e-02 -3.271613275411642749e-03 3.378934386921860628e-02 -1.534685412657755404e-02 4.878862384828765511e-03 -1.085235710994151247e-02 -1.965912713701549117e-02 1.527448880064930133e-02 8.057656419960512392e-03 3.326348939089071068e-03 3.207088830963293700e-03 -7.825842538970444184e-03 -3.953714982742484061e-04 -3.536426571082270515e-02 -1.165715814169339740e-02 8.459489885727570005e-03 1.145443916452270824e-02 -5.938872731941585020e-03 2.658033001193633917e-03 -9.067635810752391542e-03 -1.679561586407393725e-02 -1.724465972686313811e-02 3.674758872634311790e-03 1.367229681073203751e-02 -7.379449933332542927e-03 1.393875407100713705e-02 -1.774135341433794684e-03 -1.073235211227267305e-03 -3.965007345085398184e-03 8.532950125504156630e-03 -1.995953439552534091e-03 -1.845263298138397632e-03 -9.606643444572984759e-04 1.110030555945633844e-02 6.745700995723644469e-03 -2.205964668801179210e-02 9.886389246869901892e-03 -2.496328049825011913e-02 2.976914350780260343e-02 -4.192447188141221540e-03 -1.192175533260872704e-03 1.201071690722469235e-02 -6.503394901427161229e-03 -1.111514163214267180e-02 2.953664043808461141e-03 1.112525454059493275e-02 6.688359938367764409e-04 -5.754362930321788201e-03 -2.940633179730871294e-02 3.153735877713723101e-02 2.725897527464855863e-02 -2.243271861244214641e-03 1.751540953771146478e-02 4.987826522653304208e-03 1.405527389082577433e-02 -2.269377209174729126e-03 2.579120018982281048e-02 -2.391976420095909966e-02 2.646278005742955589e-02 -1.036148023745995725e-02 -2.958992791838638975e-02 2.075484525322107698e-02 -7.799844493321006662e-04 1.536732989958686062e-03 4.810644864569028770e-04 4.232513329988450007e-03 -1.330450804967832183e-02 3.250347762221517459e-03 7.540681702201207370e-03 -1.368308149840745868e-03 -4.148145871239107552e-03 -1.214087176441639403e-02 8.890634459232453837e-03 -8.184460789779078246e-03 3.499330256901812038e-03 -8.282049309870935863e-03 9.129882295734028166e-03 1.531480660647674755e-02 -1.058271873007415181e-02 1.133028906723279952e-02 -3.914701782237299706e-03 -9.733235789135197963e-03 -2.118506325482580332e-02 2.801849225050619552e-03 3.135220593077412787e-04 -2.713540206532206664e-02 -1.164935178667743550e-02 -2.165077267988509829e-02 1.597791210740297707e-03 -9.920441887189509686e-03 -9.026744126681793268e-03 -4.030161709367243751e-03 -1.255415053094465633e-02 -2.418609959758872066e-02 -3.357980693340972735e-03 1.396661082621576504e-02 1.461693136006679463e-03 1.143744726178036290e-02 1.742298785656217798e-03 2.029190574589101459e-02 -1.455104095682630341e-02 -6.498212469346435587e-03 -1.206863338522140908e-02 1.286154315603312004e-02 -5.812679842699003743e-03 -1.173124798113825244e-02 -8.707842641451978699e-03 -1.937400674509829820e-02 5.511645679381899608e-03 4.870028604434010859e-03 -5.997772228422745301e-03 2.997841145978560190e-02 -3.033667169115373402e-02 6.217554138953702847e-03 -1.700364748690657863e-03 -2.995135111882958525e-03 -6.888684912804460443e-04 -1.715154654710794591e-02 -1.022131196326580074e-02 -9.413999310372848234e-03 -4.688235507482724912e-03 3.515827329327437080e-04 1.266704546287160740e-02 -4.398595737510016968e-05 7.701370008143535242e-03
2.905496533247476851e-02 2.551254679786703339e-02 -1.555639492765714844e-02 2.777010129413142250e-02 -2.864210336018924857e-02 -1.534685412657755404e-02 4.080487623540288850e-02 -1.548974111661448501e-02 -4.582607381821908986e-03 4.293394224585597371e-03 -1.323774629620029682e-02 -1.389203685296014866e-02 2.294012775767694662e-02 -1.060307225197182172e-02 5.718869316218075718e-03 1.090751917140703880e-02 1.323063018363608567e-02 -1.489122663500478186e-02 6.664319099444529146e-03 1.298176357091888715e-02 1.656503237968084616e-03 -1.286636690362853719e-02 2.052474694083282827e-02 2.469010655492344039e-02 1.563804058679087519e-02 -1.763117736721364279e-03 -8.318355559042620723e-03 1.490337427287663497e-02 -2.064194592849350265e-02 -4.111511279141521515e-03 6.656146360787125807e-03 -1.281796686822323297e-02 7.828966258598243216e-03 -7.163770780950076168e-03 -2.466564532465285314e-02 1.255564060361790898e-02 -9.440195123302574931e-03 -1.828893285462115589e-02 1.598480766932734373e-02 -2.061714040977015439e-02 6.349686390249578531e-03 -5.794508790461633078e-03 1.383091711827493485e-02 -4.327588114356369260e-03 1.154246019905323314e-02 2.728827106158032353e-02 2.519380596374606873e-02 -1.483193122743826399e-02 1.184962812993510528e-02 3.102985648296005886e-02 6.535657053496656162e-03 2.854458390717110744e-02 -1.268852859834936411e-02 -2.354357493206587701e-02 -3.469591233555308074e-03 -2.042261256162134289e-02 -2.097391990206374027e-02 -6.116769070107619562e-03 7.799685599325980332e-04 -2.596745590813082181e-03 6.141441868688258567e-03 -2.112758821634611039e-02 9.337200695025742181e-03 2.575455477444700547e-02 -1.602688783673966375e-02 -1.026002147779515004e-02 -5.627888895298865587e-03 2.345509511226733304e-02 -1.892174056116189065e-02 9.817970582390193879e-03 -6.317202647014489789e-03 -5.471072273834939534e-03 3.322274382760338762e-02 2.106472383189251021e-03 6.239657829941611979e-03 1.920276385684700771e-02 6.486922989672842810e-03 -1.167424835426073872e-02 1.860573811598140864e-02 1.437977087662353770e-02 -3.251896458378670390e-02 2.005487035271083865e-02 -1.987502489323119716e-03 -3.140317486648969147e-02 6.456754537342741795e-03 2.898494598145967549e-02 -1.950198382800292325e-03 8.625335600377337722e-03 4.490143967829697720e-03 1.036842523887759188e-02 2.030845711489592115e-02 1.831102560395787143e-02 2.491845354249458758e-02 2.043824945101613798e-03 -6.666944879067064102e-03 -1.616577719030577037e-02 3.185401904932962103e-02 2.378915052693833835e-04 7.962758842300937667e-03 1.771838079746551609e-02 -1.127154139550262625e-03 6.131019482652078599e-03 -1.948436111477397717e-02 1.120542568051208568e-02 9.225864227904596307e-04 -1.181680349254236699e-02 7.510939693291103676e-03 5.935341967058057125e-03 1.574853841889860967e-02 1.490580280579898234e-02 9.222604822195223928e-03 -3.896384177224297869e-03 -4.388223692226209637e-03 3.219436304548550093e-02 -6.674458497047138991e-03 1.813217449116242760e-02 -7.418805379614114986e-03 2.542391915500672936e-02 -1.159380035432366202e-02 -1.631819404756247247e-02 1.928272012021711723e-02 -1.205055047551273177e-02 1.208697583548357102e-02 5.320012171128171360e-03 2.763726629896138751e-02 1.623457098447400951e-02 9.309351021173573743e-03 -2.718021409143243743e-03
-5.868430723317499646e-03 -1.913197187870051622e-02 2.368455537143856690e-02 -2.157072177742557634e-02 2.362963389510167739e-02 4.878862384828765511e-03 -1.548974111661448501e-02 3.996949039433820433e-02 2.252114740664849703e-03 -1.094174392370512484e-02 -3.752992227909160428e-03 -2.002557108778965644e-02 -2.120341275436614381e-02 1.447371885768966929e-02 -4.694078364975303418e-03 1.414325953173969572e-02 -5.709229379517262795e-03 1.196213837453087223e-02 -1.292824596756583094e-03 -1.233500241491216134e-02 -2.449919480127909707e-02 6.976439733655181823e-03 -2.273393111470401254e-02 -1.593700193148825254e-03 -1.525193903966927216e-02 1.976790584402320083e-02 9.277520696071734144e-03 2.103245538691103991e-02 4.120658476246639307e-02 -2.550763750778479999e-02 6.201221188422319230e-03 -4.617824702407942981e-03 -1.239768825268387255e-02 -1.774433682944459578e-02 3.479846035496818313e-02 5.299177032825267211e-03 -1.624945740248496390e-02 3.830148900556948344e-02 -5.775322462885180974e-03 4.473865858913365912e-02 -5.269328793481171599e-03 -4.026306853946121718e-04 -2.322208997710451667e-02 -3.297025051323074565e-03 -1.423688042328219439e-02 -2.669124093396018846e-02 -1.657545743189674237e-02 -3.017013959918127437e-03 -1.419832579757896070e-02 -2.435062520600624753e-02 2.688836975427136636e-02 -1.797000189903130013e-02 5.844727418594780448e-03 1.034900459473823975e-02 1.471576598984494083e-02 -5.043707851622947214e-03 -5.810998304548445868e-03 -8.112784482521737464e-03 4.973438889260594145e-03 -7.675374768961324735e-03 2.781367197452941451e-03 7.475380177859716757e-03 -5.777145265224454401e-04 -1.187138744145321660e-02 1.132832895441553134e-02 1.276926452631820148e-02 2.440530579846110579e-03 2.940185267839271269e-03 3.065904714890554245e-02 -1.198914824113791674e-02 4.145451021624529248e-02 -1.849910896894864723e-02 -6.916241655422042216e-03 -1.644420877636440514e-02 -2.917623270040370104e-03 -1.438020971669129282e-02 6.898683697328742565e-03 -1.234465731682401167e-02 -6.184286201800951593e-03 -1.440745593417412825e-02 3.530591137246619216e-02 9.773660179210363549e-03 1.426685968968280892e-02 3.388439753205158694e-02 1.515225098038492507e-02 -2.416229366799220110e-02 -3.577802507208042992e-02 1.169036582850646426e-02 3.928906771564447988e-03 -1.706206305161195314e-02 -1.363139858050664392e-02 -3.339886220396646316e-02 -2.049445953245584290e-02 -1.285981852374435547e-02 2.456064029357899609e-02 1.808430946297658742e-02 -2.465904604274218870e-02 1.550816466678453520e-02 -1.053188867543862137e-02 -2.666867491984603947e-02 -1.006300808993994093e-02 3.991639121686743098e-03 6.896216554217756908e-03 -1.788322623464534689e-02 4.743075731388427495e-03 1.187699941759449811e-02 -1.003749752115643511e-02 -3.367642152302561392e-02 -5.087567510582119423e-03 1.915037845296156671e-02 1.196947510446581559e-03 1.539211600811528184e-02 2.108610451302586359e-03 -9.079477724518668011e-03 -9.842652007041995804e-04 -1.420686165353493222e-02 2.948856244250560102e-02 -3.991320718167027520e-02 1.955784828429757427e-02 3.488092530364200403e-03 -1.421555343232583542e-02 1.072565759809730734e-02 -2.661942577006629063e-02 -6.797613030872976143e-03 -1.963714091122252883e-02 -1.105055536982504742e-02 9.471530168325350760e-03 -4.492606070611687187e-03
2.268419201700236625e-03 -1.623457687967548579e-02 -3.853628608507632738e-04 -5.476316647633296987e-03 -1.472275745236834368e-02 -1.085235710994151247e-02 -4.582607381821908986e-03 2.252114740664849703e-03 4.871051501664810934e-02 -3.048605662646905034e-03 -1.084262413255152567e-02 1.919750625126637536e-02 1.823636680479505043e-02 -3.401876194513846728e-03 1.768237121544089657e-02 -4.041347920344692118e-02 1.479892913824167218e-02 3.189578731090091102e-02 -4.851696883993480980e-02 2.316690630839194145e-02 -1.584937295691641462e-02 -2.939688032468856099e-02 -8.175562245910900083e-03 5.405816374056622402e-03 2.709500362576403032e-02 8.928314084107899160e-03 -1.538757256304125291e-02 -2.310027841548946068e-02 9.528213855744980740e-03 -1.018445446245211904e-02 1.128221074241857885e-02 8.832593606691313201e-03 5.811127136327576097e-03 6.639203733209139875e-03 1.197705417589871139e-02 7.003212901543232408e-03 -2.379780704771563074e-02 -5.261098425321498150e-03 2.982484133538868681e-02 1.524578856084707421e-03 2.118180712576793120e-02 -1.345081000768150355e-02 -1.328887430076294146e-02 1.591793671541080410e-02 2.493676238906665163e-02 -3.061932120771243982e-03 -1.510302590489493498e-03 2.855215757856460063e-02 2.109118841008608344e-02 7.092997679267159204e-03 -2.344451429914302248e-02 1.370223417953825469e-02 -1.005591510119481329e-02 -2.293913300122423643e-02 2.759709277323083368e-02 -1.982385165145507042e-02 9.697110469785557782e-03 4.764804686772665734e-03 -9.884356710321182474e-03 -2.542336979292093499e-02 1.520827905591285584e-02 -2.407200303369214783e-02 8.484197396206269795e-03 6.602641496110278965e-03 -1.804929185404516301e-02 -2.802255497405100465e-02 -1.534259266139883712e-02 1.824791850729125253e-02 -1.096249407445175350e-02 -9.315768147372682512e-04 -4.045056312518374893e-03 -2.035051362283936752e-02 -1.705567632172111728e-02 1.769539883840795871e-02 4.061446330366351443e-02 1.335050049155619457e-02 2.346534418849740428e-02 -1.713886732772564037e-02 3.919858677358140954e-03 2.352354183786010966e-02 7.896075574546841322e-03 -1.519228644688466918e-02 -2.096915204839585462e-02 1.145645673310921250e-02 1.844149972394732231e-02 -6.496365315006673129e-03 3.466717186650342553e-03 -2.063546026605597022e-02 1.740859604462043769e-02 -3.600666130141042236e-03 7.453740278953365980e-03 -4.873201021470418073e-03 -1.013086918525817320e-03 1.660134139999110484e-02 -2.653010183065892744e-02 -2.395954090668221681e-02 -2.090744790266598537e-03 3.264976761249146348e-02 2.463551842227119926e-02 -1.055825627987645732e-02 5.696283981050905346e-03 -2.891243088786905197e-02 -1.199684546409059485e-02 4.913779499035021703e-03 -1.077342977911464059e-04 -2.852366677834032582e-02 -3.411162322197462682e-02 -7.301563294539790624e-03 6.621358764824925545e-03 -2.368722033716717801e-02 2.856763834216733897e-02 -1.632217045550682366e-02 1.046176049635568102e-02 9.119519396429411409e-03 -2.187089680293836935e-02 -5.387560857235664837e-03 1.006506761824304749e-02 -1.449679930864593118e-02 -6.532232998808480164e-03 1.781432473845054321e-02 8.318942091508615966e-03 -3.075751392648728641e-02 3.071370914477421655e-03 1.403165523970462472e-02 1.449575000495872262e-02 -3.647704339424340941e-02 3.306858748060569064e-02 -2.445466904543976486e-02
8.956221986204427471e-03 1.313589869006386197e-02 -1.819685731419675920e-02 1.750010173109477554e-02 4.131020763922071113e-04 -1.965912713701549117e-02 4.293394224585597371e-03 -1.094174392370512484e-02 -3.048605662646905034e-03 3.226865413497630869e-02 4.392917700089456765e-04 3.485502000384725369e-04 -3.066613213504484209e-03 -1.483066221829204036e-02 1.936773821023136249e-02 5.048014891985895709e-03 2.509167499855316855e-02 1.268387452746069614e-02 2.950855634280844485e-03 -1.518927972517012705e-02 4.267097507820516618e-03 -5.582938679341477864e-05 -4.873458511613696612e-04 -3.136228487707298177e-03 8.936404835266083951e-03 -1.843874151870070546e-02 -2.553525852769361268e-02 1.029446237067737236e-03 -9.531582987400736076e-03 1.064241903589515335e-03 6.672905990968373141e-03 8.215725814825082518e-03 -8.207329956153142092e-03 -3.512247809679948547e-03 -1.434834878781866135e-02 -6.714748395444372110e-03 1.963543549968667715e-02 -1.002561991083919524e-02 1.605129633855265211e-03 -1.239093890477000262e-02 2.555034356894418657e-02 -1.896720425758322351e-02 -2.130444817248952974e-03 1.279638678273491495e-02 -1.619887440584388480e-02 1.070073934816145184e-02 1.757446536001990023e-02 -5.738662675400778984e-03 -1.023212771434867975e-02 2.042124778401638047e-03 -5.450121614966122992e-04 1.059031914733410407e-02 -2.335445534084675673e-02 -2.778588797449139513e-03 -7.779402305816946785e-03 8.785991355058699395e-03 1.293502789956524693e-02 -1.428950459203726271e-02 1.799333381474015753e-02 -1.063044139353335957e-02 1.450478715378008751e-02 -2.671120691215388664e-03 3.073757133694505865e-03 2.505393221202319859e-02 -1.071369082532734737e-03 -9.128983505485907925e-04 -1.205328725006881048e-02 -6.917177372743890489e-03 -3.738108377430288815e-03 2.929474247975492624e-03 -7.791844599935512754e-03 2.184028917240232737e-02 4.097493841067828893e-03 3.241545551635952710e-04 1.273860470640462940e-03 -1.015830091359428040e-02 -1.066531292931518181e-02 -8.399032336319476461e-03 3.404558175620971995e-03 -1.057140050765974747e-02 -1.445151620544549848e-02 7.842118849358436367e-03 4.859415893068465275e-03 -2.527337960936994633e-03 -1.290066388989061404e-02 1.025111572010905560e-02 4.501182253154129009e-03 -1.476470226003297713e-02 1.653828795608311072e-02 -1.406061382678081397e-03 2.348976715061971282e-02 1.454679077935246145e-02 2.055220669259240004e-02 -3.602374634186237146e-03 -3.813520111366049559e-03 1.414518371158157706e-02 1.078021299948443180e-02 -9.276597222619397884e-03 -1.577648175516865175e-02 -1.050620643863020781e-03 -1.220881417697239173e-02 3.532813360240588760e-03 1.268594712544243936e-03 1.717015303612147437e-02 2.102617723007889350e-02 1.405781473182938709e-02 -1.199144755339693648e-02 2.690723108327144463e-03 -6.264036167843229502e-03 3.908748449097869219e-03 -4.394928227988086078e-03 -1.936605778737889721e-02 5.460678726499433588e-03 1.440847540714077337e-03 -1.795827284569940716e-02 2.757498282287669869e-02 2.800074746592347893e-03 1.744008907581600515e-02 3.577231133816288940e-03 5.821587552972982971e-03 2.975995220455687762e-02 1.383250004601507474e-02 2.434320663480512431e-02 -1.058073634008906312e-02 -7.188444350457730107e-04 -9.116795281098103582e-03 -1.457163911563585414e-02 -1.444242662105404973e-02
-1.794802261462311033e-02 5.524907352350841771e-04 -3.028886468872368180e-03 -5.140234936800813607e-03 6.065592164620345859e-03 1.527448880064930133e-02 -1.323774629620029682e-02 -3.752992227909160428e-03 -1.084262413255152567e-02 4.392917700089456765e-04 2.001107418908480359e-02 9.540800556832632409e-03 -6.924786271411170063e-03 3.987861283158577845e-03 2.304608609958323524e-03 1.203231488518307756e-03 -1.378251733469511991e-02 -4.707222737366248411e-03 9.319886285347382324e-03 -5.429312246806282383e-03 6.327834874490297079e-03 4.341792420344356244e-03 -9.459585759836115423e-03 -1.990918220320247317e-02 -1.210255940527400938e-02 -1.170425285931925383e-03 -1.255670584525999398e-03 -8.924492736989839831e-03 -6.191170796591272509e-04 8.615165876067611833e-03 -4.837332018027308556e-03 7.675400903700627976e-03 -5.418743306480726385e-03 7.704371615151588311e-03 -1.003379845932858387e-02 -1.623507380048213114e-03 2.240419452640686135e-02 4.054258537230408851e-04 -1.473972077116966241e-02 -9.035879184215582808e-04 -1.064858307322078847e-02 9.860871212604080394e-03 -3.170852060130191236e-03 7.019343937312655379e-03 -4.316878016661787089e-03 -1.415634379478597884e-03 -8.346921294676453579e-03 3.771991951903203542e-03 -3.501840458112808092e-03 -6.734855444331689159e-03 -7.709270828683133236e-03 -1.601999081344445894e-02 1.056866683480557449e-02 1.649875465173259587e-02 -1.568092915188072298e-02 2.381938188922485058e-02 1.173208946774964567e-02 -2.550011572454016946e-03 8.300817871140684159e-03 1.272897868696946412e-02 -7.516845276475434857e-03 1.507555442485027965e-02 -2.002915385657053678e-03 -9.323211522502383025e-03 1.001187213933261468e-02 -9.975203610725971726e-04 2.450838048965322136e-03 -1.287777274372362002e-02 -1.132310480847256786e-05 -9.787769189708249093e-03 -5.339953324622796239e-03 2.004489342939886828e-02 -5.347859963391343209e-03 -2.875079374481117125e-03 -1.237305979720152230e-02 -5.497241729508231534e-03 -6.017600983188189402e-03 1.055527109813871219e-02 -1.403993185307307427e-02 -5.201381997811003674e-03 -2.329814488413930757e-03 -9.682546646363733578e-03 4.694089029359768336e-03 9.916636919805848615e-04 -1.815521826930020094e-02 -5.954001215208099169e-03 9.591396986400579569e-03 -9.002753548920491150e-03 -9.926068735266005763e-03 -2.025412990157657561e-03 -4.212260679063952427e-03 1.083602683729360111e-02 -6.704334114147294209e-03 -1.279689375268912494e-04 -5.722357499685764085e-03 5.584116261726358547e-03 -9.291277264051720289e-03 -1.764190271316917399e-02 -3.252819623076681939e-03 -6.730557615711419209e-03 -4.708569679584535470e-03 1.459182953374807976e-04 1.373972803121449593e-02 -8.508391665754566624e-03 5.338521035506530593e-03 5.059148141371318588e-03 9.014593406008141602e-03 6.045118487846286304e-03 -1.520061873400744765e-02 -8.993053726051219998e-03 -1.310455511312096609e-02 -6.158980916425930464e-03 2.725531707460980210e-03 -1.045300959185478835e-02 1.179155163494955728e-02 -4.998900085358930559e-03 -2.860549224290641606e-03 9.648528167908589775e-03 4.657068824795726827e-03 -2.883327452091907512e-03 -2.715555699814078136e-04 6.371018108169752663e-03 5.092825258825397355e-03 -1.086509920057432063e-02 -8.592118583382064162e-03 8.667959710760770806e-03 -1.700278677424455279e-02 -8.181523726078187815e-05
-1.381129541544768614e-02 -6.945516256449740453e-03 -3.743308114527055253e-03 -3.009642433089999933e-03 -1.210916567374650636e-02 8.057656419960512392e-03 -1.389203685296014866e-02 -2.002557108778965644e-02 1.919750625126637536e-02 3.485502000384725369e-04 9.540800556832632409e-03 3.665210992781097604e-02 1.493513645488617203e-02 -3.467682231198266837e-03 7.403786360412006537e-03 -3.173298802957331965e-02 -5.851291415793213012e-03 9.526078086088940119e-03 -2.083691200137532951e-02 1.585030605029021447e-02 1.018018035527960656e-02 -9.047932384505514083e-03 4.820089120497176964e-03 -9.128958014641030960e-03 9.610687348055571913e-03 -1.308139601840868117e-02 -2.835420932022391510e-03 -3.905232077599737894e-02 -1.462085019539033880e-02 1.662037404113800645e-02 -1.232245252613697623e-03 1.475543155171042675e-02 1.620941934807959561e-02 2.286197534827032543e-02 -1.064466018801635445e-02 -8.999873799194963928e-03 7.618932612811071987e-03 -2.029738323317969995e-02 4.713008016772739749e-03 -2.130876722330169587e-02 3.484585252149695767e-03 4.544020631731733942e-03 6.663365144487816763e-03 1.195920185998759072e-02 1.773556682806323725e-02 4.700671975435944706e-03 -3.580885097294308692e-03 2.743724380803741134e-02 1.771827546564146844e-02 8.653822807640343742e-03 -3.951911267303332559e-02 -2.018775985972690642e-03 4.179283275390106335e-03 -2.340771948610812902e-03 5.391501190032213855e-03 6.719005998361628727e-03 2.606788471736076404e-02 1.945513796040865967e-02 -1.342468702554604730e-02 2.703504692665904146e-04 -1.598306231718701160e-03 -2.286064036299901864e-03 2.988742768481807231e-03 -1.011716040965375540e-02 -7.879744174557985412e-03 -1.411902647107713890e-02 -6.700777770116996858e-03 -3.938584744843732881e-03 -1.306273433148541496e-02 3.974205660147528624e-04 -2.891306927500768981e-02 7.627563693596521761e-03 -1.546132208959611655e-02 1.818443735308631140e-02 1.347491839372813929e-02 9.001300097626946731e-03 -1.828937235892033001e-03 7.440231440140540609e-03 -9.662605611589138600e-04 1.735264757332588906e-02 -1.752208602010253604e-03 -2.895734061312004587e-02 -1.530268458744710527e-02 -7.856161063441252645e-03 -5.664289601678194550e-03 -7.330630716576001533e-04 3.061497450614070540e-02 -2.106637537988799783e-02 -4.134698626837471705e-03 4.916176008433285720e-03 -3.751624090953654175e-03 1.635929589210645754e-02 3.937096281731008378e-04 1.556144142240641244e-02 -2.620161628938963427e-02 -1.910416286149572290e-02 -6.870529776439760362e-04 5.090979613790558127e-03 1.858912195467075576e-02 9.990894672849843713e-03 1.869073435479984280e-02 -2.276482417696665608e-02 6.655166978810187969e-03 9.123538254585308177e-03 -9.976194724286634868e-03 -1.776867534109318955e-02 -8.636386645952662255e-03 1.884917951665819949e-02 -3.311870796175299912e-03 -3.872203681942838760e-02 3.208548554445847176e-03 -1.507621048419252770e-02 8.780943782582978710e-03 -7.322087337245244444e-03 3.730536258494270593e-04 -4.854881206544902836e-03 -1.103040149886920160e-02 1.024241884638155825e-02 -1.958145959426722815e-02 1.518980338935722180e-02 -1.524846481645500450e-03 -1.833912783143908792e-02 1.135756240130495788e-02 1.151726132024626092e-02 9.752506671675849684e-03 -1.255286302086480038e-02 3.679484177542039457e-03 -2.657618299712199549e-03
