2.289442715755089786e-01 5.037986032882430659e-02 6.401056592249598776e-02 6.821875650955334935e-02 4.495778418971187879e-02 1.106269998835668900e-01 4.152609690497080334e-03 -6.348314809638576361e-02 8.617163791876404633e-02 -2.808494863289419385e-02 -1.690896791059759985e-01 1.423996372500276920e-02 1.236651575282744497e-01 2.394910807629870853e-01 -9.927558826109522672e-02 7.428822517174941964e-02 -1.086976580316399016e-01 6.625695927694220944e-02 -2.589188738163308856e-02 1.380213692853304308e-01 -8.823416706527610620e-02 -5.054964097236315512e-02 2.247313517666528482e-01 1.314770986433537181e-01 -1.113842108850261470e-01 -8.701159921674500586e-02 4.196449413950240764e-02 -1.664790167493267747e-01 -1.867353527926277901e-01 1.061302880377860136e-01 -4.469602839639134732e-03 -1.269128239648608381e-01 1.176073532638493291e-01 -3.173133471968555414e-02 -9.680492517790581508e-02 2.410781313977852260e-03 -2.080985806229545057e-02 -7.126043570744106104e-02 1.895643927959498876e-01 -1.686765582750613668e-01 7.666312633381140718e-02 -7.849088029570520930e-02 -8.873834575039761530e-02 -1.827334001287502230e-01 -1.160084615984764700e-01 1.513891826189393830e-01 7.919855127100597358e-02 -1.162308287852449051e-01 1.228219978749189034e-01 1.670143428415170606e-01 -1.028142664688287966e-01 1.519467362330068627e-01 8.270124605464565515e-02 1.951051960542651842e-02 -1.202082266252487847e-01 1.623136414873671274e-01 2.428245909547501954e-02 2.542698188561680062e-01 -1.125513315806465691e-03 -1.872281591689280988e-01 5.669956868093579093e-03 1.779563850038394512e-01 -8.169057974684881818e-02 1.478847451064742025e-01 -3.924705628846779371e-02 1.614584807156465296e-01 1.489356379426509946e-01 4.365137050466705998e-02 9.011826434387318341e-02 -4.004494638628654235e-02 2.038970699749059062e-02 -3.792960554521381672e-02 8.765899568348770043e-02 4.464881025119512431e-02 1.191291721218856181e-01 1.313801536895109201e-01 -9.542689940431017814e-02 -6.945366798056724564e-03 1.086805344783447758e-01 1.189723605221051916e-01 1.489037360760946671e-01 1.148160110593761385e-01 5.130124312495945582e-02 -1.654571541963168468e-01 -2.432710051028532175e-02 -1.575207797571437085e-01 -8.576208214389799411e-02 2.554569521538272991e-01 -1.693331996371774395e-01 5.621559404640370100e-02 -9.970582159356778610e-04 -8.441230418533422764e-02 -6.259815348991443207e-02 9.042729646782210473e-03 1.642120068571476799e-01 2.281042175057546029e-02 7.098374543695293304e-02 -5.194551544749517746e-02 2.555297264357702172e-03 1.805949593431661546e-02 -9.835352701627657346e-02 -4.614521627605101123e-02 -8.262698157019698897e-02 -1.877818341922775913e-01 -1.930752209723896745e-02 2.382640504613813687e-02 -3.251458744369488396e-02 -6.040262664054881631e-02 7.848875783015046848e-02 3.226900545600972642e-02 7.299601292033001954e-02 -1.257825257373618687e-02 -2.988987672588611436e-02 -1.052504727936769968e-01 1.936056298413446966e-02 1.609013144664084571e-01 1.291395037832173687e-01 -7.746607640957210716e-02 -1.071603902796376545e-01 3.270269382510627033e-03 -1.332579218651881447e-01 -1.193572638434468869e-01 -8.550425581006988740e-02 1.367284981771676317e-02 1.258111925683662868e-01 -1.902481094994918631e-01 7.667029890769408440e-02 2.727901321505888863e-02
5.037986032882430659e-02 1.877683482632725165e-01 1.197011429671157035e-01 -3.815382637835570273e-02 1.424672616675858317e-01 9.451829029712788266e-02 8.900426723527188333e-02 -1.516072734152269785e-01 -1.801731506450429676e-02 9.611450270982421773e-02 3.813460226368225233e-03 -5.730081589388892616e-02 9.247108593412201039e-02 4.585649838725996963e-02 4.059943119711333787e-02 1.139815182465785115e-01 -9.495195549243091657e-03 -7.834763780810580225e-02 1.294858777386690141e-01 1.239690988242522635e-01 -2.872552761918413522e-02 1.193724759596494073e-01 9.424559562635336646e-03 9.169801639545431537e-02 8.728338862522870556e-02 -2.269966926178245206e-02 -1.191962079969221683e-01 -1.715063029249317555e-02 -1.142903898295896392e-01 1.500936098008304742e-01 -2.444165883864212949e-02 4.408941675979125702e-02 1.135048402465797107e-01 -8.593367137587394622e-02 -3.310052320815409094e-02 -4.139849678208491063e-02 -3.079292337799209578e-02 -3.635345029607973261e-02 -6.504669064691889248e-03 -1.166506179881946215e-01 -5.125741274074348958e-02 1.011350351227060934e-01 -4.550944225025221890e-02 -1.177305982494532832e-01 5.041120994379747616e-02 9.665454027416825467e-02 5.348501763853594215e-02 -9.308730246774683803e-02 1.030081827080674278e-01 7.392314349362058556e-02 -5.377841305147160883e-02 9.650189586098237293e-02 -6.587592071022657647e-02 7.573813458668568477e-02 -4.454069439101043804e-02 1.182329713824459005e-01 6.687460828409938496e-02 3.316448116007712776e-02 4.151189127319019484e-02 2.213620433538946233e-02 -5.427690510662838003e-02 1.851342636295467692e-01 -1.584435518023045719e-01 1.100114630900209112e-01 1.119571440674995561e-01 -8.433868365636436673e-03 -1.650396370486663725e-02 -9.471701473946884942e-02 -3.792029116796527891e-03 -4.235385453663937511e-02 4.357294119997791315e-02 8.901510276693572199e-02 1.426675367802345551e-01 -8.495009620769057579e-02 9.252948703636634797e-02 1.189020215879079967e-01 -1.123893886144939208e-01 -1.227480540612990376e-02 -1.394249535541711334e-02 1.055644706307827529e-01 -2.528476163522772047e-02 1.847551966893605513e-01 1.314857866177667478e-01 -6.269499436456343888e-02 -7.468693897177330898e-02 -9.042292905618544430e-02 -7.243257119814333622e-02 7.631401675233799586e-02 -4.809548699954243473e-02 -5.714729174757827296e-02 5.387604545348586432e-04 4.666409697288988884e-02 9.508271972222228502e-03 -6.590819408755541065e-02 -6.739630835087837349e-03 2.705584108573784452e-02 6.561780768110257733e-02 -8.111636738992651641e-02 4.448524028441951106e-02 4.797142752205440369e-02 -3.949317838593150581e-02 7.478371244237748405e-02 5.461219697705811671e-02 -5.465321564221049810e-02 4.173416537022798384e-02 3.385661592419775962e-02 -1.217301137196492161e-02 -1.191376704544125538e-02 3.234401872856671606e-02 4.531131334106185127e-02 -1.008431592725412967e-01 7.250923924950843091e-02 -9.484656232395999309e-03 6.265326607508386880e-02 3.443162221311034388e-02 9.931734936782743439e-02 1.058145992537453534e-01 8.134724065475117116e-02 -7.357064287247122580e-02 6.050709259425306186e-02 3.008269273583075859e-02 -1.366067607171896070e-01 3.447438873498797490e-02 -2.244131606063583598e-02 9.242434432625691587e-02 1.764507022054215279e-02 -2.137616716582246487e-02 -8.007654303692629538e-02
6.401056592249598776e-02 1.197011429671157035e-01 2.239456970048571138e-01 -1.917338282585442010e-03 4.430847970357026239e-02 1.112738229023097491e-01 -2.180563223078041749e-02 -7.355271606940687323e-02 1.057246313995302209e-02 7.166263053676183437e-02 -1.201701566423244438e-01 4.202820581560048896e-02 1.114815388674312846e-01 1.968137841082047423e-01 2.259421859298780047e-02 -3.156261339431835899e-02 -8.768611389488471797e-02 -1.745420269500745853e-03 -4.556432181920029578e-02 1.513959988376663846e-01 -2.269651424590713416e-03 4.958881421158321812e-02 1.427510080763728650e-01 6.453835014490447164e-02 8.490705563071715423e-02 -1.389125736204450123e-01 -6.217894192657742042e-02 -1.933526585981734380e-01 -2.476040350494375930e-01 4.183604191811780490e-03 3.857032772587940059e-03 7.891875980349546960e-02 1.332405270297797595e-01 -1.888046026611397976e-01 -4.151914278504477418e-02 -4.172933069074661119e-03 5.609573111228955550e-02 -1.359835257976501066e-01 1.873820923288924134e-01 -2.432460445965477780e-01 1.922227029542497925e-02 3.487289698266782950e-02 -5.240493763731512988e-02 -2.565169980123525595e-01 2.976008326921153468e-02 2.229235768350236457e-01 1.153111827839705950e-01 -1.152779378842651026e-01 1.185382723309081343e-01 6.439742856107301405e-02 -9.825056494275209718e-02 2.345866125003580882e-01 -3.689815120507643903e-02 1.848219122759050051e-02 -1.867275651857563945e-01 7.740777182152686064e-02 2.029105985810397000e-02 9.952225940101636081e-02 1.458917508592206744e-02 -1.781576844448814756e-01 3.980848097751091968e-02 8.234728956278641876e-02 -9.973469362599801658e-02 2.354217981834657303e-01 1.059337447118943454e-01 -4.958862008902675811e-02 -7.057713842983640018e-02 6.800515776696842984e-02 -4.913758947751282330e-02 -7.250408628900966747e-03 -2.557768592055465265e-02 6.317072712192904616e-02 -3.704036563327166992e-03 6.828029659116606476e-02 1.216190126472077720e-01 1.258609073694763880e-01 -2.385300596142364837e-01 -3.049371030861901602e-02 -5.936758524780526292e-02 1.204541923071103665e-01 -6.062482216420674724e-02 9.621460022522886069e-02 3.814688584670211657e-02 -2.029066398811534555e-01 -5.037992069738698141e-03 -1.065969502865792701e-01 -3.556251565663299803e-04 1.147239094047573793e-01 -1.935612247780283679e-01 4.398402045686394812e-03 1.328268895272197436e-01 1.254127088115867261e-01 -1.018474040374565785e-02 6.419120921032286931e-02 -4.666236249365786348e-02 -2.627929598173376052e-03 1.203500767987204789e-01 -7.529572991624541856e-02 -6.474962386829870298e-02 1.256981770095085271e-01 -5.448312362178260593e-02 5.739434736249179186e-02 4.600381505710356145e-02 -5.636079197191882356e-02 4.477446756760429004e-03 5.458129203499806348e-03 1.184484199485476286e-02 7.599846918265801277e-02 -3.647932616169201336e-02 1.127410227992224449e-02 7.872269863214725882e-02 -7.407753388368003289e-02 -1.196874685408565314e-01 3.143478619870178348e-02 -7.099771412916777713e-02 2.251039706107784977e-01 1.355888628887547964e-01 1.215923512816601548e-01 -1.634961886884673810e-01 1.469766724782805775e-02 7.120202602137410200e-03 -1.300389089329055947e-01 1.083841897983807943e-02 1.579003133485049060e-02 1.180791125864763397e-01 -1.850175895291188977e-01 -5.781657232586690648e-02 -6.454192495540644892e-02
6.821875650955334935e-02 -3.815382637835570273e-02 -1.917338282585442010e-03 2.330745465245428749e-01 1.729177400098572820e-02 -1.075747296113238605e-01 -3.060786731528835139e-02 4.131772248394711966e-02 -5.047046185585563755e-02 -1.465094719496078390e-01 1.591518906438433439e-02 -5.140944321373723536e-02 -1.130600651269031837e-01 1.814010720037463886e-01 -6.981619999934131349e-02 -8.243671257644424877e-02 -2.456306219399788660e-01 -4.833394328992894617e-02 -1.488936277086981286e-01 -1.224642254616865600e-01 1.466355338024986077e-01 -3.890995385759916242e-02 -4.386654719095468315e-03 -1.112269947447655644e-01 -1.696108585184840853e-02 -1.745377356590703533e-01 7.063464972629611427e-02 -8.287091739890986575e-02 -7.637873880180012787e-02 -1.456600959200791967e-01 7.998462453206921230e-02 -2.561461902432921392e-02 -1.277024866542254833e-01 -1.404046611556197983e-02 -2.151847441256873189e-02 -2.661122682451521129e-02 -5.153578085380203927e-02 -1.019474872746841537e-01 1.450923166132933873e-01 -7.072169340389780623e-02 3.011272227243154409e-02 -7.750039704716993327e-02 -4.655288802464754849e-03 -8.097358101832392852e-02 -1.716495044012157634e-01 7.437395574074504023e-02 -5.937833694702539244e-02 1.003490183891243420e-01 -1.207901663908838297e-01 8.943524793394121153e-02 5.424657022265902406e-02 7.900099886408284977e-02 8.588662305216876458e-02 -2.353891606170555872e-01 -3.783566861591895758e-02 1.170699852603973856e-01 1.003568264450245967e-01 1.453571324808167753e-01 3.897509765057764752e-02 -1.669029722356498713e-01 -5.552259815710314933e-02 -1.685174937546158047e-01 2.491264012883186163e-02 6.758189087781761584e-02 -1.910380778896325071e-01 2.629611960705868778e-02 2.759665754927221812e-02 9.770042816413465614e-02 -2.099178263378861931e-02 -1.243761087745901689e-01 1.110963618293332178e-01 -1.317451151816777799e-01 -1.273483591043755025e-01 8.885224689311276014e-02 -1.131059166101786723e-01 -1.322272267154652736e-01 -2.837148965219877736e-02 -1.257245277448206314e-02 -2.144400035857993089e-03 -1.160035114416801405e-01 4.685923304133518541e-02 -4.463499097248196934e-02 2.467826639869712124e-02 -1.100627322142941761e-01 -6.319641088732755319e-02 1.094966013828668483e-01 -1.111586187564569256e-01 1.558296316417877607e-03 -1.237061409513040139e-01 2.348727888726003799e-01 9.527971332461088183e-02 4.264485089308688026e-02 -2.034656065955121607e-01 1.270931896641982750e-01 2.316162574942852437e-02 8.732548825692620920e-02 -6.287438271063164330e-02 3.326968058237819020e-02 1.913766480442918860e-02 8.507668633983238304e-02 -3.793980365683770339e-02 -1.244313631137197174e-01 -7.167130863000759078e-02 -3.389550335207208026e-02 2.549328578620598668e-02 7.154864760690435310e-02 1.280138705764487239e-01 9.049790134096021010e-02 1.182324258439114290e-01 7.178038288006886869e-02 1.624981570708072809e-01 -5.401795407957400708e-02 -8.920684910142315238e-02 -1.537117778205811247e-01 3.540031710250838431e-02 7.719780650408425426e-02 -1.094392025323843859e-01 -4.078116744848421515e-02 -1.031999999916405480e-01 -2.334530744735099639e-01 -1.026240893039422480e-01 3.387906062904275789e-02 -2.342171424111870459e-01 -4.629063120696898931e-02 -9.358240785707198917e-02 -1.601981413214660921e-01 -1.005096628237146655e-01 1.076389821821061993e-01
4.495778418971187879e-02 1.424672616675858317e-01 4.430847970357026239e-02 1.729177400098572820e-02 5.916709677457548944e-01 -2.767416731256645557e-01 4.421201287329529911e-02 -8.962459508811697340e-02 -2.189905984914835568e-01 2.569058055942264884e-01 1.662222373313618218e-01 -2.729249242802321840e-01 -2.601317951188991673e-01 2.556029084092551265e-02 -1.382800424464081940e-02 4.594241846002757312e-01 8.489600026302449032e-02 -2.825285800363944166e-01 1.962747478877644725e-01 -2.232803404091619759e-01 4.612577780823429868e-03 1.645580958907119085e-01 -1.562287870806594037e-01 1.287381604699666671e-01 6.023491993095474173e-02 1.493385123901370404e-01 -1.450031490194127193e-01 2.092189497921652930e-01 -1.196330322987691486e-01 2.757909780071020056e-01 -1.286300222065698551e-01 -4.968855848490390942e-02 -2.347587307233431619e-01 -6.682564527006330281e-03 -1.024487400861187891e-01 -3.874310707769856865e-01 7.400025209017617456e-02 2.369590527634724553e-01 -7.850398748170479835e-02 -1.187972279184046492e-01 -3.741193266631941822e-02 1.220059000263818694e-01 -1.322493911150379731e-01 -1.215209518315979176e-01 -1.444233538878589018e-01 1.430717564702963795e-01 -1.343784993442881104e-01 -5.815424017190425066e-02 -2.295151742396669692e-01 -1.010461599566841867e-01 2.665658335379898491e-01 1.496110525868341867e-01 -7.735055751318622996e-02 1.257690928526666307e-01 -2.234755948669319044e-03 1.881671202101830032e-01 1.121331089432989758e-01 -1.040485129366408301e-01 3.465043274473965651e-01 9.220894655608427581e-02 -2.275409716375303704e-01 1.876391066408661934e-01 -9.272264773865943055e-02 1.550929172949549462e-01 -1.188650068859631731e-01 1.841625998209190374e-01 1.699170703195173049e-01 -3.140820091242688128e-01 5.389267484422288410e-03 -1.873589933357763110e-02 1.747387775839511978e-02 2.471993731139292272e-01 4.935808001454680127e-01 -2.804461914813993761e-01 -2.578970198727483232e-01 -2.007887132405022090e-01 1.341298480785624650e-02 7.545359864240457071e-02 9.622364424845035458e-03 -2.535506167192784766e-01 1.279943338522135654e-01 9.953879715727551036e-02 5.288889911658842813e-01 9.741721886449229706e-02 -1.497314884212934960e-01 7.412457430467817021e-02 -4.710255118620793047e-02 1.043535532925247283e-02 1.275890982115532590e-01 2.026072067532779571e-03 1.212534135849348688e-01 -1.368067021966969943e-01 -4.667764082750393284e-02 -1.680197259920392650e-01 1.173291490617352079e-01 3.719614149805296477e-01 -1.469730858350971336e-01 3.294356917600969187e-02 -9.645137339954124034e-02 -5.056501590647083377e-02 -1.549361785293073834e-01 2.052566981722345751e-01 2.319221899816489157e-02 -7.592290510171938178e-02 3.673115593171691895e-01 3.633936580212369649e-01 1.321813816461190338e-01 -6.972494891101507775e-02 1.121525470651678902e-01 4.046752494634656139e-01 -1.280472890921353912e-01 6.596976830320827774e-03 -1.141146062925723625e-01 -1.245097343889294272e-01 -1.079010189492808774e-01 1.577801310347288766e-01 -2.149113462175440414e-01 -4.081911173076845090e-02 1.687147939279640962e-01 1.046732371692731534e-01 3.346206501380665638e-02 -1.538950716378670036e-01 3.077874104778497918e-02 -3.487156525115543415e-01 -3.061663905916255368e-01 8.286014425655113813e-02 -1.016421137691557314e-01 -2.649256243371159170e-01
1.106269998835668900e-01 9.451829029712788266e-02 1.112738229023097491e-01 -1.075747296113238605e-01 -2.767416731256645557e-01 4.241932914009279854e-01 6.334260178230875782e-02 -1.085422336162746026e-01 2.568786000198044484e-01 -1.901118832326260596e-02 -2.442764716740868092e-01 1.371342436022530697e-01 4.276012929260982753e-01 9.765529044744275522e-02 -1.220114753224254243e-02 -1.588590858302084685e-01 4.066592651048796941e-02 2.649878535480871267e-01 -2.835071667165819584e-02 4.469469738674565762e-01 -1.895224203145310371e-01 -6.918289577739124285e-02 2.985906011995473341e-01 1.799003642541152637e-01 4.468387990398032562e-03 -4.416577117726123991e-02 3.555737967600341304e-02 -2.570988999023621213e-01 -9.533009831988269178e-02 8.004864327469464469e-02 9.191373847915879081e-03 4.763185770363873722e-02 4.300911721155801781e-01 -8.451418544402143629e-02 -5.236000550900202916e-02 2.399828639167677080e-01 -8.530173347863036215e-02 -1.573017746362306568e-01 1.354171232357167520e-01 -8.521878985507509718e-02 7.540847978845334476e-03 -6.250758551231141991e-02 -4.346854719875727080e-02 -9.319329974501255887e-02 1.883513658195400953e-01 4.552020143325030688e-02 1.803675563347669486e-01 -2.092577883388183069e-01 4.143365377282834938e-01 2.260787875034331595e-01 -2.880554109850408384e-01 4.051886179740474270e-02 4.187261011228394364e-02 1.240693820001614461e-01 -1.158174153535338896e-01 2.782784968634842426e-02 -7.749793429121380750e-02 1.758544166951735432e-01 -2.222339619521316034e-01 -1.111705563010688264e-01 1.026293942743952414e-01 2.475881578665342364e-01 -1.183438632087833314e-01 4.436770225741313439e-02 2.610258509635881019e-01 -8.202800810478040605e-02 -9.176956946444203567e-02 1.839370110363235944e-01 1.426683314178669136e-02 4.561334514297007287e-02 -5.201893124069850716e-03 -3.295965719021415330e-02 -1.172271595677593786e-01 1.720068560324415075e-01 4.218881507623139515e-01 4.291320196683764410e-01 -1.570870107858323150e-01 -5.923745590730115917e-02 5.304365039722517064e-03 4.314660493929810547e-01 -8.457272366934844021e-02 1.668812225354646683e-01 -2.403424090411378500e-01 -1.843669445959913444e-01 8.869011495403754386e-02 -3.546830038889302594e-01 -2.459320185239288400e-02 2.248417636701246780e-01 -1.949899920667896858e-01 -1.224971477698608702e-01 -1.085698955124217019e-01 1.647331083570948915e-02 9.567780640668339942e-02 2.888429321167898869e-02 -3.959742707988505445e-02 -3.318358856904141674e-01 1.926744053939198897e-01 -8.383604651456656731e-02 1.062037947538432558e-01 4.592885810518432428e-03 -1.130659187767656636e-02 -3.136068313316610345e-02 -1.358406093723415337e-02 -1.653289484435856438e-01 -2.447665440477249932e-01 -3.066361618357797414e-01 -1.837928549506956111e-01 -5.599306548771015163e-02 -2.467806609229794210e-02 -3.221342661489317027e-01 3.686867083873807821e-02 8.485473133920379274e-02 7.836865984651104899e-02 1.741204652136598419e-01 1.070198692151590886e-01 4.290006234820533532e-02 4.104571059770862895e-01 1.012693591121219400e-01 -1.597077515579116702e-01 1.072827903629766239e-01 -4.710310001838047267e-02 -1.526494596541100313e-01 6.705178228893983461e-02 2.493695904456348644e-01 4.423223831134671102e-01 -1.145541677253966162e-01 2.422758965281190391e-01 5.023804071004329269e-02
4.152609690497080334e-03 8.900426723527188333e-02 -2.180563223078041749e-02 -3.060786731528835139e-02 4.421201287329529911e-02 6.334260178230875782e-02 1.411471233097603695e-01 -1.200455532852084950e-01 3.214492870112320433e-02 9.438555092593179166e-03 7.251428323901248918e-02 -8.262768347617677200e-02 6.128442409348870690e-02 -1.070206954976189312e-01 -1.023465393783577065e-02 8.341378361367156324e-02 7.719223973457135790e-02 -7.762092684550387679e-03 1.330114898015686831e-01 6.383918539437473394e-02 -1.389329198690313939e-02 3.753128393039185245e-02 -6.338084810700504723e-02 6.076182348283393209e-02 6.492956529710831870e-02 9.652843401380761801e-02 -3.031958305349245764e-02 1.119801014071244716e-01 6.740005352874342548e-02 1.332472841554104837e-01 -6.721389468763933062e-02 3.262757465313904232e-02 6.817868857916201120e-02 2.241533651100712649e-02 3.352923188899113033e-02 2.139239345752916299e-02 -1.132340548670398434e-01 5.832845389085159621e-02 -1.403950475373960394e-01 6.054102796910424550e-02 -1.121121732904643148e-01 3.289692538949384043e-02 3.078951487036550583e-02 7.048943370743332437e-02 1.017800707885990891e-01 -6.888667959378413919e-02 -1.594377806853848265e-02 -3.306728552780135305e-02 6.374973190844340776e-02 6.260090898456213693e-02 -8.811497479524496232e-03 -7.829674706901830483e-02 1.651659636147280886e-03 4.896699782437793913e-02 8.151995063228402449e-02 4.747769462842345300e-02 1.310567956813958254e-02 -7.925702398637092527e-02 -2.736988102843324056e-02 1.564541620882039519e-01 -8.562476580198620513e-02 1.300546200769943928e-01 -1.065846976765185278e-01 -6.586386031891608428e-02 8.692028056156354821e-02 -2.612582160105413054e-02 -1.933328421205993825e-02 -9.860267203327903462e-02 -7.208819712262530197e-03 -1.671219088549237911e-02 7.259743121236310326e-02 3.674579395144904077e-03 1.007066222817521034e-01 -9.183624588754789320e-02 5.337999097400731446e-02 7.975129142157789952e-02 3.937775790967396744e-02 4.372997352770901375e-02 -1.202862560684193373e-02 6.958825828492762322e-02 -3.948063635840543678e-02 1.310782748085821126e-01 3.844759470063557893e-02 7.433776441262965329e-02 -2.524290731617953240e-02 -5.268355098924949742e-02 -6.724569530320025079e-02 3.615881418477413789e-03 7.709044171321492722e-02 -5.289960892085269345e-02 -6.997370757576412692e-02 -2.657103171983328863e-02 7.344855074290968303e-03 -8.267370385178759995e-02 -2.433773596074270337e-02 -5.426082841230924630e-02 2.877358869695977126e-03 -4.007266342342711424e-02 1.284346852415774176e-01 -4.171035047771785159e-02 4.143737406551879776e-02 -6.267829628664881372e-03 -1.501555279366468230e-02 -4.391534938555527456e-02 -1.943456784775488000e-02 -4.887610024801767455e-02 -1.172417978258042314e-03 -4.195015143784589645e-02 5.725529413214532765e-02 -4.573623331760325039e-02 -1.289097644054651159e-01 1.641144587415443168e-01 5.603774302716228728e-02 1.098449727344823906e-01 1.197923040287023483e-01 -6.769854550466405940e-02 5.649789222534667976e-02 2.531448026359334538e-02 4.928664684121681488e-02 3.470554296307185732e-02 -9.810490735504098000e-04 -3.096408607390819037e-02 2.035392119483319523e-02 2.712164026315384488e-02 5.228121537914033612e-02 1.534609440100349331e-01 7.109736660388255025e-02 2.782638442018638310e-03
-6.348314809638576361e-02 -1.516072734152269785e-01 -7.355271606940687323e-02 4.131772248394711966e-02 -8.962459508811697340e-02 -1.085422336162746026e-01 -1.200455532852084950e-01 1.692895263578560183e-01 -3.766867906172316136e-03 -5.739330094690432010e-02 2.054528332435370114e-02 4.380336255334266182e-02 -1.053072524014578154e-01 2.556812860513001887e-03 -2.248866068453609854e-02 -1.047685192683487643e-01 -1.620010650844732822e-02 3.576230714971625341e-02 -1.291007840111328964e-01 -1.284503497611549916e-01 2.569043091856575145e-02 -6.886568934473047410e-02 -3.129931049601064608e-02 -1.133362434774285860e-01 -5.095320904562129077e-02 -1.803435733075997235e-02 6.532883922918925057e-02 -8.813678243285716363e-03 8.567000830687260260e-02 -1.524486618882612554e-01 4.864925909490949718e-02 -2.362967092581097148e-02 -1.213628880267600130e-01 4.427154035863033188e-02 -7.010679974734262618e-03 2.100237368003619182e-02 5.251625553509644412e-02 -2.176300750100008952e-03 2.616272041187042360e-02 9.208055418856933572e-02 7.856846011974971677e-02 -5.708676659670613995e-02 2.485522656656624901e-03 8.852654393988190762e-02 -7.065317577689306239e-02 -6.651032278087590233e-02 -6.496818445933595643e-02 1.113412628131519172e-01 -1.123026074375669814e-01 -1.060603811199479496e-01 5.180697132653559744e-02 -6.263846657208205215e-02 1.793806909389579138e-02 -7.728940043402607318e-02 4.120097328351145227e-02 -1.101501454550692094e-01 -1.663925007642415299e-02 -5.780423605611567433e-04 -2.411313499629326104e-02 -4.380827669078334735e-02 4.585581008723049051e-02 -1.867024208782270267e-01 1.711852263530439511e-01 -7.819123190888314923e-02 -1.261300084930162269e-01 9.294210655506960142e-03 1.402263709152251972e-02 9.426296035177376964e-02 8.160427057768464970e-03 1.550611171795094646e-02 -3.935377430755339356e-02 -5.076087548284091699e-02 -1.287697371534109458e-01 8.777150681966998380e-02 -1.019061190514469473e-01 -1.286479561372602942e-01 6.835049644562843363e-02 -2.809215641706274899e-02 1.666525194313157529e-02 -1.179369625687153728e-01 2.319720934962702860e-02 -1.930941305263091101e-01 -8.492751683278854102e-02 1.279769143878954282e-02 2.373394820070381245e-02 9.737541080285995465e-02 6.063141622206184855e-02 -7.864921951877454354e-02 -3.179891522370294384e-03 6.162841301444667297e-02 2.461497875686030623e-02 -1.371667789627161425e-02 -1.605363016995895592e-02 7.280939737742225804e-02 9.681278396810912013e-04 2.961627443223107618e-03 -7.914069427525148581e-02 1.072055457173727716e-01 -6.913554768120817873e-02 -2.820174156127280840e-02 -4.738536794506728426e-03 -4.006409084131781762e-02 -2.838475665367178741e-02 7.742569636583795933e-02 -2.541024614808982951e-02 -6.877726417341097249e-03 4.338894528162288468e-03 2.412241567986958893e-02 -3.110036029279200295e-02 -1.567088477278796160e-02 1.078359284127703849e-01 -1.058850084760771526e-01 -1.158343669060274937e-02 -7.491658271224926890e-02 -6.114946024942917446e-02 -6.879474681014019488e-02 -1.096967656442706940e-01 -6.050243768474689726e-02 2.567050758888375639e-02 -5.924862088215313710e-02 -4.502416926713790311e-03 1.104024041869203915e-01 -2.971742544914489359e-02 4.628519280032672607e-03 -1.082074139960077924e-01 -3.941464803642957815e-02 -1.739010750184861662e-02 3.682280454556331739e-02
8.617163791876404633e-02 -1.801731506450429676e-02 1.057246313995302209e-02 -5.047046185585563755e-02 -2.189905984914835568e-01 2.568786000198044484e-01 3.214492870112320433e-02 -3.766867906172316136e-03 2.601732757941106478e-01 -6.484944278495219372e-02 -1.397887467543606765e-01 7.486587695784867325e-02 2.722017323131483701e-01 6.959024962383927870e-02 -1.081395024336094385e-01 -1.088463874975535289e-01 8.200312541874628380e-02 2.582509309663543751e-01 -5.603400322313628612e-02 2.701970957382497929e-01 -1.635600483644855385e-01 -1.177987473753361880e-01 2.040457588304791514e-01 1.149485552003760569e-01 -1.527531970252955437e-02 3.025490673458552937e-02 8.481461520387774400e-02 -1.265917992670668735e-01 1.883458223187196162e-02 5.205694434583089947e-02 -4.118634782126940480e-02 -1.689825418033960146e-03 2.627912273266945209e-01 -1.628078206942371042e-02 -4.597912529641797613e-02 2.206323380733500039e-01 -9.904982071526811926e-02 -6.487994005009704857e-02 5.701464474168915081e-02 3.713534987794481212e-02 1.442908288739657915e-02 -1.119192409683106293e-01 -3.170403211472721389e-02 3.047063224600317366e-02 1.238749841509892008e-01 -4.140858914004359043e-02 7.043611715829510567e-02 -1.044795565493018413e-01 2.596888951517123401e-01 1.173836520858942412e-01 -1.888660552681810934e-01 -4.801864153707867400e-02 7.778779899054297231e-02 7.328168940229094763e-02 1.988689931084207212e-03 -2.777875963589007333e-02 -6.952764555992838047e-02 1.108135107325358554e-01 -2.265440300204340229e-01 -4.058483810275460152e-02 5.273926080463860883e-02 1.592897763477827133e-01 -1.813162903197774924e-03 -5.552768991517440661e-02 1.077450402317152028e-01 -7.464995017805326752e-04 -2.972776273798308569e-03 1.524666261264108758e-01 3.765295089374980086e-02 5.122865156356614519e-02 1.532663922454497634e-04 -8.312307914979022438e-02 -7.415549478212161982e-02 1.467300108878865361e-01 2.655090561003946026e-01 2.735308532410233306e-01 -3.416102641169253828e-02 -2.152095274496618887e-02 4.515969229260043821e-02 2.637798098754775555e-01 -1.590160105589850589e-02 4.395690901996919531e-02 -2.023618160842134417e-01 -1.072320481121528252e-01 6.789513560936094594e-02 -2.519704544043828154e-01 -9.286567678753708532e-03 1.776762622466453445e-01 -1.349414176365829054e-01 -5.729561369446915103e-02 -7.302565301716330837e-02 -6.972188539713164435e-02 4.565395032222555050e-02 3.537367737983598825e-02 1.161089902556993424e-02 -2.802035401902014944e-01 7.585281455588221977e-02 2.404852584757433825e-02 9.151399395838100137e-02 -7.072238463207237980e-02 -1.013165875741036358e-02 -8.634201171640214223e-02 -1.079867508197664000e-01 -1.354158259785641361e-01 -2.407156555807643539e-01 -2.677954508778195852e-01 -1.374493390600204645e-01 -6.200051142273904636e-02 6.943370269344195309e-03 -2.806481211667610220e-01 6.618252947376544737e-02 7.496161679124242749e-02 4.753684798355518881e-02 1.261248079769556052e-01 9.627467162843128534e-02 -3.984484401109403967e-02 2.589978267884102681e-01 -9.078224246119964008e-03 -5.728128146643486629e-02 6.600384509964153656e-02 -9.250173247405638066e-02 -4.166731592221058905e-02 2.933209149521328468e-02 2.247208455112107983e-01 2.561839858579274543e-01 -4.725881753962198062e-02 2.620699197068701580e-01 6.977578159852858286e-02
-2.808494863289419385e-02 9.611450270982421773e-02 7.166263053676183437e-02 -1.465094719496078390e-01 2.569058055942264884e-01 -1.901118832326260596e-02 9.438555092593179166e-03 -5.739330094690432010e-02 -6.484944278495219372e-02 2.627440301109975618e-01 1.464043470125243190e-02 -9.375599177462037859e-02 -7.361045676672134212e-03 -6.594452257068664225e-02 5.756119842815907162e-02 2.295165168593740201e-01 2.105762484048070982e-01 -6.104605576062759748e-02 1.280805901102888833e-01 2.829043380410329114e-02 -1.170094615307663150e-01 8.434923765140767138e-02 -1.161379802571873426e-02 1.718992370221580912e-01 5.830824809517178714e-02 1.775880177069507626e-01 -9.638345323551111843e-02 6.053384589302205493e-02 -6.392271535454165099e-02 2.125706819719390683e-01 -9.744603592088303678e-02 3.470531369391401805e-02 1.798637620426996736e-02 -3.411898641431027751e-02 -7.930242595334517641e-02 -1.920792166338416707e-01 9.624934273744262248e-02 1.652157309664268325e-01 -4.829180833951814134e-02 -6.647648893577084994e-02 -1.579581923156694184e-02 8.619754165210312402e-02 -1.067476813085529719e-01 -6.742666853692616535e-02 5.674366087324519969e-02 7.083446075078858595e-02 -2.589034691792583415e-02 -1.454070941516547311e-01 1.056856477353898364e-02 -7.661758920218345037e-02 1.000217476863877880e-01 7.646735495581577502e-02 -8.470558958958325502e-02 2.350688133719413542e-01 -5.173840083721871486e-02 2.689663722212307095e-02 -2.956628158178284393e-02 -1.224766517005387578e-01 1.696694231822250543e-01 7.285710449167628888e-02 -7.449863886373711552e-02 2.096375647275664222e-01 -5.776182464488673063e-02 8.283779994511487887e-02 1.027792064299616059e-01 2.405644166280332050e-02 8.421155724533776338e-03 -1.365109599770555904e-01 -1.927237117015378337e-02 9.176723843005160641e-02 -7.664761239427939077e-02 2.511255579841341068e-01 2.823973794026763962e-01 -1.188436931443712374e-01 -3.595146904539567399e-03 3.554808312670658388e-02 -3.862966588750565283e-02 2.715708588663380205e-02 -3.643916705411658075e-02 6.301779300657953152e-04 -1.622265513072232782e-02 6.734244845124902346e-02 2.290619319183687386e-01 6.549210318610433623e-02 7.098093018879435105e-04 -1.007541437182196548e-01 6.365578933704817144e-02 1.458263848551223998e-02 9.134552786607574859e-02 -1.517244100946513186e-01 2.247192348656523037e-02 -8.648849786265021267e-02 1.174649001415053601e-01 -1.360584594710227690e-01 -4.744823898029422969e-03 8.926214112757495378e-02 -3.264171509292976281e-02 1.069919187439029307e-02 -8.683224999787775289e-02 -7.875092697051641610e-02 -9.454278651409127321e-02 2.240426791744490331e-01 7.952760150178687926e-02 -5.904013298288142420e-02 1.830317862229333403e-01 1.017085505292754100e-01 -2.164200583500466499e-02 -9.480439636849946616e-02 -2.101061099465927062e-02 1.194646095469539399e-01 -1.009845231773909557e-01 1.725691892957191597e-03 -1.449843863260850095e-02 3.874789226590843322e-02 -1.039005442119582956e-01 7.555754705524676818e-02 1.605462283473068491e-02 6.486273602136376215e-02 1.338652605321859757e-01 2.184605440540142440e-01 9.308029336020386124e-02 -1.656141168879497472e-01 1.750171836065511910e-01 -1.571064919641557700e-01 -3.612542854889364691e-02 6.592433962059837671e-02 4.479264208416038756e-02 -2.380355631415267403e-01
-1.690896791059759985e-01 3.813460226368225233e-03 -1.201701566423244438e-01 1.591518906438433439e-02 1.662222373313618218e-01 -2.442764716740868092e-01 7.251428323901248918e-02 2.054528332435370114e-02 -1.397887467543606765e-01 1.464043470125243190e-02 3.518701909120428573e-01 -1.749055301403528440e-01 -2.545291193841527355e-01 -2.821118536275304955e-01 3.651363655165837385e-02 1.299818792544677193e-01 7.775076749027214074e-02 -2.051862153810143641e-01 1.817731956092813184e-01 -2.795963025519101475e-01 1.270035729097961363e-01 1.230472333529445267e-01 -4.028179729352386884e-01 -1.835968382609579896e-01 1.050151237887994443e-01 1.431267770079320545e-01 -9.849185800604293162e-02 3.393371747663603832e-01 2.864018695105204904e-01 3.943350421844987741e-02 -4.189051444421645204e-02 4.132934950683642139e-02 -2.506587693290892593e-01 8.219819238304305886e-02 8.813722814931108929e-02 -7.861763726697747201e-02 -7.799300155319525973e-02 1.374951039183857360e-01 -3.575369813074451009e-01 2.700264298930730722e-01 -1.132732591960220192e-01 1.335096689811758053e-01 8.031196234279287804e-02 2.919574760310543193e-01 1.673635166831550364e-02 -2.399139805966954142e-01 -2.057270010322350406e-01 2.374809650264219918e-01 -2.432668682635765189e-01 -1.888783147095959847e-01 1.742323600983178844e-01 -2.472495793561081401e-01 -8.867712914443101613e-02 -5.413863965395666195e-02 2.913716950950416829e-01 -8.272611049314536336e-02 1.058487565333054992e-01 -2.514831432013337476e-01 5.887266227937643093e-02 3.485291432627689034e-01 -1.595330215602289714e-01 -1.231624317289674864e-01 5.411418947748231761e-02 -2.367041331326656672e-01 -9.050873068561976487e-02 -2.618917081411301084e-02 -2.226729134517262555e-03 -2.214775211883774630e-01 1.608092641550728716e-02 -9.220735429511979497e-02 9.489625847743471398e-02 2.252953668163258302e-02 1.151683031968463444e-01 -2.055629709840374741e-01 -2.568293264170841139e-01 -2.473374884833684784e-01 1.841004592811952278e-01 4.223722225287798726e-02 7.932562836977120196e-03 -2.481607701605003657e-01 -2.689774153036602819e-02 -5.709893593132246009e-02 1.372307198702145958e-01 2.317284716175014303e-01 -1.348965507874425596e-01 2.503392653699207382e-01 -5.822189724630575519e-02 -2.556829652461417024e-01 2.326546651855780912e-01 5.105822527559416603e-03 -6.712805295609465539e-02 1.620204171335561105e-02 -3.480246723216393057e-02 -1.272781897511983673e-01 -5.066991663219701236e-02 1.338172332685172439e-01 -1.829205595849147659e-01 7.121232950494006675e-02 9.528726111848656588e-02 -8.328523839932243378e-02 8.089177610448228251e-02 1.572180825014099156e-02 2.664869123946597695e-02 1.842294856307553630e-01 9.010716643061390807e-02 1.162398239411275846e-01 9.210822238077988333e-02 -2.080876671988746152e-02 5.650062143829914785e-02 1.214724782062854835e-01 -2.160862882715552935e-01 1.266680719201778715e-01 7.794251022569934073e-02 3.741229562492032201e-02 8.093908570641679401e-02 -2.408317106430832855e-01 -2.525486610766897178e-01 -3.147778652222570084e-02 1.463547942066678320e-01 -4.567279357205020901e-02 9.214909367033680132e-02 1.482094642749795244e-01 5.254507024243322902e-03 -9.261968885527388506e-02 -2.741129299481294135e-01 3.531272017719863654e-01 -1.200614070664945132e-01 -1.895663636420922074e-02
1.423996372500276920e-02 -5.730081589388892616e-02 4.202820581560048896e-02 -5.140944321373723536e-02 -2.729249242802321840e-01 1.371342436022530697e-01 -8.262768347617677200e-02 4.380336255334266182e-02 7.486587695784867325e-02 -9.375599177462037859e-02 -1.749055301403528440e-01 2.312584839084791677e-01 1.318123142344759247e-01 7.766568032912637976e-02 3.867215662839748602e-02 -2.100761992715258764e-01 -8.918198507540914255e-02 1.050225928656314256e-01 -1.028240217230429743e-01 1.250960352253546737e-01 -1.333290660612833356e-02 -5.684928738618844762e-02 1.653199200271202041e-01 -4.489088283662284740e-02 -7.819477692605737718e-02 -1.544536140614000963e-01 3.219637697041657226e-02 -1.676464519140746512e-01 -6.861203014546070345e-02 -1.594093684835672098e-01 8.103427778193765529e-02 -1.652239015556282789e-02 1.252469167780207171e-01 -3.876988334202873671e-02 5.432578920700249780e-02 1.723124724182872325e-01 7.286724532374987129e-02 -1.650751499359246199e-01 1.335799073720192742e-01 -6.679731142799483212e-02 7.916846499394460113e-02 -2.904332281081782249e-02 6.184778244735754382e-02 -6.965628924632699670e-02 2.673885504712690195e-02 4.788299020108653659e-02 1.735353232254932543e-01 -1.795748066058234366e-02 1.222654519669567619e-01 1.582676495857020943e-02 -1.836567517721821585e-01 4.911321323450361376e-02 -1.548660736729525140e-03 -3.174627443578328934e-02 -1.019012190140739238e-01 -9.751563359106241169e-02 -7.851600637792034709e-02 1.060874134120348838e-01 -1.471054718715647802e-01 -1.425931520189694934e-01 2.167356529680095067e-01 -8.456958060938586652e-02 3.420700969120748364e-02 4.747404347685914294e-02 6.949345736076882607e-02 -3.984878008473123623e-02 -4.207759834902696783e-02 1.374841017942012300e-01 1.335326195625679245e-02 4.513783855849863580e-02 -9.711528146347576940e-02 -9.444974453200441489e-02 -2.240054099229340234e-01 1.219599576189499268e-01 1.365378248645573445e-01 1.004919942467522170e-01 -7.351157956048742781e-02 -5.512085850777843216e-02 1.204726152109931309e-02 1.262250807666535080e-01 -1.229250522659754499e-02 -4.584289176333865290e-02 -2.469933803337397149e-01 -1.015571886812192820e-01 9.160317340487841853e-02 -2.401151099541325856e-02 9.016076226747114786e-02 5.442198167651751683e-02 -1.065917539635674594e-01 -3.158011435077159174e-02 -1.381619633673166836e-03 1.077024686697093392e-01 6.650931162745787883e-02 1.068156790748144153e-01 -2.531664110541968684e-03 -1.145518701174160631e-01 1.676558720931831115e-01 -7.764708951436082029e-02 -6.344467131296444018e-02 1.025953778414432360e-01 6.960746546770360532e-02 -6.866759919658536881e-02 3.084190451798098087e-02 7.008021555944096703e-02 -1.604308733448309432e-01 -1.095587305856770000e-01 -9.045364204892994420e-02 7.428591326188442590e-02 -1.471156139033349686e-01 -1.253031311157712380e-01 8.080097296346500091e-02 -1.073151411556338142e-01 1.006652385593546049e-03 1.677925463192354513e-02 -5.713900364460139381e-02 4.062123609971172999e-02 1.175574929346637626e-01 1.058278956803688532e-02 -1.421449428590947639e-01 -1.259687720567028574e-02 2.886686848186539953e-03 7.022091300071707509e-02 2.943388336301677038e-02 1.629226930535514761e-01 1.585820004835530872e-01 -1.424200777033144683e-01 -3.083910079869814358e-02 1.031156577233120486e-01
