2.750211534506125793e-02 -8.340372992161771554e-03 1.089729741135831743e-02 7.402571131396011410e-03 4.013918018900258095e-03 -7.862729802717991412e-04 2.152212401362089533e-03 -5.720874223970699550e-03 1.240274287346345219e-02 -1.112151092556954921e-02 -1.968717189137845699e-02 3.272642468861127960e-03 9.640619507520120288e-05 2.100699173833758121e-02 -2.348948157465158629e-02 1.060865893808729185e-02 -7.560909531135701599e-03 9.997795750453583249e-03 -5.340515300929455506e-03 1.773014064439821591e-03 -1.793570672808895701e-04 -1.549168389955695238e-02 2.348005154646212386e-02 1.032164354563992748e-02 -1.048941026471775576e-02 -3.408894807784747499e-03 1.324698377130374867e-02 -6.108815087352278267e-03 -2.240837655185580479e-02 7.560368655042415745e-03 -2.002878105729634373e-02 -1.479971343065064615e-02 3.115097571105145970e-04 -1.031676352614069314e-02 6.821622736006933627e-03 3.325358294152989773e-03 1.222788690666013140e-03 7.169556348275055819e-04 1.408247614068483533e-02 -2.050458167268082860e-02 -1.094480787350345834e-03 -1.583823010361161410e-02 7.398284691340069157e-03 -2.198586918345511038e-02 -7.366861219731504415e-03 1.878153444794401425e-02 1.248964448500568258e-02 -1.102044030964326009e-02 5.897080067184005611e-04 6.172398929224800351e-03 -9.509198286756958413e-03 2.028471260089642972e-02 1.678638135175563803e-02 -6.549953298448625907e-04 -1.281202684847527855e-02 5.177237825349703844e-03 -9.809081177985592287e-03 8.460739058433015478e-03 -5.032728644017364812e-03 -1.483949202691683088e-02 3.885179108702794485e-03 1.094121984433346455e-02 -7.962636767414141281e-03 1.845245395275035491e-02 -5.580623518006580172e-03 1.945429217974253139e-02 1.813609506687926740e-02 1.012941953864683262e-03 7.148080520816287899e-03 5.572158543890932958e-03 -8.800930599363361237e-03 -1.370187764729223316e-02 1.372241638031913673e-02 1.090254813603388140e-03 8.491610127509458851e-04 2.364546673638116131e-03 -1.125842435331608771e-02 1.742344854058799908e-02 9.804965357135465853e-03 -1.450363931439011076e-03 1.542114114219306741e-02 6.237753015660063051e-03 1.516403353350116679e-03 -1.291261472008330830e-02 8.755795956622071732e-03 -6.774357596153670648e-03 4.587541136521097046e-03 2.900311299735701745e-02 -1.171525440874120715e-02 9.904473609952718985e-03 1.597568948172847086e-02 -6.061686395462457209e-03 -8.620732241857881686e-03 2.289562696691808171e-03 1.671153106442552910e-02 6.280023278113286769e-03 1.236469562772504402e-02 -1.266319845188501256e-02 -6.395518956072963196e-03 2.952787643588031946e-03 5.605129795030708295e-03 -1.455470767639872876e-02 -2.146919355351284767e-02 -1.574815966500092701e-02 -5.720222971986371231e-03 6.431228210837376842e-03 9.676957315511091132e-03 2.845906233814132595e-03 -1.373719173648817356e-03 7.398124285408781524e-03 1.018942319696019595e-02 -3.964526446578632048e-03 -1.788392756119210752e-02 -3.886991455090264749e-03 -4.324237015800052979e-03 2.032404657689817346e-02 2.169428490518458472e-03 -1.429277434516050722e-02 -2.258303613917927478e-03 -8.683174437800485852e-04 -2.271380770676405259e-02 4.465143412620215316e-03 -5.987953850201520149e-03 6.517779019507651157e-03 -2.415772342363408515e-03 -1.649777269474522398e-02 1.692386213908078684e-03 1.025094372732143419e-02
-8.340372992161771554e-03 3.222389590791138042e-02 5.061804181484648099e-03 -7.914272467321910309e-03 1.618837529945675938e-02 9.635834597585671291e-03 1.567078127146370736e-02 -2.092781195295096222e-02 -1.522936533742094353e-02 1.185430579142104056e-02 1.449088065737680515e-02 -6.085712130963226441e-03 8.258997528985073319e-03 -7.938887708804550150e-03 2.062419366121426983e-02 9.148846685813239940e-03 -5.722531811772923506e-03 -2.415877806236049058e-02 2.526040028974359600e-02 1.197721881871609100e-02 4.380318708668611005e-03 2.775242960241905074e-02 -1.523006276962870185e-02 1.694957016336917904e-03 1.692641227160153472e-02 -7.414571632802825774e-03 -2.622987011128874793e-02 8.922028525490389300e-03 -4.713065021215000032e-03 1.142458409549244880e-02 8.864106746482205978e-03 1.214603296336493402e-02 1.120976149955659265e-02 -1.552490111798219023e-03 -4.481868282569897890e-04 -5.465494586780028641e-03 -5.213505525724687097e-03 -7.914640451088391163e-03 -1.307084429219393211e-02 -6.469518898687846853e-03 -9.935157571136513099e-03 2.636176025001478809e-02 -2.367366103788474431e-03 -5.513193187057451559e-03 8.673115095408297920e-03 3.231069203328539811e-03 6.089159658172879283e-03 -3.063592569121169860e-03 9.323686685155480394e-03 6.303309943696111702e-03 -2.671636724657175648e-03 2.177077045052724490e-03 -2.001786479797415183e-02 4.078023974711987402e-03 2.005474728962456515e-03 1.502013804351268363e-02 1.630272764318013018e-02 -2.297797705342170382e-03 6.948499529797976665e-03 1.517449990724813180e-02 -5.121101121025149402e-03 1.407485612094372396e-02 -2.134279379040276980e-02 5.170932421295895351e-03 1.515492290224782455e-02 -1.075435886646566690e-02 -1.001583530627576761e-02 -2.055937914953894982e-02 -5.928439615543601091e-03 -1.042196821761840093e-02 1.217734702462140023e-02 1.167680936736042660e-02 9.968866505968175182e-03 -1.961316732125726117e-02 7.154657387035107986e-03 1.029555984986188499e-02 -4.375000836195201172e-03 -1.018573870952269034e-02 -8.584696816628758706e-03 1.063094294275725160e-02 -1.046382588938160087e-02 2.514424118579139389e-02 1.491157542216006542e-02 4.994124643636725473e-03 -1.671847056731677605e-02 3.038616438662789746e-03 -1.208069364206946182e-02 -7.355211230715763722e-03 6.615792169401027607e-03 -1.165750729058978065e-02 -8.479628018275718951e-03 1.356073904163358941e-02 3.489414471973552399e-03 -6.422083962555151342e-03 -8.278764193024827980e-03 4.169573222287953004e-03 7.343001102902821722e-03 -1.159984349161067609e-02 1.065047437256307940e-02 1.226430626423100946e-02 -1.296675309372656570e-03 1.114127933821518028e-02 1.984194804476704932e-02 9.159265346837315580e-03 7.857017791014671293e-03 5.069673108620296152e-03 -4.919528876731258174e-03 5.113099012412563454e-03 1.657402390528807303e-03 5.991085780615864644e-03 -2.367106482574102277e-02 1.428836654026965393e-02 6.756686871573980985e-03 1.011720343731628557e-02 8.085753874989604420e-03 2.869601596745585508e-03 8.435984120152313984e-03 1.665457016364199280e-02 -1.155375543740061635e-02 3.094365726099759274e-03 1.730613065038113380e-02 -1.315717642910859200e-02 5.254089458835702921e-03 -3.964937093872341299e-03 9.953494893703274810e-03 1.549623192617333688e-02 -1.371390367411720081e-02 -9.390853264060191469e-03
1.089729741135831743e-02 5.061804181484648099e-03 2.569157750089635581e-02 4.293039004108062211e-03 -9.983059491203642721e-03 1.581268730761619529e-02 -2.237188246637380557e-05 -6.219255497536935184e-03 1.192437162115926250e-02 -4.398556975659321210e-03 -1.402677924652878313e-02 7.143033527174542756e-03 1.494762319785479521e-02 2.018790394578382982e-02 -5.071139278639474890e-03 -1.209866646888889397e-02 -1.195692409050667232e-02 1.000993353172197758e-02 -9.604095333937181719e-03 1.768959714648786138e-02 2.976554065885258799e-03 -3.098418251931643001e-03 1.717380601496464737e-02 1.289644213360112510e-03 8.422795031607418353e-03 -1.522755134812513005e-02 1.179753341342524306e-03 -2.253151708754113844e-02 -2.249158988211889462e-02 -3.709388192629684434e-03 -3.786756949572612444e-03 7.941296156634849654e-03 1.654837950186569678e-02 -2.499416606329301141e-02 2.249074944664746813e-03 1.253649544213948294e-02 -6.765193362622847189e-04 -1.819886673244796790e-02 1.784232732793851472e-02 -2.189086495755564188e-02 -1.074489227167886368e-03 -3.176266273781689665e-03 2.549435722047938436e-03 -2.316858219158543508e-02 7.487740249508542840e-03 1.904381575237214241e-02 1.265044519748312161e-02 -7.338906305203656694e-03 1.496997744755225110e-02 7.731618962085118167e-03 -1.668274918862268710e-02 2.036601045391301171e-02 3.632301337091312435e-03 -4.412661134635907471e-03 -1.647534169584043487e-02 1.208342529916213610e-03 -1.409058947395606986e-03 1.107121949372075545e-02 -1.062262098722068816e-02 -1.735096933280760173e-02 5.915475551551307130e-03 4.363999056262261693e-03 -8.465135378913224082e-03 1.990250834326868709e-02 1.135863093664028420e-02 -7.798678571026030140e-03 -9.122637352294134250e-03 1.563597512237256681e-02 -3.001618260774232237e-03 -2.540923590926291893e-03 -1.617160074785273325e-03 -5.860891799932077192e-03 -9.894320368277280051e-03 1.468110096282907069e-02 1.581967342886012734e-02 1.574486273216289117e-02 -2.797680729299035357e-02 2.259175476613599267e-03 -3.448755110215279140e-03 1.537514734914381329e-02 -8.628850061127091645e-03 7.629434282008530285e-03 -9.147746160207779337e-03 -2.536008367465450442e-02 3.410507116976389634e-03 -1.176070080225172058e-02 -5.755746528263321928e-04 1.525854231629751763e-02 -2.574498419879787600e-02 6.122758313254342451e-03 1.445424732468574870e-02 1.621953416488339586e-02 -5.250816684913437761e-03 9.383680536305217396e-03 -6.524083556043793440e-03 -9.263125803224926333e-03 1.494364435049630284e-02 -9.702913042314817091e-03 -1.389730556007064003e-03 1.266651083183788044e-02 2.822376911632113253e-03 -5.174610155095722350e-03 -3.397917323921471975e-03 -5.632299516601485014e-03 -1.177181812730721672e-02 -8.763698339792319603e-03 4.303719510733026304e-03 9.836950551823505848e-03 -3.850541350049404253e-03 -9.321243063263165429e-03 1.158109736162531503e-02 -4.340060827104853976e-03 -1.397402946986419855e-02 8.783549076806770883e-03 -1.052381298141038786e-03 1.955342521970812250e-02 1.694134702597945019e-02 9.689831653002271492e-03 -1.954779854085048757e-02 -4.171965942618500317e-03 -6.187964569750333509e-03 -4.406430672903542158e-03 -3.926759233790559113e-03 1.372393128142465266e-02 1.626121051178194832e-02 -1.811282416869136602e-02 -2.373406841242304329e-03 5.545212522474468955e-03
7.402571131396011410e-03 -7.914272467321910309e-03 4.293039004108062211e-03 2.169855215812184143e-02 9.748444081695127215e-04 -1.161562632329886206e-02 -1.441117950304298800e-03 2.869949491645529521e-03 -1.043353204046181329e-03 -1.444362569769184861e-02 -9.309547499421785659e-04 -4.949575741720977501e-03 -1.190439427255106548e-02 1.565743743693156359e-02 -1.234155374059284736e-02 -7.501954245959080274e-03 -1.725861310631143439e-02 8.601217189429717115e-04 -1.670163866198816002e-02 -1.231725402745575612e-02 1.612589860946256684e-02 -9.897242101092627864e-03 2.418122885532642853e-03 -7.709413227573192959e-03 6.624467351673326296e-04 -1.081145142656767845e-02 1.221289706664335957e-02 -6.151605641893162849e-03 -9.010221292992349681e-03 -1.318910144921080045e-02 -2.029856675860486522e-03 -6.150837769792546095e-05 -1.249448070587202281e-02 -6.008473690982351484e-03 4.046207919584057788e-03 -1.252737508217272163e-03 -4.610762310401055573e-03 -4.825189494520414762e-03 1.361135036125617551e-02 -8.759756988992001628e-03 -2.025267506403242556e-03 -1.236348574335850194e-02 4.949448668292546691e-03 -9.506298968264345270e-03 -1.046207811633974652e-02 9.359048402626772220e-03 -4.511060726881361421e-03 6.701821274056277838e-03 -1.202325167082952430e-02 7.415401218042027426e-03 5.518125068919342048e-03 1.023271887317610609e-02 1.341720778375506996e-02 -2.136924002513670290e-02 -5.970417344754170089e-03 7.394757232840111841e-03 2.250721890398065406e-03 4.152657214101840126e-03 2.006191360935583989e-03 -1.485551519529318236e-02 -5.857569612954557740e-03 -1.574895331189069686e-02 1.469334923681953065e-03 9.157744917923840017e-03 -1.408343377363083238e-02 9.017282285085907083e-04 3.287650901361599434e-04 1.009724589296514922e-02 -5.290319934736894582e-03 -6.283408707766848476e-03 7.211248919816216213e-03 -1.383261483466828069e-02 -9.978584695055374779e-03 9.398215887316464789e-03 -1.124616465658491611e-02 -1.243287657625762044e-02 -5.775702983002092665e-03 7.244591797696996877e-03 -3.779981129948460812e-03 -1.182538671755156007e-02 1.184306584018529488e-03 -4.987879574681715160e-03 6.456132765993762837e-04 -9.722020039841124811e-03 1.154146543807617852e-03 8.961574086158876837e-03 -5.812175733527011855e-03 1.619110148933371705e-03 -1.049558448174185005e-02 2.295766256812688602e-02 1.682271560128947505e-02 4.289229044547392122e-03 -1.946272805986829640e-02 1.304686157035188192e-02 -3.552078018589453073e-04 6.116056069272885962e-03 -3.708052315404292837e-03 7.389873838152321781e-04 7.634532055654023571e-04 6.870414960081908974e-03 1.842181561123294774e-03 -1.366003976239790231e-02 -1.201761291700301215e-02 -5.882223250536764737e-03 1.204759766044744690e-03 4.988636420951682651e-03 1.789160082281143760e-02 1.058077984459076734e-02 8.693417006973930272e-03 5.096862914086796453e-03 1.832971952622138717e-02 -4.218692662840416684e-03 -1.431339374725951533e-02 -9.110786967818132118e-03 1.792164262295341867e-03 9.846758675486708828e-03 -1.029458761819642375e-02 -2.849428856709001687e-03 -4.127068543645685123e-03 -2.130835030564414562e-02 -1.315961375029024542e-02 6.169632107409933792e-03 -2.023307993757600745e-02 -2.485806321217183621e-03 -1.128491004450764973e-02 -1.502854178089342747e-02 -6.917589590215534462e-03 1.099331495764734913e-02
4.013918018900258095e-03 1.618837529945675938e-02 -9.983059491203642721e-03 9.748444081695127215e-04 5.379384788308999577e-02 -3.194984869302928965e-02 7.540779228039902991e-03 -1.358145864491792400e-02 -3.511130180048580712e-02 1.561399155157976865e-02 1.340645070738587241e-02 -1.514102506941264643e-02 -3.110148907374967256e-02 -2.403274174313062631e-03 6.914037087267497529e-03 4.160812968141202467e-02 -5.465975255597112573e-03 -4.044133083100480419e-02 2.487001090222146910e-02 -2.594945464918420666e-02 1.019734395387246820e-02 1.893030357582875176e-02 -1.523260696864666384e-02 8.136186909833739711e-03 -4.684077787295751194e-03 2.829226764816810367e-03 -1.602432830241806022e-02 2.833611450002041995e-02 -1.487757271164610873e-02 1.707332078548842030e-02 -5.600810712922902473e-03 -1.329984113301660789e-02 -2.806489723452411378e-02 1.517210169433502731e-02 5.831300499180592243e-04 -3.925985077007403817e-02 1.186724980970482908e-02 1.906856262667274218e-02 -8.868000498074702156e-03 -1.604680451395949087e-02 -3.816772783342704031e-03 1.714196366015103765e-02 -3.286045665832222282e-03 -1.570355897839981196e-02 -2.360985331989934669e-02 1.499865725773627707e-02 -8.020266490559217016e-04 -3.551032816549089602e-03 -2.782368161503689236e-02 -5.014818984915858820e-03 2.440454018686431456e-02 1.524024076490404153e-02 -9.567385339342095521e-03 4.766278463673704127e-03 -3.100878553366754383e-03 2.460102206203622008e-02 1.079193391271379351e-02 -9.935363749861364849e-03 3.700596155977375901e-02 9.113916065091300089e-03 -1.071228886735417843e-02 9.080239539705660737e-03 -1.573638292981354575e-02 1.692975518245811578e-02 -1.679521613054097903e-02 2.230147722564075619e-02 2.196053125522469396e-02 -4.220159451530319100e-02 -1.660542017929488934e-04 -1.225965986185646684e-03 1.250406264009472617e-03 1.515320338765957335e-02 4.246413093594908483e-02 -3.976897434622949506e-02 -3.129130754679705639e-02 -2.602341455284550020e-02 1.273387549226690819e-02 6.524866234384295652e-03 -5.051402756483860121e-04 -2.973643365611717410e-02 1.882293744771984176e-02 1.444620582922425192e-02 4.630123197057980228e-02 2.250558414852918757e-02 -1.328359905164994831e-02 2.433176527275222531e-02 -1.939050934687743324e-03 -2.106558089720456887e-03 2.738022729827815915e-02 -5.008721150019879382e-04 6.459616551685799096e-03 -1.125535216064054572e-02 -5.487622371626167499e-03 -1.062582973263684165e-02 1.836708027061396617e-02 4.549537488467501195e-02 -4.353725717394770454e-03 -1.158181132601393548e-02 -1.045012175343742501e-02 5.773254360727506258e-03 -6.661675756719012687e-03 1.205967091764989507e-02 7.153337350325307022e-03 3.228272803205751388e-03 3.901845019843462603e-02 4.579684291527670592e-02 1.208358801753853587e-02 2.225069329895813016e-03 3.922836529665016565e-03 4.984606786631853859e-02 -1.889461132496143142e-02 4.414892313713959879e-04 -6.889118072847326760e-03 -2.136207586483634957e-02 -1.189299562143610392e-02 1.600886987176748655e-02 -2.783098628554780615e-02 -8.362655916413585730e-03 1.305240592881101030e-02 3.556704305681032512e-03 5.336313612012567875e-03 -6.742717779793017986e-03 5.668901339843561774e-04 -3.471604014807123245e-02 -3.341091753010704685e-02 8.891538996198383379e-03 -2.673964997351689285e-02 -1.662959258408858512e-02
-7.862729802717991412e-04 9.635834597585671291e-03 1.581268730761619529e-02 -1.161562632329886206e-02 -3.194984869302928965e-02 4.348222585374186822e-02 5.321202955954315410e-03 -5.553912798755388479e-03 2.653096142558937151e-02 1.734718391990093490e-03 -1.078684647348512535e-02 6.210731593925453674e-03 4.220040773996765193e-02 -1.146975204584654585e-04 4.977521806274579595e-03 -2.139505958219123025e-02 8.459385991955571324e-03 2.586927292850874777e-02 -2.472336337155344333e-03 4.142151004890529120e-02 -1.813866014877557262e-02 -1.605897463442895290e-04 1.365724329855468565e-02 7.365094305349883380e-03 1.275595326015753830e-02 -3.669634098073221813e-04 -2.536663349253579815e-03 -2.439253324597296865e-02 3.650256674679341635e-03 6.183592581938645617e-03 5.809954876301044735e-03 1.660448500142932063e-02 4.151694670714890095e-02 -1.658078557252015348e-02 -8.229312404583671164e-03 2.723590694845603663e-02 -1.310458959641903551e-02 -1.701161936607029773e-02 2.800468863373701926e-03 4.535439339359653710e-03 -1.859721733957391768e-03 -2.378632184666335328e-04 -5.826094785949950498e-03 3.905316665110924925e-03 2.832619999391290319e-02 -6.734713297940791640e-03 6.290209925650479608e-03 -1.127080139791746677e-02 3.971337552818640648e-02 1.276302453466016638e-02 -2.489997277548179622e-02 -7.099549328725257222e-03 -3.019426882158995126e-03 1.125403832794241894e-02 -1.349127825441644385e-03 -7.885205292315169631e-03 -1.846197409538344585e-03 1.233556180569156564e-02 -2.535432593884783328e-02 -9.196260910105759140e-04 3.555014548556073399e-03 1.840484591595875630e-02 -4.579325578705968104e-03 -7.412978026890335199e-03 3.010251769581460263e-02 -2.186968013546283437e-02 -2.175373011498613410e-02 2.453983019706418994e-02 -4.032593571322658677e-04 -1.529444273737068198e-03 3.270037181612031781e-03 1.266551652349200141e-03 -1.904064442741100135e-02 2.309834837456206311e-02 4.128293598291677552e-02 4.052837270930204072e-02 -1.837967954334244688e-02 -1.105156519577358762e-02 -1.461160966252151184e-03 4.179855453975125923e-02 -2.054016445475673538e-02 1.005404540257951243e-02 -2.572513416386586899e-02 -2.005361044264078810e-02 2.763705628955334410e-03 -3.443078464329639432e-02 -5.476776767628485122e-03 8.659301142092344292e-03 -2.235040947710513828e-02 -1.315448001716069612e-02 -1.466029233865734187e-02 1.011128728317311348e-02 1.205019381415625875e-02 -1.708223440607297208e-03 -1.776468502298812410e-02 -3.998053299977890468e-02 9.539895518585724335e-03 2.303981314920179862e-03 1.491710224447949200e-02 -3.074329951777026761e-03 -1.346402891814828381e-03 2.742624828721481993e-03 5.074933729777424476e-03 -8.200617746585347687e-03 -2.693642177476749874e-02 -3.886792080623202583e-02 -1.883367045436757509e-02 -7.150304129147772893e-03 -1.925558483460521140e-04 -4.150417904030882094e-02 2.182395571945323844e-04 1.046941300546549124e-02 1.137591979540669533e-02 2.704492377473593709e-02 1.530361765250115233e-02 -7.318965283411272942e-03 3.938426755257497247e-02 1.785301019734380004e-02 -1.635177146379989885e-02 1.028866581840032560e-02 3.972520425571871364e-03 -1.378310268764844533e-02 8.448441135650531716e-03 2.607437365931445164e-02 4.456306641191662421e-02 -6.755377702678505136e-04 2.521526635462897209e-02 2.164839531384462040e-03
2.152212401362089533e-03 1.567078127146370736e-02 -2.237188246637380557e-05 -1.441117950304298800e-03 7.540779228039902991e-03 5.321202955954315410e-03 2.488095668372753214e-02 -2.382042576417970486e-02 -3.001056563418448390e-03 -5.537270865122657926e-03 8.777725938229201039e-03 -8.704942472079627361e-03 3.829435438361428277e-03 -1.135409057414746813e-02 4.008493726719939695e-05 1.172016945484222195e-02 -1.256197209954719755e-03 -1.004779187147393504e-02 1.944279860075927985e-02 3.543842928766884753e-03 9.532051501733336887e-03 9.484020106237840697e-03 -9.161922400321504539e-03 5.172090665216908315e-03 1.318273703966836227e-02 3.017646766445639724e-03 -7.517520292382249246e-03 1.991250439124898561e-02 -1.256384389680371451e-03 1.176841511078180816e-02 -9.548831162111042284e-03 6.981815766351921748e-03 4.551099389684056147e-03 -9.045278345873476039e-04 1.385418461573791407e-02 2.977910617191361665e-03 -1.385438121773702354e-02 4.299515817307071261e-03 -1.758121788406464062e-02 -2.266359730850890566e-03 -2.232786399716987780e-02 7.156180093103444058e-03 1.447896198742493548e-02 -1.127946997558863969e-03 1.485411420784473954e-02 5.697704032590509090e-05 7.379536284705563720e-03 -6.319473079681636220e-03 3.456418589416118941e-03 8.488288099110558385e-03 -1.555085140960280662e-03 -8.797809794075993296e-04 -1.449701225893739549e-03 -1.420471190089684635e-03 4.842102709427445646e-03 9.510735517849465762e-03 1.658356133378626439e-03 -1.392863374530937080e-02 -3.443565285530400099e-03 1.908285306768277637e-02 -6.660897231850272313e-03 1.236751889004420249e-02 -2.278008531115083626e-02 3.408199650538795461e-04 1.265631982670220937e-02 -6.474017328689024228e-03 -5.005333037729484298e-03 -1.837777194978957099e-02 -7.999690120886075728e-03 -2.028718048926657531e-03 7.996121940778292206e-03 -6.662953779078524888e-03 1.180574745800956962e-02 -1.784074192684228025e-02 2.341722467112013640e-03 5.124067112346588140e-03 3.115333109381815315e-03 9.359393785117386608e-03 -7.318008644137760470e-03 3.780022737276140382e-03 -7.562633643503660109e-03 2.370528998409784233e-02 6.189014705030508427e-03 1.108535188013935746e-02 -2.690847072042131059e-03 3.136023970612941084e-03 -6.676518074602785964e-03 -4.146307612732233667e-04 1.238909753802417898e-02 -3.769385264723216535e-03 2.040964103694475895e-04 7.152164976119951278e-03 -1.361435454060410614e-03 -6.129971012068790095e-03 -6.288028318976564106e-03 -1.943510377743829995e-03 9.794990514356918115e-03 -1.498273000898829414e-02 1.441782671418951819e-02 8.553669006210986442e-03 1.424213446568205026e-02 -6.353581850404072320e-03 -8.325443340074682253e-04 -2.545691046426697005e-04 -2.049225459220162769e-03 -1.901158195151697984e-03 6.804798205954813023e-03 8.891884077584295831e-03 2.246882276436463956e-03 -1.312956010503216458e-03 -1.767420535392832601e-02 2.062170282305491112e-02 -3.445304103148576647e-03 1.820894803163114473e-02 1.398129556810743211e-02 2.808257043767624383e-04 2.584873536376690144e-03 5.159630933315667058e-03 1.867085104052620568e-03 -2.292430741888455432e-03 -4.850060732940195195e-04 1.969676439014089470e-03 -5.682776104388687858e-04 4.357550870042010624e-03 3.243675750518155987e-03 1.795590160901899129e-02 -3.242374174217093133e-03 6.250469842358270627e-03
-5.720874223970699550e-03 -2.092781195295096222e-02 -6.219255497536935184e-03 2.869949491645529521e-03 -1.358145864491792400e-02 -5.553912798755388479e-03 -2.382042576417970486e-02 2.802776510074945007e-02 7.904266691257275448e-03 1.835377392492243149e-03 -3.225215607565919476e-03 4.831452901732502005e-03 -4.231985233254521341e-03 4.181812235434296220e-03 -3.068394101399588274e-03 -1.522449834338922281e-02 6.314692185386626411e-03 1.558585466526178284e-02 -2.109984138880210969e-02 -6.013008283341575270e-03 -1.072156013272419946e-02 -1.307076617610905198e-02 3.352986742205083057e-03 -8.350583193503641893e-03 -1.260120035228347486e-02 3.257861392710961323e-03 1.169851399839559256e-02 -1.580738656021098143e-02 1.431578112344668655e-02 -1.243108086869732648e-02 9.303254826518425266e-03 -5.989830368731542502e-03 -5.971326017696639184e-03 4.889541863076021962e-03 -1.415928625755291485e-02 1.480000930900964582e-03 7.457409319555745493e-03 -1.061013121382909123e-03 1.039340359761114184e-02 1.540875968534977623e-02 2.064465489228829026e-02 -1.068248332724453659e-02 -1.373878352475078543e-02 1.463294271015777408e-02 -1.185372169131620156e-02 -1.174388854883693344e-02 -1.504440394606412768e-02 1.191974839252042673e-02 -4.484863361250422328e-03 -9.376066355591714668e-03 3.593330270870433336e-03 -1.118764942143249917e-02 4.267686618677711194e-03 -2.475548119448043411e-04 4.739018941730217468e-03 -1.418135801298698456e-02 -1.792497194407726780e-03 1.070668250937806265e-02 -1.414483089117658148e-03 -1.213890901905969114e-02 2.229360860686608031e-03 -1.547364038679204488e-02 2.837431702000910508e-02 -1.277016387021792654e-02 -1.449468296543866483e-02 4.017204888580009833e-03 3.322792229165321895e-03 2.190417408510238542e-02 9.144646654173416156e-03 8.974684391697800847e-04 -4.535239702326457345e-03 3.507219502312107929e-03 -1.591318024800620831e-02 2.121372797344265801e-02 -2.977608025355669898e-03 -6.196563580737360528e-03 3.614441147880659896e-03 -8.944814770490557357e-03 8.859206014579056390e-03 -4.457026291462145434e-03 5.645425944113400228e-03 -2.868662531342915101e-02 -1.122014401631888161e-02 -7.317118990126276167e-03 2.853044833134422455e-03 -3.712176099961591279e-03 4.305085148426700779e-03 -4.505139137764117840e-03 -9.744405909354738465e-03 4.857504274048320830e-03 -5.840021126094625120e-03 -1.059216951288918449e-02 7.037201621089609303e-04 4.332451144502154350e-03 3.579537577567378295e-03 -4.686750770496379316e-03 -1.684442573452075292e-02 2.183425489633032332e-02 -8.088116821675999171e-03 -1.560387888155097096e-02 -1.297240140069984976e-02 3.294872985780449796e-03 -2.960693446834639954e-03 6.213655537653869237e-05 -2.725186642519960081e-03 -5.233899294659886091e-03 -7.627552689212093763e-03 -1.287512903591272496e-02 1.975598777702184186e-03 -6.406815962352992166e-03 1.743761966278215003e-02 -1.567453595849184478e-02 8.971377039694880193e-03 -1.533612727715389853e-02 -7.306129954873646914e-03 -1.218520144304141573e-02 -3.910851169183675660e-03 -7.257192747720144464e-03 3.075094963895852029e-03 5.388649279199665687e-04 -1.060620739152289254e-03 1.910702558174121740e-03 -1.032940372450088119e-03 -1.326751780690113829e-03 -3.903599304261056238e-03 -1.069189186241677365e-02 1.063993814227958377e-02 -3.074222741439517140e-03
1.240274287346345219e-02 -1.522936533742094353e-02 1.192437162115926250e-02 -1.043353204046181329e-03 -3.511130180048580712e-02 2.653096142558937151e-02 -3.001056563418448390e-03 7.904266691257275448e-03 4.073173493164746611e-02 -1.337164914807365164e-02 -1.732987937148010305e-02 9.305506004163889566e-03 2.696368194664673298e-02 1.063659448268344972e-02 -2.100865084200986138e-02 -2.044831772890998850e-02 9.609261575305606123e-03 4.081663165342393207e-02 -1.692609052397216554e-02 2.491567723059717049e-02 -1.601421782130001484e-02 -2.220724140545234787e-02 2.321779617836270543e-02 4.511670963062272034e-03 -1.559535257121468345e-03 3.978748566340823897e-03 1.798769405438909938e-02 -2.169322571541433542e-02 5.256897501970657707e-03 4.963580152456993633e-04 -1.033656557308838646e-02 3.261847469191809980e-04 2.570251562263198286e-02 -1.569709373756900117e-02 -1.915422785015680239e-03 3.359215550479876383e-02 -1.153495536095944761e-02 -1.047357468161468075e-02 8.049471736422463691e-03 7.374438429223151466e-03 3.082956718483556048e-03 -1.996322214442988741e-02 1.129267013139973255e-03 6.506399395980709544e-03 1.606398148232872358e-02 -6.670259429895328100e-03 3.471670651047712754e-03 -3.508948931317926439e-03 2.545334515640625822e-02 5.443029202693830740e-03 -2.479107261990356331e-02 -6.416288362756614704e-03 1.549605975823327778e-02 4.040630795455879901e-03 2.306540535981576115e-03 -1.671519266220718170e-02 -1.220015489491609734e-02 1.225300835297701493e-02 -3.339485508648060846e-02 -7.523674100625722325e-03 6.108090541661652211e-03 9.438950709160199085e-03 9.030685787124716202e-03 -8.288463017619020212e-03 1.047889045670286415e-02 -2.952956908692168023e-03 -3.194956368496535033e-03 3.047831892734831349e-02 8.677553709896371897e-03 4.517245879595258203e-03 -4.620438287873221070e-03 -1.514232668824865187e-02 -1.655320709484201305e-02 2.908832679558192094e-02 2.755522468384082047e-02 2.670555972765088076e-02 -1.413465157748688625e-02 4.429990789989450561e-03 9.942821537942606383e-03 2.582045036019705794e-02 -4.222911975564368203e-03 -6.526808211902311065e-03 -3.151392363615028447e-02 -2.299933039749696081e-02 1.235440186764185863e-02 -2.895174341058288220e-02 2.224724714783194845e-03 2.094068509629237740e-02 -2.700397702347204915e-02 1.132554220020802601e-03 -1.497377997205913153e-03 -2.035356816282179321e-03 1.585623333293410646e-03 4.037422500152438275e-03 -2.018196852440835680e-03 -3.479855708185403823e-02 6.075348330318663427e-03 6.505063174427349465e-03 8.291712567100446157e-03 -1.069516828984689791e-02 4.246505176569909980e-03 -1.455204949463327450e-02 -2.027934885790451391e-02 -1.404319001690568225e-02 -3.522561886232381673e-02 -3.469327610208666757e-02 -9.161987563566729650e-03 -7.449793633511779187e-03 -7.209319251389567206e-04 -3.688464644664532499e-02 1.515828687540044482e-02 3.001124794976639618e-03 4.399716654856042786e-04 1.682802767540402672e-02 1.007575393359585840e-02 -6.516938944537788159e-03 2.666382229713339103e-02 -4.018754518184368060e-03 -7.518307383211395890e-03 4.161129781745280878e-03 -1.692891955807529492e-02 4.479262122244590666e-03 6.459747634361120766e-04 3.240743374166196733e-02 2.601623217249509137e-02 -8.269596922672966394e-03 3.038458816444323737e-02 1.414063435712773452e-02
-1.112151092556954921e-02 1.185430579142104056e-02 -4.398556975659321210e-03 -1.444362569769184861e-02 1.561399155157976865e-02 1.734718391990093490e-03 -5.537270865122657926e-03 1.835377392492243149e-03 -1.337164914807365164e-02 2.546175191889160291e-02 5.485805821034216156e-03 -4.799090633638314340e-03 2.017298312303047406e-03 -1.045705576802395849e-02 1.995145742952142073e-02 1.128334322133510946e-02 1.252917215189608587e-02 -1.115092263584106964e-02 1.156016145330830518e-02 4.599857137802793212e-03 -1.394736841006540690e-02 1.494623282969518435e-02 -7.307795486003410869e-03 7.960290951025461581e-03 -4.025310571790157257e-04 8.788275652369262683e-03 -1.488039377601395492e-02 -1.657428684920891177e-04 3.754470807081056270e-03 1.213262684309973985e-02 1.126432930605639378e-02 1.690106605724542820e-03 3.223719825251081337e-03 8.274484348995853403e-03 -1.657836161619726661e-02 -1.860973886280109166e-02 1.005200999536484674e-02 7.174651224851402893e-03 -4.354937526454055394e-03 3.162552280047186727e-03 8.793007597852646115e-03 1.552419647266618449e-02 -1.857026604572250758e-02 3.092676258718927724e-03 -2.832468952606209071e-03 -3.430141006926533832e-03 -6.839404536117678346e-03 -5.361097719154408331e-03 2.734959620947456996e-03 -5.346696950266779068e-03 9.973662259185485032e-03 -3.553989940132832280e-03 -1.607736504684689413e-02 1.917913156551530329e-02 -1.793675551906037419e-04 3.740430236889601134e-03 6.601029136253248712e-03 9.806247378066545659e-04 1.856093809529994060e-02 5.429152055011459387e-03 -3.984034612858917274e-03 1.158610174194529829e-02 1.629799123880025079e-03 -2.510857964792352365e-03 4.564018521796697411e-03 -1.074585822738524524e-03 -1.439000458463970521e-03 -8.480645828318689877e-03 2.047742214469515896e-03 8.263098825983240759e-04 -1.420332227792105119e-03 2.653284456950497777e-02 1.266316505615698064e-02 -7.832533752464291427e-03 1.585922610394217619e-03 3.318681306389903440e-03 3.861282725717943808e-03 -1.341396292350282259e-02 -5.022632862394871625e-04 3.105053592688509796e-03 -8.342582443463630697e-04 1.202126198738807722e-03 1.601415282827494888e-02 8.397190685473589905e-03 -7.788337062314344868e-03 -5.563644049552412055e-03 9.522108934155185870e-05 -8.543709131295649725e-03 1.003701643141408084e-02 -1.633543781235597889e-02 -1.513250143574511493e-02 -8.081986587326856625e-03 1.333079506588471901e-02 -1.186846978262565827e-02 -7.163696952542630272e-04 7.245502734549745701e-03 -9.181508960559206511e-03 7.019384011500762188e-03 -5.515407338191351608e-03 -8.120471859113851873e-03 -1.676869760342011156e-02 2.524172082316160359e-02 1.974159089893762903e-02 2.712925541937225710e-03 1.894118008199080147e-02 8.382581530994439450e-03 -1.325059919549219541e-02 -1.374319869219095720e-02 7.114956456783709353e-04 9.073807822505931125e-03 -1.204867947865718644e-02 -2.300903240134138678e-03 1.450956441038152300e-02 -6.285430582519249687e-03 -6.805818970142513136e-03 -3.791838599306212795e-03 1.968443599699932784e-03 7.667115693747527695e-03 5.530910089363244228e-03 1.789462343515929588e-02 1.834094370462543630e-02 -1.897499614423592273e-02 1.416536294470817185e-02 -1.755294210052361567e-02 2.873704005008499186e-03 6.815360383587131150e-03 8.477592201065636303e-04 -2.275029712749384106e-02
-1.968717189137845699e-02 1.449088065737680515e-02 -1.402677924652878313e-02 -9.309547499421785659e-04 1.340645070738587241e-02 -1.078684647348512535e-02 8.777725938229201039e-03 -3.225215607565919476e-03 -1.732987937148010305e-02 5.485805821034216156e-03 3.239215368575793647e-02 -1.404098610332673788e-02 -1.216544951432804375e-02 -2.446150217630782900e-02 1.603383427448429668e-02 5.685098918160939180e-03 1.052498881643323036e-03 -2.361565042614172799e-02 2.038409293842093073e-02 -1.253977948716925202e-02 8.807828102831906369e-03 2.110516032317125493e-02 -3.634949414480945912e-02 -1.416528527598116642e-02 1.086421166657886017e-02 4.249853581394872834e-03 -1.754905775768982393e-02 2.371997817818104204e-02 2.555905943564172611e-02 3.165482750009211699e-03 1.066798283511520042e-02 7.245550888296459734e-03 -1.093643528679221280e-02 1.325586946573292964e-02 2.164379982409936245e-04 -7.289920442258770485e-03 -9.745208433180895663e-03 2.737356344564752415e-03 -2.908061834240041263e-02 2.335998772636627141e-02 -6.996348714420204742e-03 2.131707330255373095e-02 -9.285879889274959147e-04 2.545922596257247164e-02 5.185535134741793475e-04 -2.224919495324235996e-02 -1.581879195552570241e-02 1.960133039065486624e-02 -1.107607358694915993e-02 -5.688197944534142611e-03 1.161687484889182935e-02 -2.377254568742238547e-02 -1.578989706526592526e-02 -4.482741164208882759e-03 2.480137804219454192e-02 3.292209383652245323e-03 1.851004178305426170e-02 -1.226113563129630282e-02 7.784647128575019996e-03 2.917715445796484341e-02 -1.406238789681481596e-02 -6.403047160469494715e-03 -1.017356170568300662e-03 -2.123661571587856858e-02 -3.114151661609537453e-03 -8.084839591653365104e-03 -5.837647113823373965e-03 -1.993562428096812972e-02 -9.886236180135657761e-05 -1.441375932693007671e-02 1.705228125076165696e-02 7.354498285368676717e-03 3.918404771437474995e-03 -1.882580416423206698e-02 -1.281526599113536752e-02 -1.146695417498534708e-02 1.641533515374994645e-02 -8.753972474948830754e-03 -2.423731623735726412e-03 -9.686344226637813928e-03 -6.098713788080170096e-03 3.560272957932856912e-03 1.224542962151716798e-02 1.943225947169230361e-02 -1.910820672365411144e-02 1.859019320718408030e-02 -1.409461485061646105e-02 -2.584040555929498911e-02 1.949206333740836211e-02 -4.215824217809221140e-03 -1.734275236795168595e-02 4.251083554648460092e-03 -1.675989509729667237e-03 -9.650488613816083500e-03 -7.255597704044407757e-03 8.145769881762210743e-03 -1.459321982936877260e-02 5.110173512601207113e-03 1.537640178808135673e-02 -3.054761513634766685e-03 -8.903531256411630328e-05 6.574577284977385291e-03 1.354909734512389427e-02 1.734781596318167585e-02 9.470513296620021795e-03 7.377505568688813402e-03 -1.077662073296921765e-03 -2.989579544012657426e-03 9.052118118465872151e-03 7.851494548816357472e-03 -2.377870087711859634e-02 1.570572534649345917e-02 1.801005186553820275e-02 1.077858566327058064e-03 1.314619767415482927e-02 -2.309759383259078064e-02 -1.247877881154395990e-02 5.364751812194395141e-03 3.468024474818083829e-03 -4.700886736659618328e-03 1.612168303400245140e-02 1.877673308726019634e-03 -3.720229333497516631e-04 -9.175512884866125068e-03 -1.110127453280237118e-02 3.073097591852213400e-02 -1.180921300793950218e-02 -5.209382349598847516e-03
3.272642468861127960e-03 -6.085712130963226441e-03 7.143033527174542756e-03 -4.949575741720977501e-03 -1.514102506941264643e-02 6.210731593925453674e-03 -8.704942472079627361e-03 4.831452901732502005e-03 9.305506004163889566e-03 -4.799090633638314340e-03 -1.404098610332673788e-02 1.926304273747938070e-02 7.439041718239617490e-03 1.139246040539579688e-02 -2.878713135204307577e-03 -1.123344588364147932e-02 -2.545439746405508616e-03 9.529228244988596080e-03 -7.690636569376322826e-03 7.828793094110735387e-03 -2.644386585877990959e-03 -6.235332651035419699e-03 1.588310988876445035e-02 -1.307654819947578692e-03 -5.475199832911639870e-03 -9.622706991797101012e-03 2.677482272293102688e-03 -1.110711394009761786e-02 -9.533884817584178592e-03 -1.002539519166256547e-02 -4.751686806264315594e-04 -3.037749654270167736e-03 7.719601464493673973e-03 -6.368731342452674596e-03 4.799411378828864067e-03 1.362861051049885606e-02 9.023485838251658550e-03 -1.071611840535105324e-02 1.174130939796952031e-02 -9.107600132437268167e-03 7.531865851316608788e-03 -3.423816585152368065e-03 4.209371430543331835e-03 -9.154953347886983506e-03 1.574468687073437081e-03 8.783847761557982484e-03 1.500881538863792740e-02 -2.624431384110487760e-03 7.794358198261822253e-03 -4.247556084818918803e-03 -1.517809553824883001e-02 8.671914979330124992e-03 3.803715485976369437e-04 4.046949020549235805e-04 -8.902586331938565703e-03 -9.653390847199327593e-03 -8.335539000700959572e-03 5.991010192308333059e-03 -1.283304899772876040e-02 -1.162488638892224604e-02 1.842253659046980477e-02 -3.623506196542522571e-03 4.249563453602664582e-03 8.811758346879828077e-03 3.624652869030864540e-03 2.672619668510427780e-03 1.860489116268542430e-03 7.548592638343074382e-03 2.189621199290940623e-03 6.751877288311932367e-03 -1.138705753544994211e-02 -6.292273946791839510e-03 -1.013581021895952616e-02 7.292476574077312590e-03 8.247941860389410712e-03 6.483576321584901513e-03 -8.002093232262459319e-03 -1.434267840460366154e-03 2.091065646079841561e-03 7.174557768005178360e-03 2.650312413148097485e-03 -5.112920092100163398e-03 -1.555663531997764429e-02 -9.885514718957631036e-03 7.764079315780738483e-03 -2.522011291827538047e-03 1.087262795418645137e-02 9.282555224639284230e-03 -1.111031902906377614e-02 -2.788066252185163012e-03 7.734772197798262146e-03 6.123085518841096288e-03 4.962609176431147240e-03 9.431398444881958221e-03 4.319553070450650803e-03 -6.097527515128896292e-03 1.461439612112449410e-02 -5.365783702506940478e-03 -9.942031186392290970e-03 7.235410435690196006e-03 4.744816770345453016e-03 -5.316666355164211683e-03 -1.853278644406683483e-03 4.316347813187449561e-03 -1.338246503937891123e-02 -5.607840351080250162e-03 -5.753077429438938073e-03 6.504615579534334634e-03 -1.456847215688821841e-02 -6.170346711309597325e-03 7.831607784862044258e-03 -1.127911786373799949e-02 -6.380858904992303855e-03 1.447439214182435693e-03 -1.037336107614583725e-02 8.583500542872933223e-03 7.933059974885556948e-03 -2.351077198095893883e-03 -9.533542285888497655e-03 2.268236452258179554e-03 -1.877499318442133695e-03 7.202446373496293290e-03 5.044421962573186410e-03 1.400962657956589426e-02 6.925837526346030788e-03 -1.256994104718889456e-02 -1.297552754541858025e-03 5.057754017548749155e-03
