1.849608333047981501e-01 -8.356741052460085750e-03 1.894561919422824703e-01 2.087247533991073122e-03 6.233402915624320501e-02 -2.825593570520894965e-02 -1.272074140224755678e-01 2.045188950656018356e-02 4.654239285310406843e-02 4.144462075653375724e-03 -1.709077681379548019e-01 1.466388520512244276e-01 -1.639199149441961448e-02 2.534914111830665062e-01 -8.948660146461773213e-02 3.675080482934678372e-02 -1.236985932714594616e-01 -3.999412542444101722e-03 -2.827753088157937411e-02 3.934049216262593129e-02 -1.744595462585054463e-02 -3.014700208378388521e-02 1.932979173489725588e-01 2.557342678786861997e-03 -1.140903387402196073e-01 -1.632009239013630653e-01 -1.131723100588848813e-02 -1.636244590053120285e-01 -2.540490080998676903e-01 6.909480926532410652e-03 -7.952049666417065898e-02 -1.422172177803880666e-01 1.583849039139765408e-02 -1.466560772432837223e-01 1.334505520898599147e-02 1.898292021840362193e-02 1.491066809714030883e-01 -1.410624862265117130e-01 1.816780898283552603e-01 -2.449384918618822127e-01 1.336858993367768811e-01 7.112909240324383382e-03 -1.321436617757260762e-02 -2.565170124840615018e-01 -1.480145770466651245e-01 2.208892556430737952e-01 1.577349926231188804e-01 -1.526988549574448406e-02 1.447754566096459000e-02 -4.476955760942007839e-02 -1.689767367328110226e-01 2.381525079124186539e-01 1.103064610873538340e-02 2.340735836606220102e-02 -1.419310526984597087e-01 4.353737399460639798e-03 -1.136093810689304921e-02 1.634106431396379067e-01 -1.553608070816387028e-02 -1.916804076011159874e-01 1.352855341744344519e-01 4.492769795447901920e-02 -1.464382717822327630e-02 2.412799112439863169e-01 -5.557855042556231889e-02 1.901302238620853069e-01 1.678733844053525714e-01 -7.780864844398152277e-03 1.381052198992715474e-01 1.867256430671000896e-03 -1.224767879175725493e-01 -1.661086833089516629e-02 8.454840326124718475e-02 -2.778304038875991939e-03 1.024335911739327268e-02 1.695365282861969677e-02 -2.086540931720726744e-01 3.958987293456298767e-02 1.274060270225355618e-01 -2.365343282284846759e-03 1.617136914855309415e-01 9.133784951291263471e-04 2.289014615464368338e-02 -2.082643802823973544e-01 -7.370750245679893661e-04 -4.910312191748147752e-03 6.610561295869112064e-02 2.377917343689715524e-01 -1.935627246263349754e-01 3.671805959047479834e-02 1.341379791198347715e-01 4.499641146686053639e-02 -3.990076379210526908e-02 4.135782424691414327e-02 1.854539893606104994e-01 1.519054196346262542e-01 1.509616942990024691e-01 -1.336040287880813637e-01 -1.562731765510955717e-01 8.106740367595736962e-02 -1.701728271885391899e-02 -3.213171916644364662e-02 -6.550253806237109344e-02 9.723633305928449429e-04 -2.438367000794037717e-02 1.597353654758974228e-01 9.898683458424971729e-03 2.164545999034277191e-02 -1.052196686392176533e-01 1.731805386425468440e-01 5.719030115519384977e-02 -1.604626064135906971e-01 -1.138998594410847165e-01 -1.261681213763570508e-01 -1.583776856693213664e-01 2.298385135718038486e-01 3.327577416942486405e-02 -8.745006648628592116e-02 -1.648123294347248469e-01 3.412156065406118932e-02 -9.148869045763291519e-02 1.368472387933149757e-02 1.769247144523812890e-02 5.082255263772036957e-02 -2.466255123117007744e-02 -1.994822371099867486e-01 -1.475463460267751326e-01 2.192055942464441604e-03
-8.356741052460085750e-03 4.378631002050504401e-02 1.517660637065408949e-02 -3.947149452535732468e-03 2.100515351617298493e-02 1.547128932721890913e-02 1.103689042290670330e-02 -2.205737118077142137e-02 -2.361279637396820896e-02 1.733541261849349396e-02 1.435023414033893309e-02 -6.620941563589289799e-03 1.336002809070175289e-02 3.434275293735956219e-03 3.048327715918187561e-02 6.183043666419550666e-03 -1.923351577221394867e-02 -3.412214182939167506e-02 2.434503124614745620e-02 1.805151417560220406e-02 5.739800098773023378e-03 3.860317652248358017e-02 -1.629520886728845486e-02 -2.467901698927170689e-03 2.028442675670306602e-02 -2.166487797326344111e-02 -3.648978931625381644e-02 -5.166015622734378317e-03 -1.224204346856272788e-02 9.720480203930452479e-03 2.244960748336056328e-02 1.611495049097783766e-02 1.650495442578142971e-02 -8.439235053058448052e-03 -9.094861846847953832e-03 -1.005434503052560387e-02 -3.946750622383385018e-03 -2.137803862434915769e-02 -2.822919579129581653e-03 -1.379083235500758002e-02 -3.497870882025386468e-03 3.478434651787006004e-02 -1.127645650029975542e-02 -1.364929087792438912e-02 2.954648005913595825e-03 1.011273023840173445e-02 6.267140506505612663e-03 -1.034706109204041463e-03 1.447115333740276247e-02 1.278738247875935326e-02 -6.293876441333111013e-03 9.614642833980977660e-03 -2.825019856891536341e-02 -5.390458607164149568e-04 -3.707382612940309571e-03 2.342677423411764978e-02 2.853361235048753816e-02 1.184818883543300831e-02 1.304993827543948423e-02 4.308426179674230104e-03 -6.805175520674769038e-03 1.316703335236481254e-02 -2.364590562323205455e-02 1.271405352557628682e-02 1.649243833386847963e-02 -1.333620116365777548e-02 -1.378115538399960795e-02 -1.719444266462044624e-02 -5.183277357072014341e-03 -2.095907517966502653e-02 1.850630750944474989e-02 1.839823195680614920e-02 5.716676520014432952e-03 -1.595415636786737257e-02 1.254760875785786850e-02 1.411421684256861792e-02 -1.554870762321461201e-02 -2.228306141410457686e-02 -8.323834418951639447e-03 1.634556006295277350e-02 -1.137768567933044803e-02 2.948373922293760774e-02 2.153465666729615507e-02 -8.413325135154513593e-03 -2.756908605212207361e-02 1.764593823956395581e-03 -2.151690789735316925e-02 -7.979907738917820653e-03 -5.818069072639804259e-03 -9.093424938161216373e-03 -1.025003667722060481e-02 2.354852433338563630e-02 1.105337715350666146e-03 -4.400945359322152618e-03 -9.799442870479664267e-03 8.840690585257406781e-03 7.870325150582406851e-03 -1.117352657210901948e-02 1.117494587486068079e-02 1.992625254727658363e-02 -1.073970658282382730e-02 1.794774570490292875e-02 3.090920544691062866e-02 1.033723572379977897e-02 1.282841746913296853e-02 9.154049808785832618e-03 -7.764110358084592642e-03 5.674673553147377598e-03 6.105198236213303306e-03 1.007499685013069253e-02 -2.174429211539685020e-02 9.454604310843963549e-03 9.058192594049203558e-03 4.088607883560370880e-03 8.456199204240186576e-03 9.412918449054469977e-03 1.390848825165428605e-02 2.484791731307478893e-02 -2.686215298617444791e-02 -1.834214189905271656e-03 2.357164199624923323e-02 -2.359297856119617343e-02 9.315695724746144097e-04 -9.651047541311933917e-03 1.774558641206238838e-02 5.439652996117268213e-03 -2.300686097213508127e-02 -1.449704997785693228e-02
1.894561919422824703e-01 1.517660637065408949e-02 2.458130976168669546e-01 -4.956592239403269026e-03 7.280377213632477362e-02 -1.923605613604674122e-02 -1.591226142992048231e-01 2.479699303684786485e-02 3.874206232895719554e-02 2.860194483790994002e-02 -1.920257833365276723e-01 1.779834903359331921e-01 -6.449425136678898184e-03 3.030522820534428674e-01 -7.063220159754750316e-02 2.118334984309108715e-02 -1.514423852703124240e-01 -1.783340098826393869e-02 -3.786234967327979650e-02 6.239180077648056461e-02 -1.515297785875535132e-02 -9.559507661831983388e-03 2.177812431583019126e-01 -5.333665173120882667e-03 -1.072312355762543579e-01 -2.105780498871319684e-01 -3.881902084787726415e-02 -2.152275822398281302e-01 -3.082804708790036763e-01 -7.386668023447920568e-03 -6.535506474191461745e-02 -1.346450889229237613e-01 3.470395036037926539e-02 -1.914275006755108699e-01 3.098688774760856215e-03 1.867496930483268300e-02 1.854065494077033749e-01 -1.889049364252788910e-01 2.266403408063109304e-01 -2.997518051244408843e-01 1.633506260681975852e-01 3.379695568437970227e-02 -3.052132185824575281e-02 -3.131311196671697772e-01 -1.610760060905449542e-01 2.716685420798430894e-01 1.869184531802728089e-01 -1.641591737761058031e-02 3.056621391684732209e-02 -5.501169851412558015e-02 -1.992789179101681907e-01 2.918029060263205854e-01 -1.446129986571246737e-02 2.624119205385069473e-02 -1.810515225934644090e-01 5.678180195114008837e-03 1.455326268729417033e-03 1.940918343641959976e-01 -9.544027618174275723e-03 -2.355458116718076034e-01 1.631466297332145599e-01 4.402053229159492292e-02 -1.719916376227352550e-02 2.978985739459105164e-01 -4.432679730336641644e-02 1.895937399528338507e-01 1.619102323911901231e-01 2.943960803519957408e-03 1.434979234997029451e-01 -6.461617126907488219e-03 -1.376908959547750166e-01 5.530507989373829869e-03 7.691088964776299219e-02 8.745350198118654120e-03 2.526842656371103626e-02 3.171266220960451687e-02 -2.696423568353099043e-01 1.963237872202328038e-02 1.260065105008924269e-01 1.356772092779914493e-02 1.597698609084935162e-01 2.379884876821166968e-03 2.899199524357247773e-02 -2.597466180226565835e-01 -1.189342496123759613e-02 -6.896936470134787216e-03 7.387503343423455771e-02 2.565410007665165915e-01 -2.436061963393743035e-01 3.445469828592004347e-02 1.631103439186535331e-01 8.381694297074240851e-02 -3.902987356707976474e-02 6.108256382306229137e-02 1.884954192550790386e-01 1.720022415880524680e-01 1.803739945110529042e-01 -1.511973384471358983e-01 -1.887121789082911172e-01 1.145725730954583604e-01 -3.316635962922025865e-02 -1.159260730897871371e-02 -4.137441005320181137e-02 1.779268644764570723e-02 -2.021943452362070029e-02 1.815799547050860885e-01 4.074208470359485038e-03 3.845058496855106173e-02 -1.306066114169700809e-01 1.965833133088757678e-01 7.073795769780764908e-02 -1.989661566918022040e-01 -1.335395341513855583e-01 -1.401943025996537084e-01 -1.951577877428583019e-01 2.805357458671583482e-01 5.381248793944490294e-02 -6.590654157574515892e-02 -2.161294816261527252e-01 3.950348080900479425e-02 -7.502425158369964431e-02 -3.889064087016503614e-03 2.840322072456671898e-02 5.428648619311371437e-02 -1.157027917040123581e-02 -2.436722635142978544e-01 -1.883500106355808223e-01 -1.855329327273179049e-02
2.087247533991073122e-03 -3.947149452535732468e-03 -4.956592239403269026e-03 2.016856088948931411e-02 -5.870228526275892561e-03 -5.692772881661571464e-03 9.086154683677566749e-03 -2.763540047357001660e-03 1.248343624159577820e-03 -1.920394554726169781e-02 8.282239498607445530e-03 -9.239712843890487623e-03 -6.821692531395404969e-03 1.532320450173832883e-03 -9.200724648896511579e-03 -9.276714417452517139e-03 -1.357603097934488232e-02 9.094104769320074865e-04 -8.062344289079726237e-03 -9.126881209023102529e-03 1.650002488788939251e-02 -6.777349779056376922e-03 -7.559375433007910032e-03 -9.658078686202319421e-03 4.629407219325007254e-03 -5.226307909580794712e-03 1.046599480668647560e-02 4.084726101050813879e-03 5.053913967274011911e-03 -1.004330446452957916e-02 -1.875824075286835091e-05 3.429477535382698897e-03 -8.312381428531641359e-03 1.285165285104092250e-03 7.355945189070297631e-03 5.385357440853466918e-03 -1.620102992482195733e-02 -2.769258131183564581e-03 -1.142675286561239912e-03 4.515919234928522132e-03 -1.010108691565834126e-02 -9.525152241008298659e-03 9.221129690740851453e-03 4.872084269178520236e-03 -1.959198075194506106e-03 -4.458433917249034033e-03 -8.070314816182056275e-03 9.828897493644187661e-03 -7.972154739626292896e-03 1.159358247391202405e-02 5.078941409721205759e-03 -4.910447474250405515e-03 1.244377909228172770e-02 -2.224295623550238271e-02 5.738568168467780839e-03 7.271081633230463276e-03 4.735494518730135050e-03 -9.026667002139445459e-04 -4.383389236789922427e-03 3.217796633399940009e-04 -1.038888870046925962e-02 -1.372489482420808857e-02 -2.362757512098427517e-03 -5.144815753931108147e-03 -9.280245904378288738e-03 -5.806207893752230939e-03 -4.650066051143261076e-03 6.009932032194865645e-03 -6.259083038612078299e-03 -9.808489831194196901e-03 1.536850382196039248e-02 -1.807194773322472886e-02 -1.322190849750433904e-02 5.045497828046509314e-03 -7.450488677721016362e-03 -8.232764202701452899e-03 3.885234727472458138e-03 6.224075645062655988e-03 -4.824630879414791747e-03 -6.728342753800653844e-03 -4.234165006192489901e-03 7.878224695243398520e-04 -4.772583291733129354e-03 -2.663520005456953524e-04 -1.537217738445960640e-03 8.966676028466772155e-03 -1.204790769726109267e-02 -5.434113631770614954e-03 -1.859832577415572018e-03 1.941171616572345826e-02 4.730857380951346627e-03 3.591132673915455910e-03 -1.823330821081697167e-02 8.296700181174933297e-03 -5.480259568112533057e-03 -3.286425255940504404e-03 -6.027588084063789306e-03 8.465251164779781859e-04 1.406212452066815839e-02 3.334196015570052834e-03 7.183347985518508463e-03 -1.727749782452454863e-02 -1.070217086257553227e-02 -3.681468796503456747e-03 -4.693576295218324264e-03 -4.376928338634821121e-03 1.467111245595618257e-02 8.040560909402562351e-03 1.318091106378826115e-02 -4.942006450679598331e-03 7.704191068096044419e-03 9.417078213162084072e-03 -4.318889232972607586e-03 -2.434731705962527189e-04 1.486309241761745933e-02 -4.342162403684057641e-03 -7.652861077029577547e-03 -1.184024613526110875e-03 -1.177828514805256922e-03 -2.265768400883344177e-02 -1.061091455996395448e-02 8.576025644446608198e-03 -2.095228161420236573e-02 2.937632071464462303e-03 -5.538839370516690508e-03 5.678363992316185242e-04 -1.109717816432659841e-03 1.640167725738509927e-02
6.233402915624320501e-02 2.100515351617298493e-02 7.280377213632477362e-02 -5.870228526275892561e-03 6.179603711963052581e-02 -2.302079612400830672e-02 -5.160290008743994433e-02 3.171691432425361064e-03 -7.957122462764840837e-03 2.664616022783920096e-02 -4.988963573009513180e-02 4.872671907587607099e-02 -1.790717266248930198e-02 9.870875243581947456e-02 -1.367095002907551919e-02 3.626208585954739799e-02 -4.980239147359501184e-02 -3.288732452517999921e-02 8.671800155626411405e-03 8.374149252344196756e-03 -7.180041904992613688e-03 1.630409066052805958e-02 5.841915014040331700e-02 4.055166396956250661e-03 -4.053060826350590035e-02 -6.733567766413152411e-02 -3.084770104112600358e-02 -5.492768592822694362e-02 -1.032978854094376980e-01 1.433412336768898412e-02 -1.721737749970167486e-02 -5.581950184809954946e-02 -1.688177046100701288e-03 -5.008658540653128377e-02 -8.819350299595732010e-03 -1.820450678974326955e-02 6.882741943607754986e-02 -5.354503140631652197e-02 6.586375084113642309e-02 -1.012152927140667902e-01 5.934830205123038660e-02 3.022677749363255131e-02 -2.256765745538824239e-02 -1.051034262513445422e-01 -7.168668798618214877e-02 9.284409604937125804e-02 5.746229036222507552e-02 -2.863673788206679786e-03 -2.744491466069087782e-03 -2.316872339482207652e-02 -5.329427240522809778e-02 9.895964420673653006e-02 -1.856834530153499141e-02 1.790307127616046906e-02 -5.426376734719400019e-02 1.797864277100109931e-02 1.513404686602296684e-02 6.593268796498834294e-02 2.062153786473990350e-02 -6.790741049855136824e-02 4.586205821470488303e-02 2.731668621658130125e-02 -1.114246257469195256e-02 1.031020044077448350e-01 -2.631051665532471717e-02 8.077695406922909271e-02 7.141185291589124962e-02 -2.795403170062211659e-02 5.495130373531812579e-02 -7.621226781354861930e-03 -4.181499214129787839e-02 1.906494400022566357e-02 5.653634718041629370e-02 -2.395733355619466751e-02 -7.409510397756883214e-03 -1.135622194429328300e-03 -7.940148372242593344e-02 1.172752885428435211e-03 4.823906908992767889e-02 -9.156962090783919705e-03 6.900693987081357728e-02 9.406065528668079712e-03 4.320343799415785752e-02 -7.306391628388128612e-02 -2.109304768706261532e-02 9.398551793848396521e-03 1.770388868651938050e-02 8.299890752510094560e-02 -6.568816146973095738e-02 5.117098259533111627e-03 4.728122740670302054e-02 1.720672782892383387e-02 -1.239417690153590129e-02 8.699082276372701109e-03 7.874641976615925909e-02 8.595702675415134442e-02 5.253403253022013303e-02 -5.055682828512252092e-02 -6.620926942936113113e-02 3.703507818913388122e-02 -2.398641553194903395e-02 1.072083496258069424e-02 -4.044782004011353120e-03 1.026993222642985301e-02 1.793185932775472405e-02 8.880699845470949039e-02 -1.826455071829945036e-03 5.679278219906271422e-03 -3.778742597349046828e-02 9.669279320272854139e-02 5.194058552273721208e-03 -6.413688477739071248e-02 -3.754009356868709402e-02 -6.354459693138135579e-02 -6.973892354842378682e-02 9.591973257171795830e-02 5.003016258873972492e-03 -2.865307547191408080e-02 -6.611435494409118041e-02 2.116997796153523986e-02 -1.583027170536076972e-02 -1.085993990380682700e-02 1.356241271301065338e-02 -4.688544705961062396e-03 -2.047531920159663399e-02 -7.010755796271229967e-02 -7.560153582475410972e-02 -2.330751073737810999e-02
-2.825593570520894965e-02 1.547128932721890913e-02 -1.923605613604674122e-02 -5.692772881661571464e-03 -2.302079612400830672e-02 3.406077233439422369e-02 3.043219257212283202e-02 -1.595866533553320574e-02 -2.831654537363267020e-03 2.087206848113879343e-03 2.044456080254111741e-02 -2.621960785486944154e-02 3.023786539419291014e-02 -4.330257124950557396e-02 2.315097959829057195e-02 -1.309674872626665279e-02 1.775408529858367446e-02 4.868695347452692626e-03 8.855089799524177782e-03 2.061615402745229850e-02 -4.715975703450597106e-03 1.107602756878647669e-02 -2.605540003645710409e-02 5.191930480615538669e-03 3.001146213028667992e-02 2.341590065725528483e-02 -4.691691309327765229e-03 1.254076847633894647e-02 3.733222092935680608e-02 7.025276720725259424e-03 1.817449480350086938e-02 3.660350818901074443e-02 2.339424190441721091e-02 1.324439204833795930e-02 -5.862005751643756778e-03 4.398846539382962433e-03 -3.465496912431900722e-02 1.336498699890342583e-02 -2.790990907789924966e-02 3.682905071529140456e-02 -2.901931561392136205e-02 1.413085870257570990e-03 1.538773625907347714e-04 3.747742936202669989e-02 4.234747442568133347e-02 -3.644653032472439796e-02 -2.069498001815353247e-02 -1.072996455379254289e-02 2.244132967463265127e-02 2.268902167276801857e-02 1.543309032070769131e-02 -3.863504617379590750e-02 -6.000939451458446421e-03 1.414266251847884305e-03 1.752858104547862575e-02 3.352909807098023668e-03 4.312283943659489180e-03 -1.919002324151694930e-02 -5.048842146981336390e-03 2.940058996930401333e-02 -2.502387288605520052e-02 5.880126579729248390e-03 -1.082147133463477739e-02 -4.043937587692554569e-02 3.183164314708642612e-02 -4.700192183568723675e-02 -4.357540349645147582e-02 1.078734420910460248e-02 -2.665837546357138765e-02 -4.303830852373890029e-03 2.553405859947899953e-02 6.014682206545404405e-03 -2.157181936060055538e-02 9.376864571187555966e-03 2.456759923272259713e-02 2.200806587119854066e-02 2.178031044247169187e-02 -1.395410576715083902e-02 -2.485468424719874253e-02 2.612764415233197191e-02 -4.100274195373219271e-02 1.608488508012729384e-02 -1.200296945179799880e-02 2.245647825875992862e-02 -1.536710544704893763e-03 -1.988612849517960163e-02 -1.847491138678634612e-02 -3.456255700564642153e-02 2.184517582444814310e-02 -1.402476096385105696e-02 -3.296212217977163850e-02 2.777652529096356383e-03 1.363006299976076904e-02 -1.191643996114506894e-02 -4.450162923307137558e-02 -4.482533238634488909e-02 -1.736595713294770277e-02 1.688998997790270781e-02 3.697315045813230616e-02 -1.112942316857487915e-02 1.961630998567605571e-03 9.704204727325877605e-03 1.994093419673020548e-02 -7.929903501476190733e-03 -4.551689974511759738e-03 -4.518154882562486901e-02 -9.710752505973899509e-03 -6.699320998414195864e-03 2.084458753828742281e-02 -4.907985192924022022e-02 -1.331268654160672367e-02 3.528273880981108029e-02 2.490526014456107690e-02 3.836852480927221976e-02 3.824355547469904248e-02 -3.795336732688402853e-02 1.815961069673930825e-02 3.124942422517617419e-02 1.446401098269280497e-02 -1.651479012181578630e-03 1.936587591915094747e-02 -1.739183182623390764e-02 3.109865451864451632e-04 -5.197067298169460135e-04 3.386616128731037567e-02 3.107745864345764705e-02 3.266845098208170928e-02 -3.344990656572648731e-04
-1.272074140224755678e-01 1.103689042290670330e-02 -1.591226142992048231e-01 9.086154683677566749e-03 -5.160290008743994433e-02 3.043219257212283202e-02 1.427282980821219793e-01 -4.891210811461833147e-02 -2.948825891955457815e-02 -3.140927264190709889e-02 1.418760104770012964e-01 -1.393210068440100813e-01 1.713042158628720613e-02 -2.224590181920432508e-01 5.086438328847472934e-02 -1.251959333191735718e-02 9.273801436933948317e-02 1.738373529653439251e-03 4.348508588473055936e-02 -3.108710318360958375e-02 2.676001386725875009e-02 1.820652044177601889e-02 -1.639586111314012828e-01 2.926765781810728145e-03 9.862471005321417350e-02 1.421493678469673283e-01 1.898071924232693636e-02 1.601129244052067746e-01 2.100348427736881407e-01 1.566290622590853915e-02 3.697789006165277254e-02 1.116634238938839507e-01 -1.145210268099557116e-02 1.192761889776359913e-01 1.496675245138558152e-02 -5.754878454501982654e-03 -1.538425577424492874e-01 1.260490776317737815e-01 -1.743762783806358241e-01 2.033622232418590969e-01 -1.451206174094865076e-01 -1.693130201156980291e-02 4.038185267411140839e-02 2.126581617858294415e-01 1.356990118318154026e-01 -1.891098343450733077e-01 -1.242873480302345013e-01 4.739798000950005627e-03 -1.069723825528264352e-02 5.774048256587926975e-02 1.319743923527962048e-01 -2.025039204102829504e-01 1.083128682657143009e-02 -2.826907870024191957e-02 1.286464511051472470e-01 8.890602417443773178e-03 5.511124467421140045e-03 -1.461564037124549464e-01 -5.750521613414931671e-04 1.803336686016071555e-01 -1.279577952038991051e-01 -2.104613488553663120e-02 -1.986764829102285676e-02 -2.068647034737309820e-01 5.294649063469618333e-02 -1.525560132276325420e-01 -1.318306980562616026e-01 -1.083376567978851582e-02 -1.119066305777853682e-01 -6.271933354854658180e-03 1.122407250569686793e-01 -1.505946814090224940e-02 -5.309581132991001567e-02 -1.537513740577957366e-02 -6.357259383398834902e-03 -9.868892460219796936e-03 1.779028011739677839e-01 -3.409375363615471145e-03 -9.908528503227924389e-02 2.426963872319005087e-03 -1.313599370158371471e-01 3.009785404953819327e-02 -1.940507928016488998e-02 1.801971047681068527e-01 3.346652526917467865e-03 2.950712101844967655e-03 -6.689528154133798921e-02 -1.800791327158096367e-01 1.723739048873945967e-01 -2.114045251701003603e-02 -1.144450698589645488e-01 -3.749153651481580002e-02 1.991119992219875581e-02 -4.968027730000365572e-02 -1.511119919061253425e-01 -1.301946471880484069e-01 -1.145432672290889187e-01 8.507457094641375506e-02 1.564778352871759037e-01 -6.697927110117382621e-02 4.160961792851133878e-02 -1.881408548973437017e-03 2.954971258214740895e-02 -1.561043446881674526e-02 7.466909284496731601e-03 -1.367497970142009522e-01 1.044067451341906469e-02 -1.496406021389139890e-02 1.001967250292401246e-01 -1.478712230091926427e-01 -6.562016480527380069e-02 1.652654535613438946e-01 8.896904752485351731e-02 1.256092364209758228e-01 1.617764412097853211e-01 -1.949023138969763758e-01 -2.768502120762203825e-02 6.295227532852959440e-02 1.413532761920404668e-01 -3.902598314834748727e-02 4.954419270650244761e-02 3.140829896381672919e-04 -2.775717200307859997e-02 -2.963224537525171315e-02 2.296737247492864134e-02 1.855632468449784633e-01 1.239517666565035647e-01 2.593955661225448919e-02
2.045188950656018356e-02 -2.205737118077142137e-02 2.479699303684786485e-02 -2.763540047357001660e-03 3.171691432425361064e-03 -1.595866533553320574e-02 -4.891210811461833147e-02 3.422944310522930272e-02 1.568823136399426915e-02 9.214385103662160736e-03 -3.150145845036159131e-02 3.599972653538008327e-02 -1.051416686162971216e-02 5.030479442753301583e-02 -1.706863488781327348e-02 -6.019009111651638100e-03 -6.654232236857991929e-03 1.567115772156978809e-02 -2.593396851815753246e-02 -1.676482195059426916e-03 -1.498111194715637771e-02 -1.718368323398337255e-02 3.984460721417794338e-02 -2.668757438891822525e-03 -3.122846203403330939e-02 -2.197616111190775837e-02 7.350492417222584743e-03 -3.924492782429252202e-02 -3.285052515874337109e-02 -1.333657049582982930e-02 -5.318815108627782291e-03 -2.969835551123776313e-02 -5.100466699896555323e-03 -1.796263261639543737e-02 -1.270455771874870639e-02 3.643043694113770690e-03 4.171449027018126615e-02 -2.146056228607840996e-02 4.375572705747599045e-02 -3.086281840472558657e-02 4.682746959984551705e-02 -6.501834122141335846e-03 -1.826540664049507851e-02 -3.265117015479133966e-02 -3.684354579284498249e-02 3.256789260877870212e-02 1.652942820151536568e-02 6.815328149716380624e-03 -4.003550001893743659e-03 -2.518122128828940293e-02 -2.234675776693373361e-02 3.488071373414861065e-02 1.931582308955051043e-03 9.022917345465633621e-03 -2.322104906798672444e-02 -1.578053206600403893e-02 -7.696865359201959626e-03 3.272187449593024627e-02 -2.500688339143680630e-03 -4.459353983337956129e-02 3.239583081003478970e-02 -5.642204806853916635e-03 2.923576628407377476e-02 3.525057631924619073e-02 -2.452679362719262929e-02 3.877227889806970917e-02 3.401559204123257019e-02 1.588648762681268631e-02 2.832386025496580820e-02 8.662297103782815033e-03 -3.143648473993859022e-02 5.541424207651801659e-03 3.731348636006832052e-03 1.676763399961323300e-02 -4.780751019419222057e-03 -4.795969148876381462e-03 -2.983335876454389080e-02 -3.233896998484244497e-03 2.550764077967939553e-02 -7.147273191097833732e-03 3.398530392227818581e-02 -3.164117376721773539e-02 -3.949958987182625517e-03 -3.745868672088575185e-02 5.537570110684832299e-03 -1.692224299981295215e-03 2.340536369433495259e-02 3.531621232256047099e-02 -3.960632943086456886e-02 5.779526061756135036e-03 2.561343545838790439e-02 -5.522295475502278159e-03 -1.817747846132528825e-03 1.736170512129145763e-02 3.762129677062589495e-02 2.400786720948305808e-02 1.227904271352590719e-02 1.134615710954882048e-03 -4.370805790843638322e-02 1.583546817784941890e-03 -1.765986218141476355e-02 2.183454964113788407e-03 -1.243309029060628984e-02 3.873022973819166635e-03 -4.495636608597666090e-03 2.499490662624185427e-02 -8.420067392787920074e-03 -3.913159241909108452e-03 -2.427133956284375713e-02 2.701724099268039414e-02 2.883137897466777483e-02 -4.787264631972640294e-02 -1.654584724934224718e-02 -3.762074587814899507e-02 -4.518004609278873651e-02 3.346798750457910532e-02 4.698118145460536996e-04 -2.301314860259040876e-02 -2.047050239335451369e-02 1.234694264331138644e-02 -1.157055694860099904e-02 5.600863282946413890e-03 8.622140597604091572e-03 7.098772296384338668e-03 -1.379395630285816347e-02 -4.547928145936733918e-02 -1.336021766223226270e-02 -9.673652472151529277e-03
4.654239285310406843e-02 -2.361279637396820896e-02 3.874206232895719554e-02 1.248343624159577820e-03 -7.957122462764840837e-03 -2.831654537363267020e-03 -2.948825891955457815e-02 1.568823136399426915e-02 4.229667820526297056e-02 -1.398901422657877237e-02 -4.322359242168329757e-02 3.751610636358888862e-02 1.654541078443637044e-03 5.781412409032010008e-02 -4.505206782864103199e-02 -2.443768686878765046e-03 -1.148192871287077171e-02 3.108885628729243442e-02 -1.947156281616591045e-02 1.151845671596877715e-02 -1.174095745283558305e-02 -2.996199607701521828e-02 5.446204022220692970e-02 2.670004947719050933e-03 -2.846727255726830622e-02 -2.342800464949557071e-02 1.776631422356498777e-02 -3.502225914187456074e-02 -4.365074529908341550e-02 -1.204633606609902810e-03 -3.483070794563859068e-02 -3.560760741794961187e-02 7.987656365958587315e-03 -3.479388443225146788e-02 8.076554147188205746e-03 2.904928060206122750e-02 2.462657312760058864e-02 -2.693835167302430916e-02 3.728647650416959392e-02 -4.033821907717162480e-02 2.846393388480991660e-02 -1.854419639388325824e-02 4.016899859545988195e-03 -4.250080263278113724e-02 -2.292783742141062814e-02 3.820337448640540728e-02 3.308313403360521598e-02 -5.793336042635941494e-04 8.314238286421433283e-03 -1.529683338778166715e-02 -4.709973361599868041e-02 4.137989922577832436e-02 1.921053221238830724e-02 5.910363756659225802e-03 -2.106515162112156114e-02 -1.667319374713190777e-02 -1.721534019059601031e-02 3.170822753429806268e-02 -2.975638327669157673e-02 -3.848729483758770581e-02 3.375481822234579349e-02 1.073881583331190090e-02 1.004530550957439920e-02 4.095127819630185045e-02 -1.489591356764385401e-02 4.610767345558135916e-02 4.182690885147302001e-02 1.371997489441196399e-02 3.528719229372308253e-02 1.035595032086121005e-02 -3.298213416345618237e-02 -2.089592756262819220e-02 1.156955928220407097e-02 1.434904668123205586e-02 8.137627907763770110e-03 1.035777616253954862e-02 -4.272733079775105358e-02 2.055559850864312546e-02 3.454178714098585234e-02 4.037449815472642783e-03 3.711718954084003430e-02 -1.305957046756723618e-02 -1.730266080629755052e-02 -4.963212242590839263e-02 1.347121470260948146e-02 -1.217156742536681761e-02 2.257385860796002827e-02 6.387780446095797648e-02 -5.103091533387319606e-02 1.161600067709829716e-02 3.525576766645882598e-02 -4.755177519102865916e-04 -1.043363626513550170e-02 1.449605233020348320e-02 4.383460874918668204e-02 1.144867717777314255e-02 3.270040197215515893e-02 -2.024574600360444510e-02 -3.060545247994492582e-02 5.080840295654447634e-03 4.860555088519949961e-03 -2.463146787923237158e-02 -3.983716753179485787e-02 -7.340929280727526672e-03 -3.193441193021256952e-02 1.295375560502444283e-02 1.067299212970565731e-03 2.261723693172661837e-03 -2.570741675551924121e-02 1.495006348772497801e-02 2.459989325827173501e-02 -3.171973019796710952e-02 -2.972847363693537776e-02 -1.653607290998146753e-02 -3.037637553858695341e-02 4.047150952098011595e-02 1.346196378525770301e-02 -3.236953388271034820e-02 -2.795000285258915362e-02 9.131691462321584601e-03 -3.748227662457561532e-02 1.887987559500728038e-02 4.170502839453786408e-03 3.546006670950164336e-02 -4.197203902440115736e-03 -4.163261906603957924e-02 -7.423720805395558377e-03 1.355780653910289638e-02
4.144462075653375724e-03 1.733541261849349396e-02 2.860194483790994002e-02 -1.920394554726169781e-02 2.664616022783920096e-02 2.087206848113879343e-03 -3.140927264190709889e-02 9.214385103662160736e-03 -1.398901422657877237e-02 3.907340539887193404e-02 -1.799921676509713339e-02 1.878855505797468600e-02 4.407824144820205597e-03 2.938306983094028657e-02 2.072217934736681269e-02 1.148165102831787306e-02 -3.490604574239523569e-03 -1.529391966548652310e-02 3.332460498977894790e-03 1.476416092653031614e-02 -1.916147400177401622e-02 1.941249254175950179e-02 1.951989024077546361e-02 8.839043764495168112e-03 -1.005117928505851882e-02 -1.853489811775086565e-02 -2.549140602992170865e-02 -3.318813732213694162e-02 -3.478802874940459949e-02 8.258333698818164439e-03 1.301468597888860018e-02 -8.526104296872555680e-03 1.046362223086687478e-02 -1.646427823094183743e-02 -2.433135658581265376e-02 -2.104920191936123647e-02 3.899763143748892491e-02 -1.761868487017678730e-02 2.987293756872491310e-02 -3.427250914085117756e-02 3.458232153675913634e-02 2.418713490850782355e-02 -3.053249916154572238e-02 -3.613649665824989615e-02 -2.140080432938671132e-02 3.261966926965986086e-02 1.503402526709394713e-02 -9.318276785273455973e-03 9.442379274305920736e-03 -1.437644093922453570e-02 -1.118591129457372109e-02 3.478852300661908203e-02 -2.576722309274180958e-02 2.563838208932442062e-02 -2.714192387198722731e-02 3.701228329727611083e-03 8.843099786454845790e-03 2.642631477834090151e-02 2.283717764933686917e-02 -2.895796227705765141e-02 1.795814413047371050e-02 1.607410388730381307e-02 4.281839054886856302e-03 3.653010468982988146e-02 2.780099057663710897e-03 1.694897787872045453e-02 1.235375175457392727e-02 -4.073980069410338203e-03 1.495729807089608322e-02 1.123447722582351883e-03 -1.986571056516821254e-02 3.771277786578686175e-02 1.927208061535410494e-02 -2.289833583038759866e-03 7.646390457760220659e-03 9.216878099708836203e-03 -3.146733867728138817e-02 -2.074222156683156251e-02 1.001665759382203147e-02 7.948448400144657311e-03 1.444938410368623583e-02 -2.009351072241740734e-03 2.295089812186354439e-02 -2.557016069422979668e-02 -1.104310351181073471e-02 -8.914870753699169134e-03 1.033006831966455305e-02 1.681939816173453825e-02 -2.248061240303200065e-02 -1.693584550428125016e-02 5.399656223027144569e-03 5.178631029178580938e-03 1.468713758661473363e-02 -1.593757198370885806e-03 1.745343492013508996e-02 2.760966853121518683e-02 1.112478476164662465e-02 -4.432070212803011951e-03 -3.403648224496078067e-02 8.428537543907410265e-03 -2.882797228195328049e-02 3.468559472667384624e-02 2.508667504293490835e-02 6.894846082505412706e-03 2.170083741783421574e-02 2.944318114230686997e-02 -1.831954286847337077e-02 -8.443901760110818222e-03 -1.745738402180959520e-02 3.185428184491922998e-02 5.460566833264039830e-04 -3.326011401234763715e-02 -1.071995270098510897e-03 -2.460376506150913772e-02 -3.673591235245151493e-02 3.275514385446254284e-02 1.172506814175893440e-02 6.756310884046848493e-03 -2.244273024465646624e-02 2.615212166137570460e-02 1.891497130262411244e-02 -2.662050032125987467e-02 2.212209415773096557e-02 -1.658502238621789582e-02 5.197406705132104517e-03 -2.841389471617692536e-02 -2.143463439006386764e-02 -3.485152331659187308e-02
-1.709077681379548019e-01 1.435023414033893309e-02 -1.920257833365276723e-01 8.282239498607445530e-03 -4.988963573009513180e-02 2.044456080254111741e-02 1.418760104770012964e-01 -3.150145845036159131e-02 -4.322359242168329757e-02 -1.799921676509713339e-02 1.842369722349002648e-01 -1.583840213490024518e-01 7.615943595573691945e-03 -2.551134763167218766e-01 7.514573232543579617e-02 -2.234788958174599091e-02 1.133750646719893646e-01 -5.495087510960063384e-03 4.484916985942492135e-02 -4.685386116035633597e-02 2.623316404928486764e-02 3.337769737392832364e-02 -2.059888867343224461e-01 -8.911861609406573903e-03 1.132983644890723646e-01 1.617115398832220108e-01 9.386544302873873688e-03 1.810006751886814313e-01 2.605737590443025220e-01 6.208564456052350147e-03 6.708162997970330832e-02 1.311859064680730713e-01 -2.309482417315214878e-02 1.480535423897939296e-01 -4.138825697411227349e-03 -1.412063239588510176e-02 -1.656170937173986613e-01 1.396063991061041731e-01 -2.001467293214342913e-01 2.514250126163004029e-01 -1.436541268031107654e-01 -3.643120764554632404e-03 2.253650234338781810e-02 2.636485020645710775e-01 1.411158176566955635e-01 -2.286840756839708388e-01 -1.610937677080311881e-01 2.813980036348277119e-02 -2.157172721724808645e-02 4.950425174546148332e-02 1.634008162946619380e-01 -2.460194928952935123e-01 -5.748946886200571697e-03 -3.217707220136097057e-02 1.602457788225182533e-01 4.803127447637322960e-03 2.264620046844266141e-02 -1.621218971504109208e-01 9.626105304824045597e-03 2.089694389567949007e-01 -1.475016627819300541e-01 -3.793659921610838259e-02 3.670083961301504310e-03 -2.482948854146859730e-01 4.544222688994169895e-02 -1.758266972204907963e-01 -1.521692489754339905e-01 -9.956738722648210069e-03 -1.250829446350589236e-01 -1.565355033038892674e-02 1.352023179917966889e-01 1.953191865737514184e-03 -6.818955126589408555e-02 -1.404293009051606200e-02 -1.863490859752825468e-02 -2.218249593370204276e-02 2.124439117046625636e-01 -2.830160434914770831e-02 -1.137686675110156087e-01 -5.121389495911950022e-03 -1.496434547878396637e-01 1.193831528753266230e-02 -1.395324539031742202e-02 2.101628112758351374e-01 -1.213873506763226383e-02 1.461671532907395619e-02 -8.128546603564451578e-02 -2.286880121125152154e-01 1.962081162545366020e-01 -2.716401747666181629e-02 -1.390637642297522236e-01 -4.651496800368420254e-02 2.459166044658317105e-02 -5.008851227259984717e-02 -1.726731806190393570e-01 -1.414826317017048862e-01 -1.520703256438284690e-01 1.238818103825008177e-01 1.733353259119662926e-01 -8.287100164732198737e-02 2.579850409050992929e-02 1.560160528135410250e-02 5.014833165646837704e-02 -1.354621534942958283e-03 1.901541591912556117e-02 -1.501328340656494786e-01 -1.182595890815101415e-03 -2.377677726069219247e-02 1.170620376165250609e-01 -1.622720130949603101e-01 -7.288167458236634311e-02 1.783808460394576134e-01 1.167807859334407256e-01 1.253825364469653147e-01 1.758395771959267717e-01 -2.367912795133236548e-01 -4.004991114929098289e-02 7.419996215344851209e-02 1.613151601927010903e-01 -4.353494428027662039e-02 7.773793519521365880e-02 -3.679570376832719172e-03 -2.880952905791242524e-02 -4.509370918588020277e-02 1.466704441429094244e-02 2.167124212462230581e-01 1.396924665013665745e-01 1.080689843466240557e-02
1.466388520512244276e-01 -6.620941563589289799e-03 1.779834903359331921e-01 -9.239712843890487623e-03 4.872671907587607099e-02 -2.621960785486944154e-02 -1.393210068440100813e-01 3.599972653538008327e-02 3.751610636358888862e-02 1.878855505797468600e-02 -1.583840213490024518e-01 1.575571911926196556e-01 -1.264634556827709012e-02 2.426130025139940916e-01 -6.206101249063852160e-02 1.369091858587681045e-02 -1.092182484427141470e-01 -2.995097525753985003e-03 -3.893096094842927318e-02 3.922317961522693575e-02 -1.894665364412470576e-02 -1.982572130488073972e-02 1.824700475551495060e-01 -2.952871686618261955e-03 -1.020746867171168498e-01 -1.618131676905281702e-01 -2.094036964476550869e-02 -1.653471222597031887e-01 -2.372179455511781443e-01 -1.695105279081459554e-02 -5.077889602827892479e-02 -1.202750998146090294e-01 1.862123212933356961e-02 -1.358509206006599801e-01 2.737557501748101238e-03 2.071122300439649788e-02 1.591796201764525409e-01 -1.425585548334816488e-01 1.841428609879979250e-01 -2.303193279557400330e-01 1.424807244159121689e-01 1.793580385001234540e-02 -2.423250400774186117e-02 -2.397099329069426465e-01 -1.362863669792346299e-01 2.121417012655048839e-01 1.523659249456260079e-01 -1.025118717403756576e-02 1.724802005412340647e-02 -5.626383581932886679e-02 -1.569907202962587400e-01 2.261659888480374025e-01 -7.763989486295624215e-03 2.392026629570140686e-02 -1.417391169934224537e-01 -7.928317436867221915e-03 -1.098270949601225580e-02 1.530140471481894193e-01 -1.376582754229440687e-02 -1.903173117290165861e-01 1.461154743396570477e-01 2.655920910700328846e-02 4.599571456385753189e-03 2.316121893250355779e-01 -4.777689489654080024e-02 1.640480766599393125e-01 1.423134064669779875e-01 3.169774028582309465e-03 1.176091307685890180e-01 8.238219509211905031e-03 -1.222300477815937425e-01 -6.432018186422965673e-04 5.740612169736050707e-02 8.014023886519930709e-03 1.245928850870320695e-02 1.650105047783516701e-02 -1.967949690550468422e-01 1.434179534632153488e-02 1.049351251550355857e-01 2.682384882664956213e-03 1.404295224772436623e-01 -1.672949749150860060e-02 1.263933945448592923e-02 -1.957701886583941009e-01 6.645839718521248749e-04 2.149740575326148945e-04 7.363374388353964572e-02 2.040399232664979190e-01 -1.866879951923913761e-01 2.367072528476979812e-02 1.321770658930067066e-01 5.223118551809147192e-02 -2.396534965476897899e-02 5.664510133495282568e-02 1.636947936042134344e-01 1.364018531469223527e-01 1.439376412021153018e-01 -1.113611935211357984e-01 -1.632976701941698250e-01 8.626043004765379663e-02 -2.617339560925043343e-02 -1.364392434678854057e-02 -3.905809778664084964e-02 1.883872074494657989e-02 -2.203059890115100644e-02 1.436348729393195356e-01 -5.286094787493297864e-03 3.013419055252682111e-02 -1.156627846790470593e-01 1.556444233854626935e-01 6.436260350132438912e-02 -1.700585403365402759e-01 -1.064772169886219616e-01 -1.214430028582612481e-01 -1.689220307705983359e-01 2.186702700923154052e-01 3.503117111826739571e-02 -6.895514726804767569e-02 -1.602569175985998351e-01 3.635070305294193366e-02 -6.131610838640064176e-02 1.079020716006817530e-02 2.789948934992442578e-02 4.771985447968137006e-02 -1.940032386182491408e-02 -1.976482818812261566e-01 -1.406747169895238292e-01 -1.286445002535207931e-02
