3.393495057378760615e-02 -6.812594571761909461e-03 6.888960667942079646e-03 1.190077137459960924e-02 3.260739374476497466e-03 -3.356453555600649383e-03 2.083909415932148207e-02 -1.620591432295817244e-02 2.664092020995046523e-02 -2.816249459266277622e-02 -3.826146756442402094e-03 -1.032073629275769358e-02 -5.210683814713595007e-03 6.397381481764657409e-03 -3.963290951375341570e-02 1.570128958794028348e-02 -6.412452106388950510e-03 1.051410639578817530e-02 1.010574520256862958e-02 -2.323441319325745841e-03 6.122182767208159300e-03 -1.509537889207292725e-02 5.740690847193483451e-03 3.033089921808347200e-03 -4.304188834031342711e-03 3.012802142595646850e-03 1.459586841242164860e-02 1.557973261104377352e-02 -4.356940751306780796e-03 1.928265802046230312e-02 -3.871526842905379656e-02 -1.876050019161575044e-02 -2.850640165687744112e-03 -1.106229470794677788e-02 2.095890594432966991e-02 1.859290982846921458e-02 -2.158982893330858507e-02 1.748945210955761987e-03 -1.546001319715880999e-02 -2.945524980784893550e-03 -1.933025140703079070e-02 -1.336617763109082188e-02 2.235447110667209900e-02 -3.628513116724220011e-03 -2.689525217571125948e-04 -4.909632801815683439e-04 6.625808513990818181e-03 2.566417304370023200e-03 -3.272642925429575505e-03 7.731371345710945885e-03 -1.813726151047926130e-02 1.409423831091042700e-03 2.425065172523888785e-02 -6.365287099586315611e-03 1.415050428553590693e-02 3.847082983855642287e-03 -4.082366015632749902e-03 -1.148490345123790932e-03 -2.134236162727259217e-02 1.363070348214605321e-02 -1.026526928321381225e-02 1.680316216038825819e-02 -1.758283424429907260e-02 4.454845611562082580e-04 -7.223435886335209492e-03 2.192274491378147852e-02 2.278960142257754201e-02 -1.109543409525765717e-02 1.715274622301729557e-02 -2.681254484646363942e-03 2.567972999136306205e-03 -3.070700481492263934e-02 2.130263615927314308e-02 -1.132963495585071791e-02 -2.905046823439672889e-03 1.650149321899197028e-03 -6.766233102294043865e-03 3.381842418136209172e-02 1.960652361585069059e-02 -4.867899600112634249e-03 1.570241062310325994e-02 1.592502326852560102e-02 -1.265946885041281363e-03 -8.351103556267298195e-03 2.710487357166074199e-03 -1.764764264942910105e-03 -5.860004045701776819e-03 3.204188089032625891e-02 -6.086392486648438058e-03 1.518615184797992949e-02 8.558876383827147133e-03 -5.544759055875850620e-03 -1.955182328944001652e-02 -1.012858854449397335e-02 1.807731287384576127e-02 1.527174368005173276e-03 9.725150772033579541e-03 -1.986605542788590084e-02 1.753189710530526566e-02 -5.209447737724952170e-03 2.196044165376426563e-02 -3.312869333222227125e-02 -4.062435772205619938e-02 -1.300893872062227133e-02 -2.188244200007265911e-02 1.480837389378029207e-03 1.737371081061544684e-02 5.988791538951515560e-05 8.592051567264575446e-03 2.819038705829693577e-03 -8.317765037536516831e-03 2.099822974070728737e-02 -1.134071500261401438e-02 1.051373065503659505e-02 2.035192270779184395e-02 1.361834182022356307e-03 -1.432412513482462591e-03 -2.345319220466672919e-02 -6.886210888527787848e-06 -7.216261654100863607e-03 -3.727466712923902664e-02 1.887966421120663291e-02 -1.144824147667659366e-02 2.198037196587264083e-02 -8.220167405188027673e-03 1.188665561233124245e-02 1.753475420924675105e-03 2.610739459690402872e-02
-6.812594571761909461e-03 1.349374239608467085e-01 -2.642302673951415701e-02 2.355065734159370657e-04 7.939161383210659173e-02 3.720720654511289194e-02 1.332275525351828138e-01 -1.154174104719738747e-01 -2.589650777771704271e-02 -7.148521123280007425e-03 1.180203807787321563e-01 -9.438149598270929863e-02 2.599715898112861176e-02 -6.943745621775344878e-02 3.119509727329388901e-02 8.115356547525173769e-02 -1.979858317619856423e-02 -9.650057717209246932e-02 1.474204674707688956e-01 2.673525382901828160e-02 2.386413589274113956e-02 1.141340479791088935e-01 -1.202474896279399907e-01 2.480478758311149053e-03 7.776837080143712833e-02 6.792043789634286122e-03 -9.689032781246052772e-02 1.138037134500564235e-01 6.162967519298707259e-02 9.953633121011651319e-02 6.904888145689915512e-03 2.804621803442771191e-02 3.158915969229536547e-02 2.432110051020735381e-02 9.873233941999182139e-03 8.306707085814978367e-03 -1.150096391626706654e-01 -4.403535187459506339e-03 -1.399597778723638830e-01 5.690790059590784128e-02 -9.304570562130728972e-02 9.677713527884239386e-02 1.466655399075810114e-02 6.288064799366674396e-02 4.477331840274065972e-02 -6.297418770503410146e-02 -1.820474850800159194e-02 2.282506794160700514e-02 2.662586327503039044e-02 5.543578641929482187e-02 -8.229678794506103956e-03 -7.041670418595570580e-02 -5.242110717304269280e-02 -7.823957988190476803e-03 1.027583164336471622e-01 8.241806858331930663e-02 9.770765626575525498e-02 -1.698422059366614528e-02 -8.357289971294770692e-03 1.462197705772063649e-01 -8.815374346435400632e-02 9.066608402789798349e-02 -1.067390586944849951e-01 -6.025517051278177216e-02 3.688982938867361311e-02 -1.900157407157689743e-02 -7.912186893471265595e-03 -1.191671561922961059e-01 2.525654671844086013e-03 -7.803817454246404772e-02 1.073277374685576852e-01 -6.111165702040881158e-03 8.075431471849009446e-02 -1.139497046711630129e-01 1.769693814643487004e-02 3.719492625698091193e-02 3.708955127825875470e-02 -1.139739569359946025e-02 3.433819233230585299e-03 3.241266513436483199e-02 -2.068843622524619771e-02 1.365164069688068749e-01 7.804853840286653244e-02 4.968257166655373064e-02 -1.031153198190044307e-01 1.556430090747743834e-02 -1.107238530532224929e-01 -2.379397427166252826e-02 5.348285993394039095e-02 -2.326728492500238984e-02 -8.020656285699312438e-02 2.325260567825308822e-02 -2.022237682112283316e-02 -6.881829853126517071e-02 -1.570925007681256078e-02 -1.857398671284351361e-03 -6.167656408051618196e-03 -3.189309615376249157e-02 1.343075968573414491e-01 1.390279284900701982e-02 1.909961403953605932e-02 -9.869341085508629915e-03 2.152175937078116066e-02 1.445334455947556822e-02 -4.828824802638363549e-03 -5.899802148459500767e-03 -8.863974876387816643e-03 -3.482486661453147378e-03 7.414219593955373444e-02 -1.468365501596542635e-03 -1.428752003309411989e-01 1.471790624865651764e-01 5.895689393826969438e-02 7.086812635288161633e-02 1.312852002889199066e-01 -6.383891791761588108e-02 2.126112695578061609e-02 2.223498828049402451e-02 -1.973889082000697751e-02 -1.658554544587382065e-02 2.306436296725816390e-02 -2.293058689421799759e-02 -1.827596720075659945e-02 6.945292491599469945e-03 2.995138647436913770e-02 1.476972658770215885e-01 -1.416570270580716495e-02 9.596482144376557513e-03
6.888960667942079646e-03 -2.642302673951415701e-02 3.415291588035302556e-02 8.556484406555575281e-03 -2.962604586055345504e-02 6.441060089764324200e-04 -3.272199597813830324e-02 2.155382303599040136e-02 1.231383242773431176e-02 -5.879198801595158716e-03 -3.743776890862339501e-02 3.255350785085445176e-02 2.075521049255183142e-03 3.782539657829105811e-02 -8.559425636689018194e-03 -3.713258751502498262e-02 -1.374701006463362359e-02 2.695828102678450577e-02 -4.707203073321188092e-02 4.482459713688732514e-03 7.809023234710282466e-03 -2.745686401595701098e-02 4.045651155083432315e-02 -7.059378138725096348e-03 -6.527643615769652789e-03 -2.353430088151295743e-02 2.226572393502789307e-02 -4.820571633430095759e-02 -3.940200979507698514e-02 -3.748330043346532331e-02 -1.707707795498685519e-03 5.371063555534322242e-03 2.862344192052937528e-03 -3.336186467134677480e-02 5.572121864925110891e-03 1.106211763948109807e-02 2.848307558242297449e-02 -2.134013341670917482e-02 5.250442637217117570e-02 -3.881614471439077951e-02 1.961528296635958735e-02 -2.295409463527827224e-02 4.080314203251815368e-03 -4.077389058831121932e-02 -4.047647162509542852e-03 3.760820260990870717e-02 1.838699004853872054e-02 -6.895150113864090095e-03 2.447310738448222559e-03 -7.933344558737384644e-03 -1.263427225918634968e-02 4.034061119398869855e-02 1.420781316642877497e-02 -1.165089824600151758e-02 -4.281313069004758637e-02 -1.928013099054750462e-02 -2.285989544725942554e-02 1.129438999741171935e-02 -7.581388366127840388e-03 -5.324562020316295913e-02 2.959371482371794815e-02 -2.846956258706472356e-02 1.747582612990027442e-02 3.848832765695978791e-02 8.768644757198272317e-04 -8.347437743291323542e-03 -1.219311032950884388e-02 4.314596209061637155e-02 -9.012166857189246941e-03 1.358846703196833761e-02 -2.523305757449816056e-02 -7.338710214078658471e-03 -3.688575087087515858e-02 4.082875956264535311e-02 5.172826129714349665e-03 -3.996696747731108795e-04 -3.871657953239891758e-02 4.565451987893219370e-03 -1.014485338729459799e-02 1.905045588393901269e-03 -7.605974996773989458e-03 -2.707074855676569122e-02 -2.858989073887903409e-02 -3.677295353885405571e-02 2.725125280850337547e-02 -4.656800980678656339e-03 2.610739352491455931e-02 1.316711913291571806e-02 -3.865773165912942538e-02 1.649916570521997583e-02 4.098566525581018305e-02 1.936353028617261371e-02 -4.219597134906568833e-03 3.227673870510826271e-02 -6.596511859554457340e-03 -4.925405030418897323e-03 1.857349425619046063e-02 -4.322485793257342668e-03 -3.505714711823357949e-02 1.762459191766292677e-02 2.586313158186747795e-03 -4.853807299678647262e-03 -4.772804642772548143e-03 -9.923507379039702651e-04 -9.237126438513263912e-03 -3.964547956522105135e-03 1.216734698969424225e-02 1.964307693950707520e-02 -2.442978785788460852e-02 -5.619890162168299404e-03 4.748695035205371950e-02 -4.230635027070749066e-02 -3.299986703341262900e-02 -9.080040694263269430e-03 -3.491980136740705648e-02 3.805425970105362488e-02 5.881544846764772717e-03 7.621560831804916059e-03 -1.782329665817170006e-02 -8.404855968126364804e-03 -8.008614335251585878e-03 6.738560585804614228e-03 -3.699114644709891250e-03 1.145651474849778036e-02 3.587618771385181742e-03 -5.449370680976294706e-02 -9.039405153255897912e-03 6.015245334869702941e-03
1.190077137459960924e-02 2.355065734159370657e-04 8.556484406555575281e-03 2.719386466684140663e-02 -1.756470495898721385e-03 -7.541919497013941515e-03 5.773742881964240466e-03 -3.849280518019990681e-03 6.289025372143176688e-03 -2.438962996125050575e-02 6.495533628530436414e-03 -4.734295786069585635e-03 -8.195701426006615081e-03 1.896008343845365443e-02 -1.715438973438860801e-02 -1.092667133472040829e-02 -2.639907776274710155e-02 -1.300426909589669135e-03 -8.949992389264282630e-03 -7.025145977452447107e-03 2.181852834478793801e-02 -5.672085680734502942e-03 -2.971692763617599879e-03 -1.538964567506150363e-02 4.654663156589401024e-03 -1.955939903560354257e-02 7.819663147863992886e-03 -3.869860341022523294e-03 -6.194651692801470509e-03 -1.161416488902726300e-02 -3.894748453883252557e-03 -9.172912860384177611e-04 -7.058040042649656176e-03 -1.036600945297058880e-02 9.809085713261708750e-03 1.230902626355211311e-02 -1.607602571283617623e-02 -1.747707923105315531e-02 6.150848723821463263e-03 -6.606477935773170246e-03 -6.012180788634673839e-03 -6.810665306726837107e-03 1.008800109726974183e-02 -6.428608098473887617e-03 -9.478674630976525670e-03 5.854367755947060235e-03 -2.019645370745652094e-03 1.665541757866920158e-02 -6.926257273749013808e-03 1.265075860142565040e-02 -7.596758990128229735e-03 5.956707112315030861e-03 1.328184646014811399e-02 -2.960127431781204091e-02 3.935491197003107566e-03 1.081019397471403784e-02 1.136308879868678200e-02 9.492727758725552287e-03 -1.040506649971250329e-02 -7.134184954425172587e-03 -7.762674574699894234e-03 -1.368773489081756035e-02 -5.070347521924506440e-03 6.739086416951633844e-03 -1.401007429336182698e-02 2.420318558902418999e-03 2.504319389764260440e-03 5.362449424431795300e-03 1.136064794535758581e-03 -1.757313378947937196e-02 1.768098353029061084e-02 -2.444178448717173116e-02 -1.192561088806469438e-02 4.938629813947472726e-03 -6.982676473119999068e-03 -6.904446289838478586e-03 -1.058071568944652166e-02 7.820577654825255215e-03 1.644816667674706655e-03 -5.948402497296708356e-03 2.311317300800128094e-03 3.814170006764563275e-03 -3.515590469029895079e-03 -1.643718824704246129e-02 -8.010945035451935009e-03 1.180216590602020665e-02 -1.682959863198990602e-02 6.478246938872080779e-03 -1.838282482871405818e-02 2.772138254173758462e-02 1.412117968210398720e-02 1.185128621104232678e-02 -2.843512054883447215e-02 1.392203649496075689e-02 2.829211792428673340e-03 3.414218426782854397e-03 1.362316891790388632e-03 -6.153538082673696945e-03 1.388608474757361232e-02 1.074897921729851651e-02 7.761149973908683906e-03 -2.505176246281783786e-02 -1.742313802512645074e-02 -2.125866952882931975e-03 -1.134506018880129807e-02 2.219577777225915493e-03 1.870988277619055687e-02 1.280402015125553863e-02 1.279520257200453606e-02 2.547339545579762384e-03 1.038388012841170126e-02 6.431494069849494517e-03 -1.109011191240186385e-02 -4.852803700075757933e-03 1.379753040314200471e-02 6.370219388180325439e-03 -4.973454777926817130e-03 -4.445261357690151634e-03 -1.676195081045082219e-02 -2.950020005705723120e-02 -1.779745946947818014e-02 1.183507838652112648e-02 -2.699699549888759376e-02 1.062832279295193583e-02 -7.248270122610886955e-03 -7.399186972620198227e-03 -1.179326619467937175e-02 2.094608119650630956e-02
3.260739374476497466e-03 7.939161383210659173e-02 -2.962604586055345504e-02 -1.756470495898721385e-03 7.106804670040196836e-02 8.197870642935351990e-03 8.914905729957316172e-02 -7.503767250520856913e-02 -2.100603907950260654e-02 8.235819600192117920e-04 7.743384026588698288e-02 -7.493598294941637705e-02 9.359170394465307630e-04 -5.605256858979285745e-02 1.091188433002307848e-02 7.599861046042558077e-02 -1.481713393817739061e-04 -6.538253625944623337e-02 1.029289233210306936e-01 2.578411148798310116e-03 9.347660539144658429e-03 6.818253039834205886e-02 -8.127159339267371607e-02 1.220428192235075218e-02 3.978560902798282395e-02 2.365364746083891204e-02 -5.567500251447626142e-02 8.999622785076970277e-02 4.428090853019608919e-02 8.118245392659831361e-02 -1.079997916764023971e-02 4.305229527905481308e-03 4.739375804286320368e-03 2.781446249480784561e-02 4.984073549361061305e-03 -1.309909225125959961e-02 -7.222088965610498623e-02 2.067298220218935847e-02 -1.011832481392376526e-01 4.176780916519163417e-02 -6.326540367004825083e-02 5.718495695394092138e-02 7.764723709498991960e-03 4.504456471353619068e-02 1.936890967841557731e-02 -4.588563201584917178e-02 -2.131974915386026029e-02 9.994481335848298328e-03 2.090877866393204675e-03 3.142287604167855186e-02 1.002952803282630874e-02 -4.949002103817779635e-02 -2.607642475935741111e-02 6.557850502679913804e-03 7.223174785847619184e-02 5.722239588558734880e-02 5.786204578936694071e-02 -2.031125027247885836e-02 9.727100225592302460e-03 1.040978911004673546e-01 -6.861238148642370693e-02 6.833294430326791735e-02 -6.996086308687114730e-02 -4.397136628199185132e-02 1.308790800755209316e-02 3.290126257161185997e-03 1.066651483615870324e-02 -9.065528701681810353e-02 8.615833348552507862e-03 -4.319792274119490377e-02 6.422812497608752780e-02 1.930218372871725287e-03 7.764937764827585520e-02 -8.700149098838247386e-02 -3.930451177647204843e-03 1.149544645872719283e-02 3.733783839610486932e-02 6.667663955962969263e-03 9.959300197672322011e-03 4.416587790869675768e-03 -7.185356372933485907e-04 8.714476643272110745e-02 6.765863331492863453e-02 4.770480808641818643e-02 -6.306593857336213749e-02 1.109212014463718289e-02 -6.745204815257502262e-02 -1.140517163695396220e-02 5.337425655864391077e-02 -1.616343095422836940e-02 -5.590224682404095619e-02 -6.398701694722666242e-03 -1.313034772366923966e-02 -6.002186444560018985e-02 1.132347565912309763e-03 1.391222587262287182e-02 -1.577656651643766922e-02 -1.959429050086737567e-02 8.380200829052261713e-02 -6.994033256241215073e-03 9.939890327774356105e-03 -2.726509898478929501e-03 3.815911114307345229e-03 1.914766428049989480e-04 1.269748045848741354e-02 1.184612970543414377e-02 1.887808924410379449e-04 -1.519012907701396652e-02 5.434986122929482549e-02 1.625936228188638519e-02 -9.964579112691585028e-02 9.894882507555836926e-02 4.038019101414101752e-02 3.719576988175906512e-02 8.349050883984289462e-02 -4.552522744491093593e-02 -1.381388699224969695e-03 9.794471933474875863e-04 9.329888283692296808e-03 -7.695229270952803425e-04 6.246458734298047585e-03 -1.655481192707019406e-02 -8.325074835974938595e-03 -1.145876495694202711e-02 1.231223962313208759e-03 1.052110179341275292e-01 -4.930413469521672219e-03 4.107243647028569779e-05
-3.356453555600649383e-03 3.720720654511289194e-02 6.441060089764324200e-04 -7.541919497013941515e-03 8.197870642935351990e-03 2.933010433463288311e-02 3.368066151978496570e-02 -2.998197246013403067e-02 1.973350099905476704e-03 4.060124595393239944e-03 2.138284366182288329e-02 -2.132579895231129230e-02 2.614549618678228479e-02 -1.620963519876728737e-02 1.293086228962098821e-02 1.351743389565904403e-02 1.720056815604475205e-03 -1.300572523262840188e-02 3.339278076056348410e-02 2.517292282147487459e-02 -4.956325303887212409e-03 2.869925189759600995e-02 -2.100698311207787466e-02 8.440168843343304542e-03 2.484254332815506380e-02 4.138242330411010493e-03 -2.570852777034754802e-02 1.568895078277083091e-02 1.398361866359600948e-02 2.823310754610964743e-02 6.337870056628674628e-03 1.573716547550148281e-02 2.634361970694282240e-02 -9.602632827825565310e-04 -4.663273190261463599e-03 8.593119218760944880e-03 -3.055324065750641971e-02 -4.338472557003968458e-03 -2.922232918269244625e-02 1.364235828228105817e-02 -2.269303550234681721e-02 2.288000219887783085e-02 -1.994350035667440124e-03 1.436683291157352799e-02 2.430996736696254545e-02 -1.525598070729839405e-02 -1.532418627246345810e-03 -5.191427124094222072e-03 2.445997333591025738e-02 1.909931443490706093e-02 -8.416032267133161451e-03 -1.705225291768169490e-02 -1.579296927844815387e-02 6.447040221193030274e-03 1.961814904459630721e-02 1.733666550537162759e-02 2.117857814482815293e-02 5.775975239630164269e-04 -8.191465694510508336e-03 3.191856693829776132e-02 -1.996982789852374748e-02 3.222397616677870336e-02 -2.735869672305826089e-02 -1.559763724250854203e-02 2.418752458677108849e-02 -1.485125098124064937e-02 -1.255778556130863685e-02 -1.744829078964332467e-02 -3.229678388183943906e-03 -1.592211137489939199e-02 2.488205379514825746e-02 4.110476318544712369e-03 1.362440754259825436e-02 -1.657509393946212869e-02 2.317867361821445565e-02 2.724731810443798904e-02 1.541330019452674975e-03 -9.668831258270844942e-03 -2.571329127240745954e-03 2.641616160379715167e-02 -1.479168003264617372e-02 3.734052678742632442e-02 1.169180959440849557e-02 4.348637043546398941e-03 -2.222451731486383905e-02 -1.390926372156512866e-02 -2.678129685843655058e-02 -2.932609435393310465e-03 4.855600032726329306e-03 -1.421837013901532977e-02 -2.461741034072274098e-02 8.001497566487252716e-03 4.646609521898281865e-03 -1.780069176152633201e-02 -1.288507439666546940e-02 -1.787451988869076178e-02 1.956622999633414548e-03 -3.970051471400610869e-03 3.528330167845070142e-02 2.208139682811139683e-03 6.790380264819196026e-04 4.244616056263810118e-03 1.128507987776892346e-02 -2.293935394874989028e-03 -8.172500942963914494e-03 -1.859867205751887520e-02 -1.205935886411833163e-02 -4.074459697793819148e-03 1.722104312941578896e-02 -1.876758653139301222e-02 -3.210768655668777560e-02 3.731289992352219281e-02 1.733378567885134058e-02 2.916489547686769435e-02 3.504218141138351617e-02 -1.578325456690330905e-02 2.289546980561258174e-02 1.531066913331685826e-02 -8.471922005537568454e-03 3.780824478528392162e-03 1.050120592710556029e-02 -1.582423592379274616e-02 2.002862440740428313e-03 7.859895818750222557e-03 2.808958516202882463e-02 3.226479209298267758e-02 1.020863277260247205e-02 -1.609647046568580446e-03
2.083909415932148207e-02 1.332275525351828138e-01 -3.272199597813830324e-02 5.773742881964240466e-03 8.914905729957316172e-02 3.368066151978496570e-02 1.777235320173157218e-01 -1.454174716384836474e-01 1.676789264375900222e-03 -3.736204502841234537e-02 1.330446896496799980e-01 -1.233552814232182493e-01 1.898840488284732689e-02 -9.260929597338483921e-02 -1.150865413040032606e-02 1.122289153404394668e-01 -9.456175604365756049e-03 -8.955923954401605325e-02 1.778297991927829114e-01 1.935579129628309941e-02 3.137930681481596040e-02 1.045111252820554587e-01 -1.360453082024748184e-01 9.867243158888700308e-03 8.605945482859007900e-02 3.210970154549573630e-02 -8.521704822146108915e-02 1.614013371582845024e-01 8.038841238661313671e-02 1.360207647193651115e-01 -4.503654369211630010e-02 1.591411601142619578e-02 2.624252868992267909e-02 2.217401906650901672e-02 4.043616979697201019e-02 2.795670699688858687e-02 -1.547912403788169466e-01 1.661307479685669025e-02 -1.894159831699071261e-01 7.665138738892589287e-02 -1.358443696602760764e-01 8.707037008588924820e-02 4.857099676646043501e-02 8.322522427816853030e-02 6.343101354074305587e-02 -8.505856677740504523e-02 -2.038287380334976792e-02 2.541619183792781164e-02 2.040076814606132244e-02 6.225208273719250868e-02 -1.788599983047724218e-02 -9.142617358769478120e-02 -2.852012243326722957e-02 -8.309734605409218461e-03 1.391300031197278964e-01 8.500221756445824894e-02 9.278014222404924738e-02 -4.322453390236533771e-02 -3.358970220142472318e-02 1.946482531631877622e-01 -1.143765431357022244e-01 1.189131583581217039e-01 -1.348314816425474072e-01 -8.234895795114491324e-02 3.872868155141628854e-02 -4.131193780943531214e-03 1.031917987540856632e-02 -1.479715916009446963e-01 1.525048667164677352e-02 -7.899581019386973935e-02 1.171876259421601035e-01 -3.897905699660831474e-02 1.179505290999629114e-01 -1.422590222803600812e-01 1.143434261639576961e-02 3.820688642738961222e-02 4.875856978148067344e-02 3.344783214135118449e-02 1.984827162455295516e-02 2.461112485808571518e-02 -1.338214054645235455e-02 1.643607065638335030e-01 8.265175896601840988e-02 6.508920892749334164e-02 -1.018861102116903894e-01 1.527762282825050923e-02 -1.213786263785410213e-01 -2.190592385667787089e-03 7.211628254332405619e-02 -1.675502545053305162e-02 -8.284888112148665329e-02 1.271694094016659511e-02 -3.552078258126611238e-02 -9.527054407910758027e-02 -7.040807535779492442e-03 -7.770236724924499579e-03 -3.299037323208286847e-03 -5.169165756375541237e-02 1.706624471774460527e-01 -8.403159631543089198e-04 5.354582896463423725e-02 -4.546707493564208086e-02 -2.404792236007467429e-02 1.241654603937178067e-03 -2.856634308515113713e-02 -1.248947551172543448e-02 1.160745210030068864e-02 -6.601374625502937771e-03 8.990655845883020747e-02 -6.580499863320991155e-03 -1.730502845848404803e-01 1.941795068731248519e-01 5.502920096984322690e-02 1.029937157589625035e-01 1.708797826982942081e-01 -8.410022038882210282e-02 1.553792501797399313e-02 -1.177199272148171921e-03 -7.731534368173875477e-04 -1.907852343192708786e-02 -1.394887000378309053e-02 1.349699506458016144e-03 -2.433063747076415206e-02 3.023961496224287712e-02 1.762799190447360623e-02 1.938576223983647095e-01 -2.262224775863204158e-03 3.792532518676441922e-02
-1.620591432295817244e-02 -1.154174104719738747e-01 2.155382303599040136e-02 -3.849280518019990681e-03 -7.503767250520856913e-02 -2.998197246013403067e-02 -1.454174716384836474e-01 1.236405485771292917e-01 5.188532624418493513e-03 2.762627026241136832e-02 -1.050946477350666458e-01 9.659757247281829107e-02 -1.778425913477479567e-02 7.065898630649508627e-02 2.222576683866785228e-03 -9.115444737797522012e-02 1.356671995905426968e-02 7.918451709844046005e-02 -1.458599846050204762e-01 -1.883140773152628886e-02 -2.892732366203290204e-02 -9.069728101690910371e-02 1.077534194684966473e-01 -9.641214199777314864e-03 -7.249692011265428115e-02 -1.892387847173446908e-02 7.478385229787927468e-02 -1.275435254192237577e-01 -5.482661786812665500e-02 -1.082367126071461794e-01 3.182617659616104183e-02 -1.621634380434697903e-02 -2.404103801819340233e-02 -1.469993290658950201e-02 -3.366675250277072901e-02 -1.970355875327893178e-02 1.217181638311673753e-01 -9.238598381744300009e-03 1.477450441458576236e-01 -5.128818120421269749e-02 1.108785601342721777e-01 -7.560358730799121574e-02 -3.978350739168824701e-02 -5.661603680808596079e-02 -5.195636234581738760e-02 5.927840827957087805e-02 9.431933498070631597e-03 -1.568643859325348153e-02 -1.888146031344090439e-02 -5.332613607730016941e-02 1.540587893602587445e-02 6.457194346712537281e-02 2.751926095274771777e-02 7.797315990730196641e-03 -1.039688949573854965e-01 -7.388610204546343374e-02 -7.658637739251226983e-02 3.326485197859980342e-02 2.310561601962976899e-02 -1.526095587191507175e-01 8.873892269291797086e-02 -9.711227998227933700e-02 1.156735206745541089e-01 5.653680337088075325e-02 -3.597311203244391714e-02 6.675995419745871413e-03 -4.635440976670304747e-03 1.223955595243310795e-01 -7.249543343810267368e-03 6.431137934087462205e-02 -9.457650985549119482e-02 2.899769928104544564e-02 -9.468526979413086075e-02 1.178406282262724619e-01 -1.131279939982476196e-02 -3.279695530506046564e-02 -3.427364356170807536e-02 -2.414567477014759045e-02 -1.077224929807807374e-02 -2.250146121220501783e-02 1.348934890009725711e-02 -1.394179791974982374e-01 -7.017765448836166264e-02 -5.074810092540422979e-02 8.340571112399976228e-02 -1.397283882365387905e-02 9.806172724492397130e-02 2.171261820330334762e-03 -5.702819180571119806e-02 1.485092206033604423e-02 6.286597619408564042e-02 -1.696541959257217083e-02 2.746184040554894984e-02 7.414770663890803137e-02 7.760910469488413628e-03 3.174617333015060210e-03 -4.294722309030285685e-03 4.770912279375676829e-02 -1.350718282181805618e-01 -8.757742552272908612e-03 -4.331933543997334296e-02 3.348120706998360813e-02 1.200436165751634678e-02 -3.052774598358999354e-03 1.907006362890738965e-02 6.861660536715549069e-03 -9.869498471315572494e-03 -9.137356945639016651e-04 -6.948238502220385748e-02 1.891763896942548311e-03 1.406653391487585336e-01 -1.546508214753637422e-01 -4.033340563591157613e-02 -8.370821167957466502e-02 -1.348077597013432050e-01 5.860731831368472949e-02 -1.486106576699441212e-02 -4.823114178661837802e-03 5.979039280347321975e-03 1.642463336823563741e-02 6.413703739877004914e-03 2.796667891232560051e-03 1.952183685995713402e-02 -2.179920433351359779e-02 -1.792238045639378552e-02 -1.517328382648979457e-01 8.743238376757811112e-03 -2.868068876176717644e-02
2.664092020995046523e-02 -2.589650777771704271e-02 1.231383242773431176e-02 6.289025372143176688e-03 -2.100603907950260654e-02 1.973350099905476704e-03 1.676789264375900222e-03 5.188532624418493513e-03 4.396036397378154381e-02 -2.659897815451313721e-02 -1.430952689210514446e-02 4.164345392779178825e-03 1.756695394863854029e-03 1.075706367521688835e-02 -4.392756523034817978e-02 -6.908212907603538712e-03 5.994114059906104422e-03 3.565957554048948541e-02 -1.165597413155384024e-02 3.769757020814534006e-03 -3.727864413033255605e-03 -3.077787438760140604e-02 1.862927094374316681e-02 -6.849593518337121880e-04 -7.293009163049190072e-03 6.343610128895608123e-03 2.649959743961642286e-02 -2.678574052399057288e-03 1.101756841346068945e-03 4.484825570652505727e-03 -3.807517772162679476e-02 -1.455002356654889507e-02 3.807589748212329012e-03 -1.833043787545964379e-02 1.645970821230291828e-02 3.248944886406725935e-02 -1.232851593077440369e-02 -2.874596364850030925e-03 -3.420921613127968913e-03 3.199326515351820846e-03 -5.954916241332460294e-03 -2.484107238912193136e-02 1.782049118500577886e-02 2.276266655787025691e-03 5.790540344670733197e-03 -4.036876298432314457e-03 4.978240061010111989e-03 5.080605824383715129e-03 3.538578622934578175e-03 -3.777878098649645015e-03 -2.467769285190234141e-02 -1.855970215744912576e-03 2.787066113092686453e-02 -2.076614113301494986e-03 1.051869404327805332e-02 -1.833194706508256555e-02 -1.657180073363034509e-02 -2.848302870562695443e-05 -3.476677414802768762e-02 1.838459701654608733e-03 1.916646729896327554e-03 5.772681849482635269e-03 4.335293895048009279e-03 -3.948373062112779143e-03 -4.848852334680910439e-03 1.522949342019821670e-02 1.521617818009992663e-02 1.444402091101802330e-02 1.793537812427627859e-02 7.055826232778380190e-03 -9.750896799790796307e-03 -2.975231590473426807e-02 7.823895226667846150e-04 1.350194134131703014e-02 5.357773554825460451e-03 7.452462651625299701e-03 -1.352866274197568608e-02 2.989086257854363729e-02 1.927833254592586920e-02 2.030345488213320705e-03 9.326072347777821653e-03 -7.524362181573209310e-03 -2.423083003127916510e-02 -1.902068144055552024e-02 1.573383278245000030e-02 -1.199295935365528483e-02 8.087939548460289924e-03 3.167986230981863216e-02 -2.001980660959225972e-02 1.280059417157502002e-02 1.327167338895537431e-02 -5.820428557167605342e-03 -1.240685494726252378e-02 -2.138399124575274333e-04 1.195071002129357782e-02 -1.585215090377249669e-02 7.872102501796294366e-03 -6.652339106812621417e-03 6.527515505509117431e-03 -1.288545809074401020e-02 1.941928983693266483e-02 -3.169780026986136756e-02 -4.397395515987884140e-02 -1.152477564132039708e-02 -3.594571029580526100e-02 -1.540999124355035312e-02 9.898625249267324969e-03 -2.619735056601072559e-03 -2.223989435499291144e-03 -1.572657543283801154e-02 1.034673922480260772e-02 6.014455180596914308e-03 -1.223269763486039066e-02 1.274765262846158827e-02 8.849631455423244419e-03 -2.677526993282480089e-03 6.264254332801505454e-03 -2.204919985102436406e-02 -8.197661843087309676e-05 -1.259258202509779640e-03 -3.676077151048924574e-02 2.362380519466071582e-02 -3.703706861596860883e-03 3.481093404457995255e-02 -2.279711714662607976e-03 9.410730345037757660e-05 1.530793591196287322e-02 2.483727839274905633e-02
-2.816249459266277622e-02 -7.148521123280007425e-03 -5.879198801595158716e-03 -2.438962996125050575e-02 8.235819600192117920e-04 4.060124595393239944e-03 -3.736204502841234537e-02 2.762627026241136832e-02 -2.659897815451313721e-02 4.807731112115829625e-02 -1.910202722740341266e-02 1.307031089376607669e-02 6.800587728118144201e-03 -4.617000570637483023e-03 4.099085907033072490e-02 -6.634360198532910334e-03 2.458987741459183266e-02 2.254733644488954910e-03 -2.096107456705166225e-02 5.559899571837651974e-03 -2.754363046362396164e-02 2.872890444001350348e-03 1.563052125336980916e-02 1.638373975604410018e-02 -1.205150475453751514e-02 1.269847581776155365e-02 -4.502140224965140228e-03 -3.126160299358055061e-02 -7.079789569662756597e-03 -1.029269082388894162e-02 3.447655169246049978e-02 9.542708527846091929e-03 3.648935128854273457e-03 1.263010969477835685e-02 -3.562190836610223954e-02 -3.808881230501715703e-02 4.262933022229126179e-02 1.533123564748576327e-02 3.268094131883842596e-02 -7.026267440848092509e-03 3.376479403291520603e-02 2.347696246776347865e-03 -3.749601352881880983e-02 -8.498451471448420849e-03 -6.570263866741077145e-03 9.811552362961564744e-03 -7.955861286483652609e-03 -2.302946166864864447e-02 4.297168587874187345e-03 -1.360619519181447204e-02 2.838693719284388767e-02 1.008880095368126957e-02 -1.945976382392827775e-02 3.074514903786858613e-02 -3.318326401429615852e-02 -8.972151715848586395e-03 -1.243769800265569041e-02 4.648085340363993651e-03 3.919458026979219523e-02 -3.130921297984437524e-02 1.435620776970209130e-02 -6.194165089192476929e-03 2.703060120874261479e-02 8.548383547043502187e-03 7.994511479284560976e-03 -1.342681675779553926e-02 -1.637437795468793533e-02 2.169415919194256359e-02 -1.346811564180033435e-02 2.102556465615127226e-02 -2.366452239125462279e-02 5.099996497270090773e-02 -1.020973153794473183e-02 2.119822562537879498e-02 5.105874507101929721e-03 4.567967032316029227e-04 3.583581702986632627e-03 -3.141585737904984549e-02 -1.593102216182960829e-02 4.528433472265477704e-03 -8.760567229966084724e-03 -2.784016539373063148e-02 7.084846272677329179e-03 7.777945359982827919e-03 1.318961130391008672e-02 -1.635014769360931472e-02 2.383899923916186006e-02 -2.244813259780151921e-02 8.515920458789722966e-03 -2.519964559902345899e-02 -9.242059201798498436e-03 -1.447862351079774908e-02 3.430804546018056261e-02 1.800355338935020685e-03 -1.185644435645282803e-02 3.126214715629333993e-03 -1.513348772814454568e-02 2.635381085938873907e-02 -4.007264584879839664e-02 -9.642169447666404727e-03 -3.656956929898790010e-02 5.278372536103058399e-02 4.325273988648924844e-02 -1.124824888483122757e-03 3.895754265750812212e-02 4.844305216876885513e-03 -2.378480049555744061e-02 -1.661890914528895563e-02 -1.446301725460749643e-02 3.620963850934228075e-03 1.960604140160538897e-02 -3.939155161116662807e-02 1.102519743735216884e-02 -2.237870666731710256e-02 -4.090336497282600486e-02 8.564504305023304051e-03 2.841139166557854652e-03 2.051702311857010047e-02 1.615022332780920167e-02 3.040119603029674614e-02 3.737911465183555576e-02 -3.489847893654438038e-02 2.615031980711662873e-02 -3.882340004067716399e-02 9.528534238889482810e-03 -2.909963588498358511e-02 1.141810922031766783e-02 -4.393121629987628562e-02
-3.826146756442402094e-03 1.180203807787321563e-01 -3.743776890862339501e-02 6.495533628530436414e-03 7.743384026588698288e-02 2.138284366182288329e-02 1.330446896496799980e-01 -1.050946477350666458e-01 -1.430952689210514446e-02 -1.910202722740341266e-02 1.311708869259805565e-01 -1.025257455684908808e-01 1.028403071009031423e-02 -8.202297824959180195e-02 1.217856428937646660e-02 8.351946963884006314e-02 -1.227936553871080382e-02 -8.841063831450510224e-02 1.485532586943570377e-01 9.689562349470983924e-03 2.592622389540893968e-02 1.022003549396288818e-01 -1.339668233732341507e-01 -9.000559592659121422e-03 7.137949152662227681e-02 1.981638026005283840e-02 -8.482659039127718459e-02 1.298753824755870812e-01 8.659138207510214125e-02 1.024946745647291879e-01 -8.045479374689535820e-03 1.745578584054467350e-02 1.624826486011504700e-02 3.086920076616942593e-02 1.671155856645353127e-02 1.592986259546101679e-02 -1.249859886677728849e-01 3.884185511523463412e-03 -1.603349589271455544e-01 8.206080722295072682e-02 -9.501627162224698941e-02 8.858075981238319740e-02 2.192845068775101103e-02 8.896146358726282621e-02 3.992808141060134181e-02 -8.587112504063487695e-02 -3.397481905895745335e-02 4.319247948572728368e-02 1.226629021014221006e-02 4.516692387366939843e-02 -6.467811479705791108e-03 -9.312625179875985704e-02 -4.167882190357095201e-02 -1.210987288259099751e-02 1.281526855862611392e-01 7.074766820819297641e-02 9.703757217654139511e-02 -2.585283039122629120e-02 -1.811935197775139950e-02 1.645740840581831343e-01 -9.776166849746942278e-02 8.332306882748709287e-02 -9.475089077569127938e-02 -8.336377088558431792e-02 2.155917302664245999e-02 -8.475365354777390087e-03 4.159692681388826863e-03 -1.219463449051741977e-01 1.704888026901956594e-02 -8.218442221104874101e-02 1.102882146922816026e-01 -1.806212804376701453e-02 8.576208001476152976e-02 -1.163222606996952430e-01 3.371921697889251977e-03 2.389096570787534873e-02 4.982427163059006264e-02 1.488226613038523853e-03 1.789060819574585584e-02 1.752693334924175159e-02 -1.170374744107327558e-02 1.234984185309212223e-01 7.308074134617352502e-02 5.760697938230437132e-02 -1.041584198434740149e-01 2.412830886018956650e-02 -1.134560381765160469e-01 -2.503603151324864523e-02 6.025139012075543532e-02 -1.535831489702617521e-02 -8.688986335689868890e-02 1.302297408125229448e-02 -2.959108135319810789e-02 -7.648702416763512868e-02 -8.072828284768377924e-03 3.631010065717625622e-04 -2.049502696350015418e-02 -2.521155400498727162e-02 1.436699040305268460e-01 -3.641374892275563505e-03 2.701924342318292108e-02 -2.372336916669457590e-02 1.148247800953153654e-03 1.635500772623856361e-02 -1.362171675462948983e-02 -4.515567444475504857e-03 -2.289754464421985859e-03 -1.354809583781509986e-02 8.118732715991464066e-02 1.520520415148971926e-04 -1.479105367765365942e-01 1.560525667079952217e-01 6.675355347125731809e-02 6.828910699402301887e-02 1.412234231216319968e-01 -8.634616989971270751e-02 7.328397388007189261e-03 4.840516349100336749e-03 -8.629855657480728359e-03 -2.051520876787607875e-02 9.438604712639351788e-03 -4.797048219374373638e-03 -2.276017850061794190e-02 1.395303237890291141e-02 1.142149961640288869e-02 1.665014199281743823e-01 -9.713623117338579180e-03 2.007977384477450250e-02
-1.032073629275769358e-02 -9.438149598270929863e-02 3.255350785085445176e-02 -4.734295786069585635e-03 -7.493598294941637705e-02 -2.132579895231129230e-02 -1.233552814232182493e-01 9.659757247281829107e-02 4.164345392779178825e-03 1.307031089376607669e-02 -1.025257455684908808e-01 1.051481805448566120e-01 -1.073860794078571913e-02 7.535338021435977751e-02 3.691514512276857559e-03 -8.823676813983655220e-02 -4.089303971869324462e-03 6.411293847670396229e-02 -1.266713398500097509e-01 -1.065182370479652446e-02 -1.164054822093533482e-02 -7.560771847040223537e-02 1.057514746927836341e-01 -1.228288457446692107e-02 -5.939714870055959328e-02 -3.790014581028728485e-02 5.968518744039454788e-02 -1.145065185247463174e-01 -7.044700437463663478e-02 -1.080684011723158644e-01 2.651356038176786931e-02 -1.118293815720305256e-02 -1.481941734536612598e-02 -2.529887515233433457e-02 -1.117291323059626217e-02 -2.832667975932846773e-03 1.129409219908349693e-01 -2.462811037473437714e-02 1.390873193054016077e-01 -6.827845150824306264e-02 9.186045135742222645e-02 -6.116688732877351847e-02 -1.748655533740742229e-02 -7.221046410433271112e-02 -3.922605746063222848e-02 7.282506952371459175e-02 3.563359406319226846e-02 -1.846580805293280766e-02 -1.106286487539445695e-02 -4.608284848011549167e-02 -4.124398250616106466e-03 7.691194667346232250e-02 2.079093663492122962e-02 -2.786613794806936696e-03 -1.060591280745490084e-01 -6.576184103238921774e-02 -7.221851844495157102e-02 2.876243876711041467e-02 8.069525356237547409e-03 -1.424496408542800518e-01 9.889491226552048209e-02 -9.038738111571162359e-02 8.871572845666611529e-02 7.153201705322023707e-02 -2.169496960118742768e-02 2.685948055251575952e-03 -7.625838618143365721e-03 1.024126107509190503e-01 -1.396115197906021808e-02 5.978171402725522554e-02 -9.021128386134161237e-02 1.217120888849027374e-02 -9.221955902184272857e-02 9.824916413791590086e-02 -4.751694825307256446e-03 -2.482453248421459188e-02 -4.316689184618237307e-02 -1.825954459535297433e-02 -1.685275365628899347e-02 -1.461195915080882625e-02 9.070370261450062463e-03 -1.117837221138256176e-01 -7.218440499858838622e-02 -5.238827267350883859e-02 7.829453202318512051e-02 -2.792086167041759812e-03 9.423632211009329296e-02 9.008852346064301700e-03 -5.806823798135437448e-02 1.325531932176722549e-02 7.383100348855423101e-02 6.822843445102197597e-03 2.439954663822405459e-02 7.907027588800899509e-02 6.722734968159444283e-03 3.128556984001122556e-03 2.470446542760263223e-02 2.051213264215829071e-02 -1.254562389008780088e-01 1.856110401886749972e-02 -2.149716701647236272e-02 1.836650025571191780e-02 1.310448039700812944e-02 8.529056337457993978e-03 4.700422077106765524e-03 6.489369994822927201e-03 -4.900096707410136164e-03 2.300387627321756265e-02 -7.946429479215980085e-02 2.150979601801064622e-03 1.242632746675288169e-01 -1.416503012139357087e-01 -5.281870183669011565e-02 -6.460278562937660229e-02 -1.264364176297751718e-01 7.203927906526597091e-02 -7.500273444590337645e-03 -2.855413527785126697e-04 -1.173122376156347790e-02 7.157023838146320781e-03 6.045208639391635823e-03 1.421421903170678493e-02 1.742246879577139321e-02 -3.828857424955009296e-03 -1.016648872485102599e-02 -1.436402141889316919e-01 -1.032003286438580407e-02 -1.379117228453389382e-02
