3.096008012656353142e-02 -2.178320867109354367e-02 1.249733776362677365e-02 1.189861798494180542e-02 -1.055855004350876418e-02 -8.522897067759927642e-03 2.026197344116905091e-03 -1.924122452426716865e-03 2.492289337028528312e-02 -2.909971114449352511e-02 -1.881004019427312546e-02 9.192699777733535915e-03 -8.809384200609561913e-03 1.744070504436199751e-02 -3.802811741119030420e-02 -2.518006967729426149e-04 -1.046030802740183056e-02 1.787800625066293322e-02 -9.225883396453733384e-03 -6.504439442539637628e-03 9.068903169590213087e-03 -2.618637647504501800e-02 2.049220762736428045e-02 -2.941140288430853927e-03 -1.283072620174655239e-02 -6.129370941955653539e-03 2.314395654426944227e-02 -3.656024218646086493e-04 -1.579265522649948503e-02 -1.789473361789783870e-03 -3.404150268230652504e-02 -1.953810326698266278e-02 -7.176683668461554012e-03 -1.573757390315543708e-02 2.403949456193318901e-02 2.012820194709419655e-02 -3.239878223126501072e-03 -4.252485141770295449e-03 5.392330450192222777e-03 -1.436436192051574086e-02 -6.341381347744027251e-03 -2.192540779134606252e-02 2.431804917382178466e-02 -1.527491899490425291e-02 -5.623335810625566811e-03 1.156194794169214737e-02 1.488953737917295128e-02 2.146770797049749220e-03 -6.932277514309352628e-03 -9.768653713102426906e-04 -2.001701790042443793e-02 1.389847527017700791e-02 2.654958116266866591e-02 -1.058661354764755397e-02 -2.623754745663435788e-03 -8.172773302842849252e-03 -1.582891644872374409e-02 9.730878700751173982e-04 -2.179217800079704184e-02 -8.004172389161621701e-03 8.292267122936732709e-03 -2.219931005863018045e-03 -4.329524000790171273e-03 1.234604200163993623e-02 -1.026757772938088030e-02 2.094464073254061545e-02 2.039757072361178189e-02 3.212034229178953489e-03 1.361552806666673984e-02 6.012391536840164079e-03 -1.201156482740918865e-02 -3.191594407196698263e-02 3.932382757248110462e-03 2.431425125150951314e-03 -5.647074342201457466e-03 -4.959549383845727501e-03 -1.323109150743533892e-02 3.146071783298715063e-02 1.562975372361001536e-02 -9.163379810290328900e-03 1.632006045471153313e-02 -1.670998138340625992e-03 -1.501763249538520979e-02 -1.537177917302325406e-02 1.525492687604881013e-02 3.028880249321962235e-03 9.889399736434972138e-03 3.107001395506190505e-02 -1.407944618380287637e-02 1.811051551659723438e-02 2.230360292056141405e-02 2.487575035501229893e-04 -1.626885279633067879e-02 4.521485154610158444e-03 1.816528852399625429e-02 3.381683217316419979e-03 1.672772504183373671e-02 -1.974390482170679945e-02 -2.811975573851371781e-03 1.938165087403614668e-03 2.292456115089294005e-02 -3.279752332529121267e-02 -3.746878663350034638e-02 -7.465502039277943473e-03 -2.247828138889370470e-02 3.644019652291474384e-03 1.854911360801460643e-02 8.009164658971364495e-03 -6.925709776863632830e-03 4.183233666379873768e-03 1.034569052872839727e-02 -2.020236656528597453e-03 -2.147629747738689227e-02 1.248339272165094284e-03 -4.306037329116479810e-04 1.319739519283055426e-02 -4.785320450091830151e-03 -2.309909417452251507e-02 -3.796626851378599992e-03 -9.207234915683351964e-03 -3.527893585466680693e-02 2.565551810870322566e-02 -9.470822618515634811e-03 2.313431903223081565e-02 -1.165915881279867491e-02 -1.010335108558174481e-02 -4.964241361231017634e-03 2.695615424959729375e-02
-2.178320867109354367e-02 5.227558031192914428e-02 -5.523512113996202622e-03 -4.716610397420909970e-03 2.400406972981582870e-02 2.283799237360735132e-02 2.662246102838343106e-02 -2.781198247912134922e-02 -2.694728705962114168e-02 2.198741950075218041e-02 3.077079792330662117e-02 -2.472558889890977968e-02 2.022708551092870094e-02 -1.523535105087119729e-02 4.025887313556809899e-02 1.147083717987741266e-02 -5.833858231803505136e-03 -3.437377443232370738e-02 3.157907179748661863e-02 2.046032930298596550e-02 7.422068089494174639e-04 4.552098612613574014e-02 -3.089403964658856555e-02 7.334734984090523352e-03 2.929439318576937054e-02 -4.295416651378140480e-03 -3.906799370300596819e-02 9.724217810325589892e-03 9.096389205411874873e-03 1.866497619330072591e-02 3.370343557466565915e-02 2.603282685724115850e-02 2.061544866385183958e-02 9.726868839494584584e-03 -1.979719571079124885e-02 -1.563878483828294932e-02 -2.042286385225313555e-02 -6.045188400910480112e-03 -1.767788891596428283e-02 6.857417070795680282e-03 -1.378580517278273944e-02 3.682316638976573103e-02 -1.913516529545586722e-02 8.001954351532525669e-03 1.314019067828168380e-02 -7.813127702243427911e-03 -8.990443684963423526e-03 -5.052945896231304107e-03 1.864808555687366351e-02 2.379658487037215539e-02 1.136522893661258242e-02 -1.076332054328965095e-02 -3.077555617718389508e-02 2.426066852829798694e-03 8.611761740500246953e-03 3.314657044642921324e-02 3.447722903422898583e-02 4.572344826490360413e-03 1.899116014688389045e-02 2.191909585782977204e-02 -2.350363059452265438e-02 2.259257890217480913e-02 -2.592925044132225396e-02 -7.348265767785749566e-03 2.050847443176884860e-02 -2.550699689756450936e-02 -2.387656471481167803e-02 -1.986321078371958496e-02 -1.688411886067275186e-02 -2.272762562749277432e-02 3.465927837325692706e-02 2.446160092043522805e-02 7.255142186558890746e-03 -1.878972664551438118e-02 1.588826548397241634e-02 1.942391588156369003e-02 5.622538940786864052e-03 -3.023958768011308917e-02 -1.844199116915830675e-02 2.241832730548858413e-02 -2.183040488444232610e-02 3.683100056787851073e-02 2.884306944440834936e-02 1.133991053406200981e-02 -3.262975033132477221e-02 -4.515274614077791765e-03 -3.397064098015862427e-02 -2.436656755962644805e-02 1.158530383166554885e-02 -1.474055706221000586e-02 -2.728548338389114730e-02 1.096684861867113989e-02 4.990409885944379828e-03 -1.013677646755754141e-02 -2.104343346950873078e-02 -4.802554123284890654e-03 -7.843937314584228937e-03 4.175313294578432768e-03 2.916629701927427390e-02 1.094083376024526308e-02 -1.784788115570956624e-02 2.487098327322920244e-02 3.814996822594805825e-02 3.342996415895147736e-03 1.905473033173303576e-02 -5.356967003016963220e-03 -1.428404049657197410e-02 -8.070241610252244487e-04 2.243373422494058730e-02 -5.051294227569230397e-03 -2.916669234958617699e-02 2.906445472777953107e-02 2.268620926990288014e-02 1.255362925616194947e-02 2.661609750711348144e-02 -9.242190000071842659e-03 1.658078263803554331e-02 3.120666889904545604e-02 -1.058138918031644587e-02 -1.152300550304786748e-03 3.274630786687407480e-02 -3.414006217648443003e-02 -1.743712667401934625e-03 -1.813366972277937611e-02 2.554794054125582650e-02 2.387387422199726758e-02 -1.549369633686860023e-03 -1.953007621742084213e-02
1.249733776362677365e-02 -5.523512113996202622e-03 4.584837706433201460e-02 1.873842647050291341e-02 -4.563173630413550758e-02 5.777857688363344582e-03 -3.543416412017242560e-03 -4.621611839684207877e-03 2.484995563620607389e-02 -4.719383636689329642e-02 -1.319781877785493676e-02 4.577274882707367543e-02 4.880402700333735279e-03 3.894444081750317310e-02 -1.949737928351725352e-02 -4.970728566843411744e-02 -4.712265289558793119e-02 1.052774883791380081e-02 -1.988062509231676434e-02 7.387049601118522713e-03 4.264995239920944814e-02 -1.043406968977074120e-02 1.805328777428396106e-02 -3.953251409464775962e-02 1.309131131781774218e-02 -5.635218118908943974e-02 4.362337565063637360e-03 -2.244232431596166616e-02 -3.271632378317605727e-02 -4.771991355723843170e-02 -1.090806326912695245e-02 9.513232361270060680e-03 9.675000316662921152e-03 -4.873397487398896388e-02 4.680243047623092872e-02 6.026111560177643822e-02 -3.188299267460290584e-04 -5.855391572440486053e-02 2.088267284298454471e-02 -3.444433503218317927e-02 -5.737769552100225115e-03 -2.090945236102866728e-03 4.519662669158983070e-02 -3.267204183689313007e-02 1.164294283893398986e-02 3.057920516582047707e-02 4.342050744185595862e-02 2.458186322867153550e-02 7.953799698174475810e-03 -5.443061931399372465e-03 -5.360261431274618293e-02 3.069908281700353680e-02 7.342145703392850484e-03 -4.555976621081443689e-02 -1.484685486394906294e-02 -2.201877387864830879e-02 -5.291880087691997435e-03 6.189901069850333240e-03 -5.368176329268262159e-02 -2.159157305583122091e-02 4.063128053756716318e-02 -3.761498584098315473e-02 -6.635369790386816229e-03 3.349622885265545608e-02 8.072817258615931982e-03 -1.170803039574362832e-02 -1.216898847390079745e-02 1.821006474255611532e-02 -2.627840065192394228e-03 -1.103393149932327399e-02 -5.649355198835617244e-03 -5.214044825801637112e-02 -4.845017723423966638e-02 1.704343919353763434e-02 8.624329931377969563e-03 4.177007001344431453e-03 -4.646010906378908456e-02 1.301712134211989620e-02 -4.267499596023793806e-03 8.229378830202147346e-03 -1.079426055537817571e-02 -2.776034709379629614e-04 -4.996148104118749989e-02 -4.342835640692720156e-02 7.866455513419114143e-03 2.592236848550903000e-02 8.003360081777153787e-03 1.724187700793269537e-02 -4.826853021912323738e-02 2.631164049808131650e-02 4.712842838224404890e-02 6.121233133565411044e-02 -2.347588864927670216e-02 4.264488634446516463e-02 -5.300443356631305385e-03 -1.105965048573012872e-02 5.144509137739831234e-02 -3.746479811337419946e-02 -3.445061558739783304e-03 4.994283910425410811e-02 4.437319354633189467e-02 -4.813487308930756992e-02 -1.759919194342745782e-02 2.992037966040993896e-02 -5.382983937856953421e-02 -1.201259910091119140e-02 2.100920294982380407e-02 5.191519116092659092e-02 -3.288472678909468150e-02 -1.364625061068499082e-02 1.922165845960901662e-02 -1.380516950519814975e-02 -3.870403509723410046e-02 1.870174812746274590e-02 -6.275990321280696879e-03 3.054857132817764137e-02 1.107283055944431951e-02 3.395101849078525132e-03 -5.432799905378488114e-02 -3.842355408791864324e-02 -1.636942828473440109e-02 4.735856133534754875e-02 -1.783985418730825445e-02 5.938980603354666182e-02 6.260234002014287112e-03 -2.481283644321827936e-02 -4.103775947688208942e-02 4.663624747420259953e-02
1.189861798494180542e-02 -4.716610397420909970e-03 1.873842647050291341e-02 3.112068284896127995e-02 -2.113073621185744891e-02 -8.878378254285392360e-03 -6.759372859078116840e-04 -4.082761316838424384e-04 1.144978354717226740e-02 -4.089766459473363758e-02 2.375110386672084264e-03 1.832063017743269101e-02 -9.218105362536060943e-03 3.036381189236340289e-02 -1.965207394997343232e-02 -3.116794464737648873e-02 -4.303491207938594382e-02 5.190777537023878859e-04 -1.621913529742810556e-02 -8.147541388315159006e-03 3.688041636747795005e-02 -8.885769838306706997e-03 2.176805730962838841e-03 -3.310680619486799231e-02 3.606947897290988577e-03 -4.108578653782597734e-02 8.479556955579344024e-03 -1.036913913428115508e-02 -1.311084605190557077e-02 -3.400130960079029985e-02 -1.958668609320840526e-03 -8.843001295756650580e-04 -6.716122796516948469e-03 -2.096297658552472715e-02 2.679071314541280058e-02 3.395847951148654037e-02 -1.109588902835940277e-02 -3.893289722920431628e-02 1.327274628957435948e-02 -1.458765647143989846e-02 -2.459443948474411817e-03 -5.644257323499425778e-03 2.607486098437347688e-02 -1.310322179495538794e-02 -9.256046547068947847e-03 1.340588016430318066e-02 1.470551633913804931e-02 2.973917252226069077e-02 -6.652229070378112147e-03 6.526754465690086382e-03 -2.647970220889812529e-02 1.283847707111831528e-02 1.263488589120616810e-02 -4.605512403607613797e-02 2.971476110411661173e-04 -8.619818362142644443e-04 8.723586346777440284e-03 1.193596433795256553e-02 -2.911123541433835449e-02 -1.471192142277120453e-02 1.307054611484774129e-02 -3.307767795302515162e-02 -1.717292056857991659e-03 1.521672265179624568e-02 -1.422989558029638148e-02 5.924242149715119778e-04 7.198977534529618551e-04 1.003676260821341482e-02 2.150859103911297726e-03 -2.052911593134427656e-02 1.294890850160219410e-02 -4.244470484315785580e-02 -3.260259869021565893e-02 9.415095169441688172e-03 -6.784540487830146432e-03 -9.360263527172686324e-03 -2.082130410555849825e-02 8.120027031323518579e-03 1.748257757558243156e-03 -5.577700262477736266e-03 2.098584715171726220e-03 -1.850866474671346990e-03 -2.450869039162633170e-02 -2.702366864003124050e-02 -5.052834391554739124e-03 2.678744836786733571e-02 -1.105027856558879647e-02 8.069875418916004975e-03 -3.128319336348406310e-02 3.429485265357878204e-02 2.731067276228674179e-02 3.293922734906671451e-02 -3.336557577318792489e-02 3.097281458875307189e-02 4.286642943475471590e-03 2.228435604571062448e-03 2.000446464093891957e-02 -1.825315601269404328e-02 8.912456057107545279e-03 2.917076935818406838e-02 2.356479792300341172e-02 -4.116653102612293641e-02 -1.962399405846585593e-02 1.469932721019149950e-02 -2.987374660680888749e-02 4.976332898576513739e-04 2.185743366348058200e-02 3.106159000318017838e-02 -3.493445552250592015e-03 1.500946820612053425e-04 1.622098859100268992e-02 -2.875624045639708828e-03 -2.048714582765640696e-02 -3.539769246339193737e-03 7.254208597636519103e-03 1.342967018412860244e-02 -4.257754921082241607e-03 -6.182913081446057314e-03 -3.549052439679659110e-02 -4.259521021221860521e-02 -1.933279596730630781e-02 3.285624487091635959e-02 -3.105501811431814890e-02 3.110369052430946024e-02 -7.546554936152805038e-03 -1.582096164900353291e-02 -2.936222959210817857e-02 3.739723159275654824e-02
-1.055855004350876418e-02 2.400406972981582870e-02 -4.563173630413550758e-02 -2.113073621185744891e-02 8.839164659918408162e-02 -3.483866143629936029e-03 1.427436012977038003e-02 -8.701445905727423977e-03 -4.172350513581277176e-02 8.225776231148800022e-02 1.560819374797067609e-02 -8.545940485804122411e-02 -4.996788451696875487e-03 -4.614029113122133929e-02 3.195263424858248158e-02 8.305583625228042666e-02 6.480367489124549962e-02 -2.022829506177431513e-02 2.773365050959064951e-02 -3.021506422260645912e-03 -5.891320562624390023e-02 2.230205573562085014e-02 -2.152529435070159661e-02 7.352591281221695918e-02 -4.570981013406582270e-03 8.177850490460186750e-02 -1.024453306373634617e-02 2.065356679048804475e-02 2.138319699648137326e-02 8.287693024534996400e-02 1.094872070389216537e-02 -2.454800822549217144e-03 -8.912657350557186622e-03 5.144789901820610162e-02 -7.712435880233733942e-02 -1.065635099703580585e-01 -1.040658575507904214e-03 8.798361313422067842e-02 -1.776777285523171643e-02 2.340122892309456568e-02 -1.123918565914206131e-03 6.562889010828167925e-03 -7.488728305550881870e-02 1.884802590903245784e-02 -1.484641384901942002e-02 -2.140482408314483068e-02 -6.563189860971338496e-02 -5.302708235428123251e-02 -8.955392366421434380e-03 2.088473770314770370e-02 8.902478659756805912e-02 -1.924055204821012097e-02 -8.333604663720947658e-03 7.047283432013545790e-02 1.738501920356067985e-03 5.196144582100984538e-02 1.268212811134800805e-02 -6.981570093425953048e-03 9.885998867226247766e-02 2.069487635515530888e-02 -7.638229506109205091e-02 7.177807807833141984e-02 -8.878959671166967993e-03 -2.350121114430138783e-02 -3.075846904846501681e-03 6.584290605920892908e-03 5.840191101579639450e-03 -2.255338309911295719e-02 -8.141793315393282271e-03 1.363909311045038118e-02 1.408629213337449747e-02 8.991421798797252785e-02 8.271290465854480578e-02 -2.205020514179176910e-02 -1.001774870041302092e-02 8.472712580810722732e-04 4.323040402568861101e-02 -1.189515233735551590e-02 -6.595680018080926979e-03 -8.205440884709602062e-03 3.011810147047524078e-03 1.730003463443749098e-02 9.618001694065801688e-02 5.086243266130054119e-02 -1.242993628319944907e-02 -4.980035979209505859e-02 -1.863265810447260751e-02 -1.877046146874688376e-02 6.087154987088148894e-02 -3.158312320893577607e-02 -5.478626739784310529e-02 -8.536256434264558046e-02 2.626617761216487948e-02 -6.554657599097554743e-02 -3.701754479681191277e-03 2.264354307595845342e-02 -7.667610242798730824e-02 4.942078253306044638e-02 5.468890696089806144e-03 -6.668312503345416586e-02 -7.421975620869943058e-02 8.320047114315559655e-02 2.936922743030427607e-02 -5.902608142362326948e-02 9.810078135124240817e-02 2.482072317760914207e-02 -1.669700103039233746e-02 -7.267198806024974256e-02 5.982125896630634265e-02 2.832087309707634684e-02 -2.301782714784841172e-02 2.344026140921233459e-02 4.257761121443334046e-02 -2.440074795671304253e-02 1.054022664780332810e-02 -2.040080969945435446e-02 -1.063656690103384310e-02 1.125056498547236973e-02 7.822826637482328815e-02 5.699298669653125177e-02 2.298394855388897345e-02 -9.327220018603503415e-02 2.065241894189161903e-02 -1.029010867012840613e-01 -3.904573289396673016e-03 2.556883685107076351e-02 5.765294580211740433e-02 -8.020882250460596719e-02
-8.522897067759927642e-03 2.283799237360735132e-02 5.777857688363344582e-03 -8.878378254285392360e-03 -3.483866143629936029e-03 3.094475863487470418e-02 1.226361171875740841e-02 -1.296086266311129859e-02 -4.495453910080514912e-04 1.342128106560537375e-02 1.835850197723963269e-03 -8.833742951016862813e-03 2.944039407980906728e-02 -4.474495661270322562e-03 1.877548343752440119e-02 -1.992020311558148366e-03 5.184905767325121914e-03 2.484259029016278543e-05 7.465790345363655135e-03 2.782121240143707597e-02 -1.139325913706838722e-02 1.590753621347192753e-02 -1.031450801216012101e-03 1.265019289836179055e-02 1.770021791237312916e-02 2.244943453229873015e-03 -1.469477161763768289e-02 -9.603822156084374298e-03 1.298785230980812602e-03 1.170570393383065129e-02 1.586019867596256960e-02 1.979609823472715593e-02 2.779383977099682268e-02 -4.351184055098392990e-03 -1.462945254299558538e-02 7.691545298942684128e-04 -1.132707505895179032e-02 -4.096741107124131712e-03 -2.576180953363467127e-04 1.664986384606757059e-03 -6.774556345236396916e-03 1.014728240707854848e-02 -1.235707815194750890e-02 1.011350727889852395e-03 2.042486726600065486e-02 -2.151786951418502292e-03 -5.079499814669040034e-04 -1.567153979504804992e-02 2.641616121920960930e-02 1.634876621096887847e-02 -1.771120399806858569e-03 -2.992409511083925309e-03 -1.251475887542120510e-02 9.565594071230486967e-03 -3.852456648184631599e-03 9.892123579405635511e-03 8.454148508258051836e-03 6.036138229257848736e-03 4.164648820630448538e-04 2.932583939996001934e-03 -8.277603486366925598e-03 1.973969354964656003e-02 -1.179441747605813537e-02 -3.375496167671155137e-03 2.442690089545500667e-02 -2.086042335458837549e-02 -2.079706817383300543e-02 6.514161928174508689e-03 -1.178482566145915879e-02 -3.921831148475056657e-03 1.123895750624263196e-02 1.414806015198089018e-02 -3.619106409289661163e-03 6.390366704842933773e-03 2.666636563573907340e-02 2.701658661594889127e-02 -5.951900474955983816e-03 -1.703898410015902351e-02 -1.133625759682784472e-02 2.822404044735697670e-02 -1.916538876921146731e-02 1.843771890246147238e-02 2.709152304799806316e-03 -4.429887063100941547e-03 -7.336299090190255556e-03 -2.240678108157456369e-02 -1.205004274449975737e-02 -4.951023378106899665e-03 -4.553730490583665462e-03 -1.364586046438504702e-02 -1.428052386855132791e-02 5.766669840865556312e-03 1.180515140612965058e-02 -4.833956491459370092e-03 -1.848163971039796724e-02 -2.185519804477967232e-02 5.514823001395909724e-04 5.914895852430148912e-03 1.378766084634298027e-02 2.252819389232922024e-03 -1.051600973040705232e-02 1.551912306052150893e-02 1.896161442027539598e-02 -7.688872174330103546e-03 -5.264715178405125848e-04 -2.181881348992476682e-02 -1.453744570332339558e-02 -3.524221385692328894e-03 8.384413526983176129e-03 -2.316345211903839477e-02 -5.962366246825270485e-03 1.267508694408545772e-02 9.825054391874879500e-03 1.870701301174063774e-02 1.380111155634789963e-02 -2.887027524914921334e-03 2.538187389045095180e-02 2.236269643698101522e-02 -6.478367595173084928e-03 7.485851895306677717e-03 1.551853702320006578e-02 -2.415111207310022268e-02 5.471043391813988459e-03 -4.924148443936310175e-04 3.221853197685239922e-02 3.478111967511983166e-03 1.610925171444829718e-02 -1.080331187820278947e-02
2.026197344116905091e-03 2.662246102838343106e-02 -3.543416412017242560e-03 -6.759372859078116840e-04 1.427436012977038003e-02 1.226361171875740841e-02 3.814860715557354121e-02 -3.295269688468471098e-02 -2.666708658099110636e-03 -4.695281635336816077e-03 1.960558108180916054e-02 -2.404406949178695962e-02 8.725270154614115162e-03 -1.986498430794113312e-02 2.105672419464187616e-03 1.963833376021730664e-02 5.904689230588014036e-04 -1.451381937330635530e-02 3.027551566276751385e-02 8.014643930608524383e-03 7.736280801358497682e-03 1.824317086397855489e-02 -2.075686680664097505e-02 9.037819117525252438e-03 2.078692156515584907e-02 8.833303202811721225e-03 -1.372998532234619845e-02 2.798430376043513010e-02 8.961692292442560021e-03 2.493137178867394985e-02 -8.399511097699817117e-03 1.054543506209414463e-02 9.481404196667498827e-03 1.594587328613122131e-03 9.474586132959381471e-03 1.788919821617539988e-03 -2.847576300432598517e-02 7.566959028377114732e-03 -3.088129665047708097e-02 7.944370893272224496e-03 -3.176872498008385948e-02 1.333352175738903786e-02 1.176787422694031138e-02 8.939808327846472669e-03 2.014925382304589771e-02 -1.020385185687277749e-02 -3.836837443855007821e-04 -5.745522114965082895e-03 7.763072528374973316e-03 1.738602634705494268e-02 1.183683482228768463e-03 -1.117157987826748224e-02 -3.611618177927944980e-03 -1.459505966707346544e-04 1.619657840407272287e-02 1.817259110373758979e-02 1.120326795240290767e-02 -1.428920793374465967e-02 -2.158370531335299276e-03 3.293693673697202506e-02 -2.157405899381682757e-02 2.430215678339481961e-02 -3.103794872119010687e-02 -9.987050863874902956e-03 1.658171830733671040e-02 -1.017810684993224885e-02 -7.738594622387332325e-03 -2.396694220615752657e-02 -7.832510044928898268e-03 -9.229489551131803832e-03 2.028342271465007757e-02 -4.925249572077025108e-03 1.946432246794913695e-02 -2.341777443461316374e-02 6.451281607943850326e-03 1.136717665856307527e-02 6.689586396131062818e-03 8.581832282799878309e-03 -6.484317374181467787e-03 9.000477330325232228e-03 -1.149839629479651286e-02 3.544825157145273936e-02 1.494233503685468006e-02 1.474216230499776278e-02 -1.170233083190851293e-02 -1.473902737999515473e-03 -1.973615971694112764e-02 -2.953502858741876864e-03 1.694633739664276259e-02 -5.195244427542562889e-03 -1.128702839912687321e-02 4.876547242828468444e-03 -3.057599138701927368e-03 -1.581848524776419476e-02 -1.028072404926413767e-02 -6.446304429895404788e-03 2.978449752767825271e-03 -1.234562813977807538e-02 3.104123030652350054e-02 4.005246788806217026e-03 1.229389700818474263e-02 -5.022803033028722282e-03 -3.828644118589225216e-04 -4.258097458812060143e-03 -1.189289157681958911e-03 -7.076281675453620357e-03 5.156717725311562445e-03 3.491905901511178217e-03 1.544704484940420501e-02 -6.454487013463385860e-03 -2.861304177096669898e-02 3.728819315575872262e-02 5.463484531453145603e-03 2.584484675154835251e-02 3.142115079706644942e-02 -1.010996431359701374e-02 6.799246325383023586e-03 7.987353066650050917e-03 4.204978358612365338e-03 -2.761663379010887483e-03 1.833670183415575221e-05 -4.718770428639624398e-03 -3.259355707198462789e-03 2.342831697402456611e-03 9.521590019553360582e-03 3.245964716399349359e-02 2.962454034204066011e-03 5.611732711290846887e-03
-1.924122452426716865e-03 -2.781198247912134922e-02 -4.621611839684207877e-03 -4.082761316838424384e-04 -8.701445905727423977e-03 -1.296086266311129859e-02 -3.295269688468471098e-02 3.243155685789207709e-02 4.078292278562947737e-03 7.659093104169239705e-03 -1.381160718939471004e-02 1.197551546040308453e-02 -9.823847335459596000e-03 9.450028855873641997e-03 -4.973739735251996030e-03 -1.073127053899883623e-02 9.004543163862552269e-03 1.632466690727384442e-02 -2.536942365512632330e-02 -1.022862372522130407e-02 -1.374172968158508985e-02 -1.916767920207717441e-02 1.413946279907979907e-02 -4.010888965424628042e-03 -2.098732180049667911e-02 4.455344818900751000e-03 1.596490467037697120e-02 -1.968526440965606000e-02 2.712657593853327453e-03 -1.387049368448328712e-02 4.516527205828807338e-03 -1.214477057448584696e-02 -1.142300633178309349e-02 5.275840004398552226e-03 -1.409626100062881006e-02 -7.081022313078070597e-03 2.157911720204087197e-02 3.853420945989165236e-03 2.038048159923919536e-02 4.188110770142498482e-03 2.782519763079444042e-02 -1.550815458885307190e-02 -1.533751243757060928e-02 3.028378419023649085e-03 -1.864583960241885177e-02 -1.051739356096269545e-03 -1.017209514244297314e-02 4.993849075473136279e-03 -9.476009960395518836e-03 -1.601876642657243041e-02 6.427853618495047577e-03 2.112749544809960616e-05 6.152565426177014282e-03 6.136279911702721690e-03 -6.707674578918992013e-03 -1.649463299702595698e-02 -1.038975136657911170e-02 1.008951593395926091e-02 5.803517946131427768e-03 -2.260110315185758292e-02 1.014828246163047669e-02 -1.676843977455384771e-02 3.146948341384067649e-02 -1.963479164614167095e-03 -1.798635115643966442e-02 1.191255219458960297e-02 1.012679713656825138e-02 2.094898637535700520e-02 1.038695184666440542e-02 9.292254338324840157e-03 -1.660072510007525384e-02 8.555212746687645281e-03 -1.008190889399454213e-02 2.057907562375715232e-02 -8.087080110893502677e-03 -1.170671951197749423e-02 2.307007639704521801e-03 -5.792689296841796974e-03 9.714925358246308609e-03 -1.073404353795649052e-02 1.249711195722636760e-02 -3.454621409318538866e-02 -8.773415771052306758e-03 -6.774942282677512417e-03 1.020917912950859707e-02 -3.454835733353116799e-03 1.563534817337139046e-02 1.049201784384987558e-03 -8.372854660624675510e-03 2.979736154865573246e-03 1.773368496524780919e-03 -1.570463405789507619e-02 4.094021122072109137e-03 5.838241449236243781e-03 1.021494437561176923e-02 4.813067056667304396e-03 -1.371821883332938370e-02 1.887763555815572675e-02 -2.398649840793358468e-02 -1.595887305720631796e-02 -1.542579223003502122e-02 7.744716993179565946e-03 -3.211691608430672189e-03 -2.225903385371978682e-03 5.039357312755271719e-03 5.261324857367112584e-03 -6.031481579476424305e-03 -1.362561245215132902e-02 -6.491810270780017100e-03 4.768340863986572642e-03 2.306399642695490526e-02 -2.847934854152520123e-02 2.063506507601051577e-03 -2.418921986320570969e-02 -2.342395517981641848e-02 -9.773205863928676948e-04 -8.856532033520877339e-03 -1.099393544373668784e-02 6.883670778534274094e-03 7.381135398358340712e-03 -2.131851680763247568e-03 8.749389441301239252e-04 4.253161709815019356e-03 -7.659120723171917479e-03 -1.139180268097706415e-02 -2.165196035581435849e-02 7.279866276394238514e-03 -8.658148589881359963e-03
2.492289337028528312e-02 -2.694728705962114168e-02 2.484995563620607389e-02 1.144978354717226740e-02 -4.172350513581277176e-02 -4.495453910080514912e-04 -2.666708658099110636e-03 4.078292278562947737e-03 4.232658601043792074e-02 -4.705333267969920991e-02 -1.759516301367796895e-02 3.264215373460151171e-02 -1.302143237745666975e-04 2.336037577046593677e-02 -4.266252551024321549e-02 -2.900518900771488148e-02 -1.897387994470197542e-02 2.921432439685699503e-02 -1.595020553927467208e-02 7.563522083515195884e-04 1.929185610052932751e-02 -2.965492465350148474e-02 2.174064612202755015e-02 -2.433822954602862451e-02 -5.209265009347955819e-03 -2.341299467581028568e-02 2.252211675401362065e-02 -6.507050161995624714e-03 -1.099379670186057326e-02 -2.408647979685770227e-02 -3.369072187473304281e-02 -1.153965487273680111e-02 2.606072888221349412e-03 -3.077209293917569644e-02 4.113094005869589315e-02 5.609582348450550815e-02 -5.830787238015632847e-03 -2.956974063985779583e-02 4.015794479737251274e-03 -1.021910495918514593e-02 -5.416719880113165034e-03 -2.025509787691433944e-02 4.106904691533534713e-02 -9.377407874592801756e-03 7.890552694801397302e-03 8.277862338929846409e-03 2.871996701257216456e-02 1.910919086420495572e-02 2.520918850286424633e-03 -1.073052954631563069e-02 -4.662196502665211933e-02 9.327636300191495186e-03 2.345953025591496904e-02 -2.497097276764789764e-02 3.807281555562502286e-03 -2.973065572241475121e-02 -1.832615166807502124e-02 2.235056636217167512e-04 -5.553746039652902172e-02 -6.457004842992679697e-03 2.874281756036860258e-02 -2.017192548826332935e-02 3.218050821168206860e-03 9.240953797206978917e-03 -2.720544289555889336e-03 1.092411896577031097e-02 1.105926854911177745e-02 1.399895827376766537e-02 1.507090642936047449e-02 2.298970227464593608e-03 -1.457655165410963807e-02 -5.205070060066488424e-02 -2.372738021317369328e-02 1.321003631363367424e-02 4.130122319786998925e-03 1.879204657323898641e-03 -2.427005047542235214e-02 2.866656047096461171e-02 1.580683370996407988e-02 7.008305876248625572e-04 7.688739901012083509e-03 -9.506041821676330938e-03 -4.730618232631599029e-02 -2.888403480406416188e-02 1.721564021269288841e-02 1.086999186942091619e-02 1.468229854777508732e-02 3.033710565209703225e-02 -3.210732479259015976e-02 1.993003779221531185e-02 3.105646469773947621e-02 2.500194750934748786e-02 -1.752633423048109013e-02 2.104921933514737262e-02 1.167298771277077395e-02 -1.419331725729376312e-02 3.432228934394455921e-02 -2.572332531676368994e-02 -4.345882864042291296e-04 1.556603490987951664e-02 4.138170159177644719e-02 -5.100769002194668195e-02 -4.150017772640143821e-02 1.185339675039669312e-02 -5.578886768145933928e-02 -1.451537770160647896e-02 1.559747121456137725e-02 2.450531581313027119e-02 -2.413707305455919938e-02 -1.562917933369604648e-02 1.398922241473099168e-02 -5.222534000161313701e-03 -2.658218082298816759e-02 1.633520660602530081e-02 -2.638916418568074346e-04 9.138134929406786788e-03 4.887988313503306009e-03 -2.087609522051999886e-02 -2.509692776358506128e-02 -1.970536438167671753e-02 -3.497825320455098808e-02 4.960771913949647838e-02 -9.111202254596859756e-03 5.721001420432778733e-02 -3.630030799543500220e-03 -9.658045514266626330e-03 -1.246726086896064387e-02 4.518842859719423427e-02
-2.909971114449352511e-02 2.198741950075218041e-02 -4.719383636689329642e-02 -4.089766459473363758e-02 8.225776231148800022e-02 1.342128106560537375e-02 -4.695281635336816077e-03 7.659093104169239705e-03 -4.705333267969920991e-02 1.150138899606998610e-01 4.646356839206846299e-03 -8.331209032912084700e-02 1.325407562318787515e-02 -5.305077679962941911e-02 5.610539880040033012e-02 7.741739469529324014e-02 8.959896281782851746e-02 -8.771101080078750820e-03 1.592804086315783435e-02 1.298239182218268589e-02 -8.665342866113992515e-02 2.431529301102983501e-02 -1.172235800747822680e-02 8.876251254673053759e-02 -5.205836432466561838e-03 9.759322540264377122e-02 -1.385979883907442582e-02 -1.844395164316119714e-03 2.537682882397692546e-02 8.499235388415241066e-02 3.168372446813302878e-02 9.823929297710738348e-03 6.259311985514270926e-03 5.573836397492080985e-02 -1.059545726152152784e-01 -1.229953803437103255e-01 1.646581332204022016e-02 9.834120870887619326e-02 -2.584528676552321109e-03 2.849752635020557853e-02 1.685470661810924142e-02 6.635964536841322536e-03 -1.031567501064770687e-01 2.250366278235729767e-02 -6.899574045376920435e-03 -2.395949160040150225e-02 -7.538810505752864544e-02 -7.159744933713284298e-02 6.287362511653505487e-03 1.554160890301178183e-02 1.025955753372949780e-01 -2.165944564792548349e-02 -2.114093961711687245e-02 9.678570642861981932e-02 -1.280390915067020942e-02 4.329687466067443785e-02 5.636229190391220563e-03 -2.507746776637448296e-03 1.149323089217334920e-01 6.967050334463299743e-03 -7.345723330765169257e-02 7.870974547888440198e-02 8.291843296855023332e-03 -2.799208030377984407e-02 1.120174699508613009e-02 -8.125452788863668854e-03 -1.042656832139406131e-02 -1.787966207781392560e-03 -1.601295843305816299e-02 2.666347482985321343e-02 2.393889889863882840e-03 1.244112012189123179e-01 7.594212830816983451e-02 -1.655914463465599533e-03 6.498863560191791081e-03 1.470851888598377621e-02 4.392595772664088793e-02 -3.473856992856004522e-02 -1.531906880256748635e-02 7.478469041253771842e-03 -9.251772834540121157e-03 2.761136784377081488e-03 9.635966067015032388e-02 5.160438365432933050e-02 -5.375645703641090782e-03 -7.535957749634193681e-02 -7.667886713298123318e-03 -3.073891128038996196e-02 6.124338782535690417e-02 -5.303094713668565080e-02 -6.876576974027728828e-02 -9.676013173399293510e-02 5.284444362765915171e-02 -7.012409381496101379e-02 -1.786513267874308142e-02 8.420459998624780021e-03 -8.985996233475487815e-02 7.342088103692212542e-02 -1.085534438418109260e-02 -8.074840643675361418e-02 -1.002483074392571255e-01 1.187708511399878930e-01 5.527080704108521675e-02 -6.613228388044066486e-02 1.135818634314949976e-01 1.154853067393987222e-02 -3.907626603089620065e-02 -9.032778626983627157e-02 5.589185459987719429e-02 1.342595483246830299e-02 -1.248396311438731282e-02 6.762875809502858632e-03 5.533079682009679756e-02 -2.596560390789587336e-02 -5.611615742616320353e-03 -2.380955452643352538e-02 3.532136015222431345e-03 2.849851647031848706e-02 8.881958716416744892e-02 8.225980403893910775e-02 4.658899963643026859e-02 -1.214486426941819852e-01 4.097128488715249400e-02 -1.202595291642466202e-01 1.554955510994802254e-02 1.325652853320109618e-02 8.084192443876708767e-02 -1.096675869603265380e-01
-1.881004019427312546e-02 3.077079792330662117e-02 -1.319781877785493676e-02 2.375110386672084264e-03 1.560819374797067609e-02 1.835850197723963269e-03 1.960558108180916054e-02 -1.381160718939471004e-02 -1.759516301367796895e-02 4.646356839206846299e-03 4.037346519409749229e-02 -1.994058113241461982e-02 -1.364075757923722610e-04 -2.290928867798798507e-02 2.195154470762052459e-02 7.170247337409711534e-03 -6.285799238308809218e-03 -2.847694708796447496e-02 2.951387767300015993e-02 -1.570491844133262887e-03 9.601882254609523520e-03 3.197125108542756694e-02 -4.181520923971573239e-02 -1.313981947307954479e-02 1.805868752715810918e-02 -1.199109741913747303e-03 -2.678398642064041407e-02 2.310467150441859047e-02 2.914296718776965278e-02 1.031060563068067135e-02 2.062056877401936134e-02 1.218069171219075125e-02 8.654365476771730620e-04 1.348411251908153245e-02 -5.073739168734929528e-03 -2.807220599513738160e-03 -2.258121242021310024e-02 -5.568981545937513704e-03 -3.314727476927334382e-02 2.657566818302022765e-02 -1.082072759288897797e-02 2.931026109676359778e-02 -4.930996132404629785e-03 2.928463112218277972e-02 4.129110638664281255e-03 -2.549472918590204792e-02 -1.657954956893763557e-02 2.132387280700107079e-02 2.908649937375624517e-04 7.140758658254767188e-03 6.853006181686049046e-03 -2.849033954405894020e-02 -2.125224074184750220e-02 -8.030903758846073479e-03 3.005153233548098213e-02 1.501181369306294443e-02 3.113169302377798847e-02 -3.200913336110124217e-03 5.046422724770903943e-03 3.457861808618675065e-02 -2.080052137209107907e-02 3.667046311119629386e-03 -1.039367984976902713e-02 -2.472753050815568870e-02 2.394930917284763747e-03 -1.250183008118425226e-02 -9.499142207218683534e-03 -2.284878912574446128e-02 -3.038390578092074832e-04 -2.691774099640754925e-02 3.170426624474043803e-02 6.664195830617581154e-03 4.769162029339909376e-03 -2.133715086853165896e-02 -2.492678714389193976e-03 6.584134452290794611e-05 1.547787261072399410e-02 -1.746094472378963841e-02 -2.366645418912318149e-03 3.110036258721610592e-03 -9.198701006335758407e-03 1.830955436076715445e-02 1.633154332883544196e-02 1.661422387687203767e-02 -3.149188330942507413e-02 1.405645085544152996e-02 -3.094190208725970670e-02 -2.582413590768825595e-02 1.513459771994101269e-02 -4.580505884042594678e-03 -2.764268174631019995e-02 9.082806264644962754e-03 -4.902847228176219346e-03 -1.106894321314828497e-02 -9.615452688434070194e-03 2.969952531773029786e-03 -1.375442965085876129e-02 4.563299417410144471e-03 3.056923332257985640e-02 1.869089847421838424e-03 -3.512945919612800363e-03 6.199041074483301224e-03 1.909909298937236682e-02 1.462940061018945699e-02 6.511470902653008000e-03 1.318356715349736172e-03 -6.035133284364851795e-03 -3.649444057013712713e-03 1.925645329202149703e-02 1.782718452906433037e-03 -3.181574640481239780e-02 2.864836135455169075e-02 2.594149954433346353e-02 5.404268763753372444e-03 2.796923615960650658e-02 -2.667401912918037840e-02 -1.464284679263268621e-03 1.089114159165376246e-02 -6.407008284532058132e-03 -9.407490926505094123e-03 1.988980764041978905e-02 -5.740242260557937640e-03 -6.637359072095743232e-03 -6.291312248203115472e-03 2.589508654355654211e-03 3.664276349792624371e-02 -8.898122955035310880e-03 -3.435371820559589024e-03
9.192699777733535915e-03 -2.472558889890977968e-02 4.577274882707367543e-02 1.832063017743269101e-02 -8.545940485804122411e-02 -8.833742951016862813e-03 -2.404406949178695962e-02 1.197551546040308453e-02 3.264215373460151171e-02 -8.331209032912084700e-02 -1.994058113241461982e-02 1.033605791666084572e-01 -5.652705531694457615e-03 5.488564772929110241e-02 -2.783136742481812434e-02 -8.470191581294825300e-02 -7.401845088433596509e-02 9.165675202898019430e-03 -2.685227991465816838e-02 -5.064683592911238715e-03 6.585046102046122896e-02 -1.896263493528036262e-02 2.592393276444924372e-02 -8.044102655103466115e-02 -3.399479038070210134e-03 -9.597740377365550357e-02 4.853683013313288969e-03 -1.940222175663770462e-02 -3.396272090999313820e-02 -9.547922500215053065e-02 -8.319857058539608871e-03 -5.317420609656071072e-03 9.902230628845237964e-05 -4.896155185879815658e-02 8.492343917735920011e-02 1.059640329763509303e-01 1.746355170308607277e-02 -9.585793532079406321e-02 2.507657882107632019e-02 -3.687691575447395176e-02 9.907189181550705298e-03 3.210297589803537909e-04 7.966386855426590974e-02 -3.153770257030645563e-02 3.476237467174153606e-03 3.404782648268756678e-02 7.995414594527686103e-02 5.691824552952342436e-02 5.115469162723248163e-04 -3.123842644658032797e-02 -9.431289162193272346e-02 3.138825477040713824e-02 2.004983971041133465e-03 -7.406879968310786655e-02 -9.571102245005442752e-03 -5.449455684633277425e-02 -1.431193173666243587e-02 8.309197158091323823e-03 -9.740963941442173923e-02 -2.829252660546771950e-02 9.456592890524241624e-02 -8.280256620129310130e-02 1.075457022857152257e-02 3.751711493503381845e-02 -4.050307519931839288e-03 2.636527407163695175e-03 2.820440505918718390e-03 1.263888883759621551e-02 9.976895316071522635e-03 -1.013876829043529153e-02 -2.385914331048426262e-02 -9.201831461996572148e-02 -8.428842133037128814e-02 1.261244211798051573e-02 5.055260710206520985e-04 -1.119610551000761907e-02 -4.374950683928657824e-02 9.724146019685013520e-03 7.076734749827742754e-03 -1.193647664863876781e-03 6.347367812943266983e-03 -2.180359413781151473e-02 -9.724470486171654660e-02 -4.979047158447972438e-02 1.307973412021955564e-02 6.614249673582808797e-02 2.935218431863191590e-02 1.984090937545714139e-02 -5.980575641862014707e-02 3.063307974484203236e-02 6.521966808980929342e-02 9.169660690110326140e-02 -2.536141692784991963e-02 7.487042985385483629e-02 1.430473633799508176e-02 -7.594855853223832047e-03 8.916023368727826748e-02 -5.953583482782009995e-02 -2.119400795172679888e-02 7.944436733638818304e-02 7.806105154866503637e-02 -8.515940639280700220e-02 -2.477584029660999387e-02 7.329556867304316825e-02 -9.613930201471637682e-02 -9.113708098112939526e-03 1.643359694711738622e-02 8.359733284554417276e-02 -7.584157516434529567e-02 -1.168026470296234555e-02 2.294593030482619533e-02 -3.789340009280996180e-02 -4.997792841975450678e-02 1.332078782736253325e-02 -2.811580378645778602e-02 3.288831168127860638e-02 1.972456216614804688e-03 -1.645919789556853779e-02 -8.584600037844815346e-02 -5.829709989630941364e-02 -1.900879011743783140e-02 1.030055343805839491e-01 -1.724773158762591546e-02 1.035726921283988411e-01 -7.418858313587755118e-03 -3.383743084203835044e-02 -7.767395611242924880e-02 8.059991309913777657e-02
