1.331837091466638867e-01 -1.143622174026584920e-01 4.817898412660226448e-02 9.244999516632433634e-02 3.543410006633758436e-02 -1.448066447892319419e-01 -4.792907258278768234e-02 1.781980028882692788e-02 1.138035837986301965e-02 -1.118128504273197266e-01 -1.096959047457244513e-01 7.481496669135670463e-02 -1.367754521423522052e-01 1.594560543380426354e-01 -1.483449652888953474e-01 2.184714685969922285e-02 -1.055124006388736269e-01 9.848439971084700997e-03 -9.353637767167846673e-02 -1.228375789511302468e-01 9.856778620723084805e-02 -1.152636496024111862e-01 1.220119788464988086e-01 -1.373760568533909966e-02 -9.415919076847333036e-02 -8.425641211137099851e-02 1.067821204942118324e-01 -1.114911000649055663e-02 -1.693060932294054022e-01 -8.069260533181049633e-02 -1.157813360048615542e-01 -1.128424853899323010e-01 -1.288259232226843520e-01 -4.793783510932426994e-02 1.042713016442110285e-01 -4.238211751248134422e-03 7.902943564660187825e-02 -7.619792813737330354e-03 1.264392080118874884e-01 -1.659140841722698545e-01 1.684661864360381331e-02 -1.028911912892112035e-01 9.688114361827132592e-02 -1.705049902379525417e-01 -1.221209131563095601e-01 1.616667076814815307e-01 9.366024153739553604e-02 -1.523283052278062689e-04 -1.232404852805531054e-01 -2.526067504903018943e-02 -1.828107069038214724e-02 1.717089167135269212e-01 1.146240404878726415e-01 -9.141797354318209612e-02 -1.048811080650452338e-01 6.412251066651874012e-03 -7.690434480662333705e-02 1.051853071976728386e-02 1.700809722475019221e-03 -1.371889534784087594e-01 7.905285008516713119e-02 -8.239240297551310432e-02 -7.106840312562891704e-04 1.669728097674088030e-01 -1.217621816736056822e-01 1.362677415713830775e-01 1.263796366121011094e-01 -9.110706422558364700e-03 1.644998027109706787e-02 4.936028206266859786e-02 -8.657415332252012263e-02 -1.240150210194957969e-01 2.621190301916605236e-02 -1.043095727368079616e-02 -1.219210704924316852e-01 -1.238108749131592301e-01 -5.260338959552463695e-02 1.323701334086446468e-01 2.912289825520114964e-02 -1.377691711962054921e-01 1.182606550924619332e-01 -4.514509495732443173e-02 3.664352660614812913e-03 -5.554731324801122361e-02 8.017939164271382924e-02 1.004568986167217043e-01 8.365025699291654682e-02 1.210760452760440697e-01 -4.966036602546709117e-02 1.256936063179743268e-01 2.002943572363913294e-01 1.775840413588895437e-03 -9.822455862033774299e-02 9.033267330317461263e-02 1.207145318727156497e-01 1.337118342784127667e-01 8.558665144697960581e-02 -9.398142939084284941e-02 -1.163937158008859774e-01 7.929221351782117511e-02 7.281942804595634144e-02 -1.258489536148406918e-01 -1.391881006193765313e-01 -1.726971684316899042e-02 -3.762257349510039154e-04 1.317768401464824990e-01 1.301333077182943165e-01 1.024094408213218343e-01 -6.237183040573532344e-02 1.413861088979912195e-01 1.168335792361129971e-01 -1.089660809568367417e-01 -1.781370817003034013e-01 -1.008383949730735363e-01 -1.094956381596409734e-01 1.691284126692763623e-01 -1.095227313329721064e-01 -1.187358797333919469e-01 -8.244755743257479313e-03 -8.011013148851268972e-02 -1.424252098874635164e-01 1.194001789958987064e-01 -7.254240398283934299e-02 1.011408516596150331e-02 -1.500741112604228045e-01 -1.494307792790803002e-01 -1.089014914311041554e-01 8.977863368867626537e-02
-1.143622174026584920e-01 1.428347795806942655e-01 -3.930735995050376602e-02 -8.581838549106170222e-02 -1.329241686501432887e-02 1.522234713079365087e-01 7.262131607231502028e-02 -4.615462664015896471e-02 -1.315939233495250042e-02 1.048067998315081600e-01 1.190486733217277632e-01 -8.792052578317785527e-02 1.419858827686733549e-01 -1.511966510423844723e-01 1.444090117240394988e-01 -3.564985070820781104e-04 8.610713345137682717e-02 -3.014543869380423291e-02 1.207374599225592982e-01 1.319782814381427749e-01 -9.101085342264478295e-02 1.343785312518022967e-01 -1.296031341304654527e-01 1.755252482296611183e-02 1.020467035118679394e-01 7.177956427410914220e-02 -1.240282578540859437e-01 2.231151253909425744e-02 1.579207856143706179e-01 1.033248679934211239e-01 1.096759672512320621e-01 1.074258144417509636e-01 1.368725273399230002e-01 4.127585466929013791e-02 -9.956333877560014090e-02 6.404500116798528785e-03 -9.745284880589991094e-02 -3.009702033281166835e-03 -1.388389166242179062e-01 1.544146556985602770e-01 -3.134996566761796138e-02 1.189919577405445794e-01 -9.201290230902670064e-02 1.589353343305722199e-01 1.195415349346170691e-01 -1.541809821674914871e-01 -8.465838537242095785e-02 -1.904966659495269826e-04 1.300162368663833889e-01 4.228413036320415735e-02 5.632659912376696693e-03 -1.643047348411495745e-01 -1.188311380838558001e-01 8.647029545656213789e-02 1.119779572707733928e-01 1.843236827262229732e-02 9.666516501407536321e-02 6.155315269423650669e-04 -3.336940105163301289e-03 1.500434849544419469e-01 -9.134394461288856959e-02 1.067209536629752653e-01 -2.894193022850381075e-02 -1.578678858026105747e-01 1.242959905010540961e-01 -1.256652959754654131e-01 -1.150046145478644810e-01 -1.527049568926945773e-02 -8.573766497499578018e-03 -6.703332108758443264e-02 1.039106195890635992e-01 1.157436722672477575e-01 -2.648034102577294380e-03 -1.291512934546812548e-02 1.267216578609144384e-01 1.335978796737088969e-01 4.370465665434650898e-02 -1.277236671427456061e-01 -2.049946483017080212e-02 1.446978620895571221e-01 -1.102042166134229173e-01 7.979715560318474676e-02 1.629567974171460334e-02 4.889035060299397328e-02 -1.007942131733728097e-01 -9.856395384846967922e-02 -1.059172449463658267e-01 -1.042260701516428273e-01 4.538954124218134989e-02 -1.217757987447234957e-01 -2.044264827963674092e-01 5.581437953113830772e-03 8.549018028630096799e-02 -1.002095280333363259e-01 -1.099084158542176920e-01 -1.230248462528730213e-01 -7.439580784983919337e-02 7.405039099463238406e-02 1.368906094547160668e-01 -6.751133696226181702e-02 -6.835553667149195378e-02 1.160918387027857213e-01 1.346797099087037319e-01 1.390473908731870017e-02 -1.676355167029693494e-03 -1.215569215338568043e-01 -1.260071509253479771e-01 -9.870513002907108091e-02 7.538611563516729730e-02 -1.292872889360514588e-01 -1.394112126378232730e-01 1.315415175036825646e-01 1.777828941778913374e-01 1.063258954729922046e-01 1.302154930155339507e-01 -1.608606200636708006e-01 1.167584681698050492e-01 1.162055173006080050e-01 -8.283983271623005309e-03 7.347074098228018046e-02 1.346571702676355453e-01 -1.243036811545186610e-01 6.282719178129038406e-02 -5.811567294543878125e-03 1.562754516668994342e-01 1.619548693427306230e-01 9.597979606883361159e-02 -8.231475253661413305e-02
4.817898412660226448e-02 -3.930735995050376602e-02 4.339303167119655524e-02 3.939169351154057919e-02 -2.557570599007671919e-03 -3.970671727825463709e-02 -2.436215762526678860e-02 8.021380820343298329e-03 1.243491328713038947e-02 -4.256118700749791928e-02 -4.963119057416075230e-02 3.653625281622758375e-02 -3.746404679515213249e-02 7.643057377582350431e-02 -5.237919910724952999e-02 -1.498897582823596752e-02 -4.980965138083566501e-02 1.380397814572886100e-02 -5.134385382125895153e-02 -3.055621279627158265e-02 4.216072424029359417e-02 -4.442566471340000933e-02 5.664221144323403068e-02 -1.087578080630835498e-02 -2.183318615314763789e-02 -4.767178680835448823e-02 3.981147111416871026e-02 -3.093754014871717348e-02 -7.986173816747611787e-02 -4.417352497571624959e-02 -3.792105187128875371e-02 -2.551987798797679050e-02 -3.329132744692690077e-02 -4.323601929381362674e-02 3.817695218826434173e-02 1.061006122674665146e-02 3.127998019843514915e-02 -2.362356540318942891e-02 6.692460988374199227e-02 -7.867721922072873353e-02 8.605688087689517332e-03 -3.959690078890645837e-02 3.536553550613188990e-02 -8.124164382158526043e-02 -3.576127672040196881e-02 7.560616360760399890e-02 4.158310055835263280e-02 -1.799280789767615778e-03 -3.270229373902437675e-02 -5.899368266578938931e-03 -1.866254341029371586e-02 8.028450256205449387e-02 4.213543364131309976e-02 -4.220371880591008984e-02 -5.525131821856420211e-02 -1.745064025890578690e-03 -2.848585147097971657e-02 1.220293584301419126e-02 -8.560342843706434876e-03 -7.015543277042672610e-02 3.601831368328373834e-02 -3.791080444329074373e-02 -3.959954699358964633e-04 7.844020734094381275e-02 -3.342100280800081730e-02 3.239887255434232421e-02 2.739447680247971209e-02 1.987479225488136825e-02 -2.570433645170948789e-03 1.446362587684896055e-02 -3.199755006151350223e-02 -4.757346235287176345e-02 -1.299923484482348214e-02 1.817058983970860561e-02 -3.107497097908714159e-02 -3.357353006437494708e-02 -4.744489529113287557e-02 4.430690997953232180e-02 6.081564530631550225e-04 -3.688901470397397409e-02 2.680675666724688377e-02 -1.817567106036186569e-02 -1.219562169432617318e-02 -4.586171535015365341e-02 3.296029883607543010e-02 2.873974969940457438e-02 3.127305152804010085e-02 4.759084387929359700e-02 -4.549536269126357863e-02 5.347416931725113010e-02 8.948548922603674627e-02 2.190747639703967756e-02 -4.053763433844323472e-02 4.813622818536227727e-02 2.904545307795522446e-02 3.672110449582614150e-02 4.121534853095069895e-02 -3.672818586998116003e-02 -4.661405771940625026e-02 4.258006382980886878e-02 2.693480672091823347e-02 -4.683232979647447558e-02 -4.732694889297046903e-02 -5.933830767650846716e-03 -1.031590925657412290e-02 3.628335617674331021e-02 5.201753699873395281e-02 4.977751962699216576e-02 -2.812861252574539589e-02 3.854003430113549927e-02 6.006898712226094866e-02 -4.961981702536771149e-02 -7.828115275449336330e-02 -2.906630754754302437e-02 -4.466357886284733070e-02 7.833501230033225460e-02 -2.573434674612315454e-02 -2.702098880031009176e-02 -2.311995785960275704e-02 -3.716597736539795777e-02 -5.071497804202824283e-02 3.961750446951117777e-02 -3.107468678604525039e-02 1.530280155382439215e-02 -4.008642583099638473e-02 -7.494736730712646400e-02 -4.377019666358763356e-02 3.544909203066160669e-02
9.244999516632433634e-02 -8.581838549106170222e-02 3.939169351154057919e-02 9.184934165267209794e-02 2.774988238703053264e-02 -1.231395678048630982e-01 -4.366953192827420505e-02 1.919199111764572155e-02 -6.304100971544247811e-03 -9.245449626203550153e-02 -7.666146325475610424e-02 5.731344583998478764e-02 -1.169321881806961172e-01 1.362828295543622725e-01 -1.065806920337476482e-01 -1.378262768590732181e-03 -1.031730792058302842e-01 -3.078190331284460547e-03 -8.908756107859810980e-02 -1.064360276427589319e-01 9.716894219330979299e-02 -8.603730925561095533e-02 8.696291544967339748e-02 -2.591059882692214184e-02 -6.562353750453492340e-02 -8.477379931941265989e-02 8.307229360310083854e-02 -1.886212215708680737e-02 -1.371569009570256514e-01 -8.745617749757096659e-02 -7.125567127170813475e-02 -7.636412076497477164e-02 -1.109739565491406482e-01 -3.873007073617459189e-02 7.922498009611472769e-02 -8.920819429400667772e-03 6.118962076328171573e-02 -1.910739368441106284e-02 1.143208801151108511e-01 -1.361093829644102748e-01 1.640522205252179649e-02 -7.909369024648077451e-02 7.280699491001675627e-02 -1.392580093495731086e-01 -1.052289444418269826e-01 1.339882860558651301e-01 6.597876174272976346e-02 1.224560108635391366e-02 -1.063551917244574402e-01 -1.240401551025869555e-02 -4.017833024305663553e-03 1.411622258707065092e-01 8.849748738182672270e-02 -9.673294767678487782e-02 -8.915569739187374776e-02 1.499297978070025968e-02 -4.824536488151811436e-02 1.316191697292303647e-02 1.046244541660431605e-02 -1.226244950082153867e-01 5.852267305560469868e-02 -9.039531821009832990e-02 4.029120742948355365e-03 1.387066589979153164e-01 -1.052931148715278431e-01 9.329806063048332043e-02 8.507058959883649629e-02 3.277635449341322928e-03 -1.060471957453750511e-03 2.602621454108614008e-02 -5.299099226574987415e-02 -9.981066969438640024e-02 -3.381744296948546377e-03 1.636941698307405654e-03 -1.053701599791700555e-01 -1.095017908854867966e-01 -4.513476814839056939e-02 9.291070818490157479e-02 7.910035720128409317e-03 -1.157137462183926990e-01 8.305742806252852661e-02 -4.190128890661561079e-02 4.114443525463793751e-03 -4.985054502301937418e-02 5.582679217464125293e-02 9.413132644576779895e-02 5.497425425080926936e-02 7.717013715642481730e-02 -4.747921173929140620e-02 1.167388378727797216e-01 1.680116914741700551e-01 1.535984546498379670e-02 -9.250742625911496930e-02 9.006515394234783367e-02 8.344033602846548381e-02 1.102074852096365104e-01 6.036521742241933441e-02 -6.738611986399557774e-02 -9.021315637716231794e-02 7.621955959282729343e-02 5.137933955047404438e-02 -1.002243856822834928e-01 -9.966580647597036990e-02 -7.578580734346672572e-03 8.249620012206341016e-03 1.076788840223373150e-01 1.130928648181901280e-01 9.451966706761820436e-02 -4.129143303231698481e-02 1.148757484749976104e-01 1.074439856026206119e-01 -9.258430480516420535e-02 -1.454392588102063344e-01 -9.086017812718109876e-02 -8.635509484613702880e-02 1.391354328457492517e-01 -9.481718046905877884e-02 -8.136917085070526079e-02 -1.749713953716943229e-02 -8.752348577969219778e-02 -1.050325598955606232e-01 9.240316143533615356e-02 -7.609842393349872114e-02 -1.315990729547877360e-03 -1.240347271326564110e-01 -1.313463842342268706e-01 -9.985852601850135624e-02 7.250709608308886223e-02
3.543410006633758436e-02 -1.329241686501432887e-02 -2.557570599007671919e-03 2.774988238703053264e-02 5.965869778652235778e-02 -7.034890380736996685e-02 -5.523915810152147526e-03 -7.922051780202948520e-03 -3.504998145172581736e-02 -1.730792059161140317e-02 -1.383141825872216853e-02 5.707717180212032101e-03 -6.837884546541070363e-02 3.996975391489599599e-02 -2.730148799897415615e-02 4.289717472170164608e-02 -3.808144846239984449e-02 -4.043514966788092774e-02 -2.074653604848579729e-03 -6.105605791939756888e-02 3.880717036382948931e-02 -8.379918802379118098e-03 1.384606472577447692e-02 1.938472299899805188e-03 -3.148440746625923159e-02 -2.448612237714436687e-02 1.091521542762058199e-02 2.501026567066437500e-02 -5.563056228657668745e-02 -1.012896572123906172e-02 -2.686288356955871329e-02 -4.365828475346732185e-02 -6.390543912254521841e-02 7.411041302664050229e-03 2.656424197841425125e-02 -3.959455828714946585e-02 3.124715248680621019e-02 1.405896826700294734e-02 2.576691623518710325e-02 -5.647251129155392291e-02 1.893900385854733808e-03 -7.837181578223235273e-03 2.176082550062142379e-02 -5.709241917763641094e-02 -5.913738329966487794e-02 5.511074585119622032e-02 2.372856123599793865e-02 2.078901466782568039e-05 -6.195825462186367594e-02 -8.303962416343809924e-03 2.066547765819857704e-02 5.751415186077298708e-02 1.934260442959956014e-02 -2.483456466181209812e-02 -2.912167714993813689e-02 2.864337954436883132e-02 -6.115903293665115453e-03 -3.309179865941027851e-03 3.848076246589935551e-02 -2.852168260303919109e-02 1.114705273741327385e-02 -1.792179372499239087e-02 -1.433932726047311944e-02 5.852772534236843488e-02 -5.160376691746895034e-02 5.611957743949523569e-02 5.350078892114577128e-02 -4.318935730842860671e-02 2.477855988767644312e-03 9.480456493257466075e-03 -1.826364163500043825e-02 -1.947191546134120418e-02 4.195717467649682370e-02 -4.174539912763230304e-02 -6.469139708312690584e-02 -6.116160636342480444e-02 2.766309770210204858e-03 3.691983413395378416e-02 6.116830396913785876e-03 -6.686525665892986692e-02 5.014212587405317972e-02 1.289939351185733635e-03 4.616553456959160417e-02 9.060151222423101433e-03 6.126302746735129597e-03 5.507483286344473650e-02 1.717740592111578063e-02 2.405150244351152156e-02 1.515583323836820415e-02 3.471880073466775823e-02 5.638485645071455304e-02 -8.950164914636116881e-03 -3.197102890374815820e-02 1.553631551654350781e-02 4.970445519260619643e-02 8.064526579006879581e-02 1.732883579317618869e-02 -3.402376664997989325e-02 -3.848785813951436513e-02 3.029651127702697594e-02 1.184358371742070398e-02 -2.190609189488984879e-02 -2.601044903607249020e-02 2.066663595680334753e-03 3.906197779271926296e-02 7.956189263667751144e-02 4.443204257233978466e-02 3.151200659306359342e-02 -1.053504010705276842e-02 8.592698652503424905e-02 1.283544059528445198e-02 -2.862172813385735134e-02 -5.026433785928896558e-02 -5.114928249394570109e-02 -3.758885681790805067e-02 5.733231749483303635e-02 -5.859543095745479990e-02 -4.005312142683716686e-02 9.513084481897148698e-03 -2.297679171899324677e-02 -3.012703488007464903e-02 2.600125570867909547e-02 -2.259231132947864262e-02 -3.363199098351207783e-02 -7.166359661152946203e-02 -3.146331861826916904e-02 -5.739481930687526795e-02 9.479838637864041948e-03
-1.448066447892319419e-01 1.522234713079365087e-01 -3.970671727825463709e-02 -1.231395678048630982e-01 -7.034890380736996685e-02 2.300540817085180989e-01 7.869582471005495683e-02 -3.710770002240509902e-02 2.938433378917861688e-02 1.319702159836066147e-01 1.264329906959669736e-01 -1.005073109273288412e-01 2.180571891259793504e-01 -1.982165451901397868e-01 1.680349782105099443e-01 -3.207955334992020763e-02 1.413694568084525593e-01 2.065797965885371110e-02 1.258205068981187724e-01 2.004236488247889691e-01 -1.473439442594746129e-01 1.376866810261214713e-01 -1.371115841479194630e-01 2.982992385423725509e-02 1.289450149813302082e-01 1.138226289341777858e-01 -1.309591191579538572e-01 -3.083582396435640902e-03 2.181920972184491492e-01 1.303533647794163364e-01 1.290905029317234443e-01 1.469621202982946684e-01 2.074734218577376776e-01 3.676709060641064619e-02 -1.351990480136472661e-01 4.060897176814212001e-02 -1.286249429439691727e-01 -3.487322684346857993e-03 -1.682944454146431679e-01 2.169754102375408833e-01 -3.220848606340755843e-02 1.213146229217967470e-01 -1.218410908029816248e-01 2.210746328053412035e-01 1.830135218648427653e-01 -2.152425509583555940e-01 -1.136149415549806974e-01 -1.183719086742597917e-02 1.986930783380629340e-01 5.017193179821859139e-02 -1.190622831751251415e-02 -2.269930484103925838e-01 -1.352611001974773908e-01 1.295435426298858494e-01 1.424157693704287408e-01 -1.266194542665828593e-02 9.612462794846966807e-02 3.443514826979911583e-03 -3.889284634078628983e-02 1.823506903778612520e-01 -1.082789085103969401e-01 1.418483647202049558e-01 -1.320266000823688834e-02 -2.233601938473250836e-01 1.807657415953924929e-01 -1.770163276988822310e-01 -1.639600231672812825e-01 2.979013800817579757e-02 -5.613476327095003916e-03 -6.859383410533438641e-02 1.159252963860511326e-01 1.448483327313685731e-01 -3.086233064274274823e-02 3.076756134771951867e-02 1.986560725837906438e-01 2.034148086111716158e-01 4.429069679600410037e-02 -1.617337990276597470e-01 -2.041184344274553017e-02 2.175136807219375523e-01 -1.575358293560261969e-01 7.878075855926428006e-02 -2.608056124280485819e-02 4.299200209897557218e-02 -1.020896352265104473e-01 -1.709114763022628325e-01 -1.194187627627244369e-01 -1.206471107326747838e-01 3.472669896174735565e-02 -1.663001850997526399e-01 -2.707157492881312466e-01 -1.050360590216438839e-03 1.271070586115695122e-01 -1.287648837433407190e-01 -1.570939713546510852e-01 -2.094364480155284092e-01 -9.808132327374276260e-02 1.140915234044127535e-01 1.746699480127888171e-01 -1.135693223341595198e-01 -8.688537582842484341e-02 1.466388246252210703e-01 1.574199333544412382e-01 -3.502893681023422205e-04 -3.794868986588906257e-02 -2.061997745675089866e-01 -1.778136828772550471e-01 -1.458359423975205682e-01 8.912258115970565775e-02 -2.203491066919145425e-01 -1.550920832325529131e-01 1.631737261474561218e-01 2.345636019973208752e-01 1.608063595375467114e-01 1.686421796210320068e-01 -2.236762841979874628e-01 1.818051880219664351e-01 1.531417712685554655e-01 -5.582716260261419775e-03 1.131644321511468126e-01 1.622817401283123684e-01 -1.601911742927804583e-01 9.536773784885636818e-02 2.403412067370878577e-02 2.341148492178871943e-01 1.973645810488797447e-01 1.712961024438317825e-01 -1.001779396056339533e-01
-4.792907258278768234e-02 7.262131607231502028e-02 -2.436215762526678860e-02 -4.366953192827420505e-02 -5.523915810152147526e-03 7.869582471005495683e-02 5.912321531342324549e-02 -3.939887516894039626e-02 3.358990125080715816e-03 4.007050408314136863e-02 6.643195302824490833e-02 -5.512443571527123054e-02 7.202066599129970659e-02 -9.108026440821190284e-02 5.810420864444970634e-02 1.337029292367146981e-02 4.956582952418542298e-02 -1.241361032563558300e-02 7.666360907368284516e-02 6.519968156819143379e-02 -4.213936873092891805e-02 6.450135351672627027e-02 -7.247035395848443196e-02 1.332812467841648467e-02 5.596002041224745760e-02 4.917737493994552705e-02 -5.830165084101005674e-02 3.430150043898342466e-02 8.920128659889062228e-02 6.811123790617136520e-02 3.461261089637987509e-02 5.137649931334339198e-02 6.930665353639349491e-02 2.168624883957847790e-02 -3.458791757225215119e-02 1.246264265052839278e-02 -6.678022731789749755e-02 9.513810944771610920e-03 -9.359341492803999185e-02 8.753210031318389706e-02 -3.694698692621948416e-02 5.621015589251818906e-02 -2.886816714225278607e-02 9.060029786906000082e-02 7.325763459651397913e-02 -8.845127490278217874e-02 -4.128238609380299046e-02 -1.668205744590505650e-03 6.548866254612301097e-02 2.525653441792521242e-02 -7.647472212661288746e-04 -9.375870632402684424e-02 -5.104724422794740951e-02 4.464637866801823146e-02 7.110697222489217872e-02 9.441073320066196983e-03 4.413744034071618444e-02 -1.446591567660096729e-02 -1.311298228629542879e-02 9.926375765153029607e-02 -5.527278632258757207e-02 6.679243384675431772e-02 -2.898091537587920916e-02 -9.083874201222159883e-02 6.849023330867148873e-02 -6.049985053929290285e-02 -5.325861892688850407e-02 -2.169846502334471516e-02 -1.839129881404874762e-03 -3.283815728938906803e-02 5.609837430664523644e-02 4.425815150178025181e-02 1.387962952418257505e-02 -2.018219858546673948e-02 6.362364437027853703e-02 6.981726047838292259e-02 3.006089986440297485e-02 -4.578991793218140788e-02 -5.954199364643376555e-03 7.235751054475267341e-02 -5.513892697885589000e-02 5.501242905843023445e-02 7.986528897741086014e-03 3.602852037059221801e-02 -4.844075775506131304e-02 -5.000118593566141995e-02 -5.721269235351131299e-02 -4.604112877915329805e-02 3.544900541992131171e-02 -6.231724799857606828e-02 -1.066019653150249574e-01 -3.514316622903643998e-04 4.035579258958119087e-02 -6.249979723741418830e-02 -5.446327365414796451e-02 -6.722305636774522641e-02 -3.356856890376273134e-02 2.686024595123867945e-02 8.546300120100031039e-02 -3.849734485500035802e-02 -1.660783285387810657e-02 4.415345578156312095e-02 5.199605472889742841e-02 2.023276569468341040e-03 -1.106416782851714874e-02 -6.688403333088831226e-02 -5.607725341195304858e-02 -4.994120008327212340e-02 4.258292856812683630e-02 -7.046647280659566748e-02 -8.612919637985742838e-02 8.862102754796856441e-02 8.913629832486935634e-02 7.122725464541528051e-02 8.335872571560230815e-02 -9.119912946158063860e-02 5.825209101848192322e-02 5.079316176501386809e-02 5.810940183514993682e-03 3.731519855368146260e-02 5.536854833406203852e-02 -5.183051716973203354e-02 3.105817087337530216e-02 7.592088248897178350e-03 7.707428244568881315e-02 1.041673562703004929e-01 5.499126818537189432e-02 -2.854758040273474087e-02
1.781980028882692788e-02 -4.615462664015896471e-02 8.021380820343298329e-03 1.919199111764572155e-02 -7.922051780202948520e-03 -3.710770002240509902e-02 -3.939887516894039626e-02 3.316400021862497133e-02 5.133516369653039375e-03 -1.679389088496978377e-02 -3.350949245973555007e-02 2.909079589461745219e-02 -3.290019352783801060e-02 4.127010396566349604e-02 -2.930360360335180353e-02 -1.583033044965351591e-02 -1.517141390980039292e-02 1.788893147504945838e-02 -4.697883270261662969e-02 -3.088767910442125411e-02 1.212988338206423371e-02 -3.920143198450158628e-02 3.681037086500261318e-02 -9.264045898335319593e-03 -3.111234539669732041e-02 -1.751427688550885944e-02 3.495291520814815950e-02 -2.385004756612183266e-02 -3.241476438456543374e-02 -3.769491406027754982e-02 -1.371064516650793118e-02 -2.465195937834285117e-02 -3.269073591822981018e-02 -7.832888763570447846e-03 9.787911583993010034e-03 -2.992775970836186218e-03 3.485974442246204952e-02 -3.152701776850705667e-03 4.748759000262197522e-02 -3.100966174315778270e-02 2.668122832851193074e-02 -3.361911388495543440e-02 7.252951598573724977e-03 -3.268815084079601530e-02 -3.550660982681185657e-02 3.328953298064929456e-02 1.142559109851562851e-02 4.949702600624296227e-03 -3.024713082496649497e-02 -1.778045999758600532e-02 1.679583346584202427e-03 3.590817465578834827e-02 2.659041469900891644e-02 -1.816008145480687078e-02 -3.054436043650742005e-02 -1.494959938483237001e-02 -2.490734871113815807e-02 8.723835441142873195e-03 2.797098284103767454e-03 -5.072096073530377169e-02 2.773388851732323454e-02 -3.818134311168748518e-02 2.876913010304753618e-02 3.358941849523267020e-02 -3.587285185972766827e-02 2.755016705834837515e-02 2.391393902661607951e-02 2.314444282463738387e-02 4.358351580614019428e-03 1.833976223713602860e-02 -3.014582654546630464e-02 -1.828160626197438896e-02 -1.563829838983097492e-02 2.211422241652461970e-02 -2.854738423302936867e-02 -3.306651310140024808e-02 -1.148070505472781680e-02 1.757210898080210221e-02 5.800050250191709535e-03 -3.344899945923927170e-02 2.562199351652341001e-02 -4.121903348900339548e-02 -1.328580630278789962e-02 -1.898362913781793948e-02 2.699142377273929666e-02 1.829651856035509339e-02 3.121812276047019469e-02 1.873313116194000663e-02 -2.031833368589104280e-02 2.883150662890251320e-02 4.604402055608114441e-02 -5.940084739876426607e-03 -1.596399073334415011e-02 3.111748940231636937e-02 2.438898153739449057e-02 2.440065061879764449e-02 7.245572571734747690e-03 -7.415828786810488901e-04 -4.411453888836362053e-02 7.644951300872190533e-03 2.367962602851358175e-03 -1.841578957475032211e-02 -2.620730100251970895e-02 -1.875312199284042899e-03 1.558916042959673830e-03 2.439055989392003784e-02 2.126326303648243612e-02 1.572796951996193945e-02 -2.066892692642283494e-02 2.519047874668055992e-02 4.918087701306644854e-02 -4.843619003336797901e-02 -3.651362656790110156e-02 -3.718455608447770316e-02 -4.300700825120622184e-02 3.438996093911740604e-02 -2.679881055801596260e-02 -2.571773210518039920e-02 9.357732421794569223e-04 -1.433115715582875503e-02 -2.579686752710910747e-02 2.513029447267883451e-02 -1.211621850726832088e-02 -1.749961460190922443e-03 -3.593897864714387658e-02 -5.244465243214528616e-02 -1.615528379682645149e-02 1.124376428515615721e-02
1.138035837986301965e-02 -1.315939233495250042e-02 1.243491328713038947e-02 -6.304100971544247811e-03 -3.504998145172581736e-02 2.938433378917861688e-02 3.358990125080715816e-03 5.133516369653039375e-03 4.690453719950591488e-02 -1.203713362611871264e-02 -8.858524128690332261e-03 2.669266060762739892e-03 2.937288272370608411e-02 -2.275057628145361280e-03 -2.447640743328145449e-02 -1.664323936753055178e-02 1.832548578128713121e-02 4.250444771943705929e-02 -6.507444546792156941e-03 2.806628304000309201e-02 -1.958063580658484654e-02 -2.045261812172214852e-02 1.395440703424795023e-02 2.339205410233790097e-03 4.517031900485491205e-03 1.358415635468366786e-02 1.536676744112694913e-02 -1.285948438882669569e-02 1.649712611452954988e-02 1.076974613617635336e-02 -1.979012458844621111e-02 2.966616981504111104e-03 2.902960646791767282e-02 -1.777629361794723015e-02 1.122699986127095569e-03 3.859493282144325910e-02 -1.903139391865736954e-02 -7.350013861311046649e-03 -9.031674369246003517e-03 1.880693130593406870e-02 -3.431736266481571953e-03 -1.659404737466564986e-02 3.911038066067182468e-03 1.826291730360833990e-02 2.527867051995463452e-02 -1.888075598765036681e-02 -1.989621945148590913e-03 2.892712572976415962e-04 2.823791189973419782e-02 6.541552624127997288e-04 -2.802974148104847227e-02 -1.839190953176313842e-02 1.374613425032142865e-02 1.040130085633205956e-02 1.529139738411191760e-02 -2.261369331451667034e-02 -1.094916837243340053e-02 4.361744537045837353e-03 -4.027350295967385002e-02 9.263291548048098109e-03 -6.554226943285000910e-04 1.624992229226165236e-02 6.879560569577323516e-03 -2.040587223200111128e-02 1.589965380387352994e-02 -5.148194215485081202e-03 -4.426233546925677394e-03 2.543398476237074962e-02 1.417650707487653691e-02 2.239705198138359707e-03 -2.415876383253643192e-03 -1.451187360004501693e-02 -9.648449801732112904e-03 2.457296133308457461e-02 3.014727078670368168e-02 3.089476417345141807e-02 -1.279146603337039285e-02 8.588155237457586674e-03 1.426888324239697185e-02 2.843605923401859928e-02 -8.024752128442726520e-03 -3.410791880830330372e-03 -3.310015944459017423e-02 -1.932785415571378757e-02 9.153399379391897669e-03 -3.238393190837721841e-02 -8.102893918510486050e-05 2.065071253582639529e-02 -2.284627979423177122e-02 -4.432470957942730334e-03 -9.775028758261682452e-03 -2.645593220285246978e-03 3.385759541192401561e-03 -5.992531651765805982e-03 -5.498765854161716260e-03 -4.012402592961207548e-02 2.445372265536798623e-03 6.010328590091144028e-03 1.664226337805549405e-02 -1.974844824968063212e-02 8.650930397740459743e-03 -1.514906624717562468e-02 -2.396883480248106560e-02 -1.257726491399130224e-02 -4.106104303947412382e-02 -3.943260921701014637e-02 -1.031688951027911159e-02 -1.425773616362265017e-02 1.132145375603291074e-03 -4.173230835587922460e-02 3.138195267718255424e-03 1.385486330956875109e-02 7.156292604451062848e-03 2.739014131688640927e-02 1.807188419168196877e-02 -1.836844480010347766e-02 2.911166124417892756e-02 -3.439097836132932323e-03 -4.979890279886317953e-03 1.027354093840463639e-02 -1.739083277178878062e-02 6.262260298989266033e-03 6.408841890198880079e-03 3.883607386629826796e-02 2.656007007798888084e-02 8.641704638472802458e-03 3.429583489923146433e-02 1.414260595227359585e-02
-1.118128504273197266e-01 1.048067998315081600e-01 -4.256118700749791928e-02 -9.245449626203550153e-02 -1.730792059161140317e-02 1.319702159836066147e-01 4.007050408314136863e-02 -1.679389088496978377e-02 -1.203713362611871264e-02 1.157293947026414721e-01 9.044816595615494392e-02 -7.203116415215254920e-02 1.249700713318881024e-01 -1.429245136974507946e-01 1.346367978004763544e-01 -1.909096126014974163e-03 1.046964045010364275e-01 -9.399863057004128469e-03 9.033919702088812065e-02 1.148302923341825849e-01 -1.038635534396172982e-01 1.051028878343858303e-01 -1.019337356443958398e-01 2.732916425211293771e-02 7.649622751475242122e-02 8.573965867482109815e-02 -9.848624310348542965e-02 7.213938409653853842e-03 1.454970957969951018e-01 9.028236167586822791e-02 9.984139840440607594e-02 9.264523725514008101e-02 1.183747588396705935e-01 4.506667754045089874e-02 -1.049996034176468168e-01 -1.072482414926250599e-02 -6.287758289765014996e-02 1.738283498863326879e-02 -1.112066482249176452e-01 1.435057018726609013e-01 -9.099380091983936755e-03 9.392086540261751493e-02 -9.883569435280165072e-02 1.463316683085776060e-01 1.039895981978256889e-01 -1.406714775224838232e-01 -8.494402416601892769e-02 -1.235420290090704677e-02 1.131951450047367358e-01 2.138264069813995694e-02 2.076197871607666709e-02 -1.485080730003855154e-01 -1.048619351036215036e-01 1.009651434661570230e-01 8.852839494228471884e-02 -1.381458036674100727e-03 6.691536273486112241e-02 -4.398478918501371251e-03 1.140655811703960437e-02 1.208759926257185480e-01 -7.429480813133852724e-02 9.247780919251076537e-02 -1.403814875979558828e-03 -1.452271890840666213e-01 1.101578540629737368e-01 -1.112504913741302198e-01 -1.033004028861497225e-01 3.063634209779791170e-03 -7.388284415557946731e-03 -3.838676685244186981e-02 6.979307720583732833e-02 1.264591562302194716e-01 -2.991488322184371242e-03 4.609135246288227107e-03 1.117322341222199977e-01 1.156534642995411671e-01 4.590061080067192600e-02 -1.181373418923119117e-01 -1.872500344891806640e-02 1.251820513743588936e-01 -9.732604066455799452e-02 4.389068774137194762e-02 1.109744552578176453e-02 5.074029321449486513e-02 -7.159157762332521435e-02 -1.019540348305533334e-01 -7.136048294629307454e-02 -9.840551498796641650e-02 4.814051775623832269e-02 -1.221616453770807686e-01 -1.862209501639661702e-01 -1.558665426748138787e-02 9.648872489471573000e-02 -9.378903716224262777e-02 -9.928091468459469826e-02 -1.120738593043684866e-01 -8.005844103256729016e-02 8.515773040799236304e-02 9.687163419150550403e-02 -8.073210453333359848e-02 -7.651997881751228248e-02 1.266419383764855744e-01 1.271258930248413410e-01 6.184308389059608654e-03 1.295108366757094683e-02 -1.094582270216076236e-01 -1.233118460545845202e-01 -1.056044500239051304e-01 5.727298526043246574e-02 -1.171226715513805222e-01 -1.095331295270434852e-01 9.468323602899625380e-02 1.637192483027621048e-01 8.419161442718813004e-02 9.178558599771481641e-02 -1.467588070113685916e-01 1.010646902989582735e-01 1.028652697777163588e-01 1.497503530995147360e-02 8.932876270568844423e-02 1.282963865499627820e-01 -1.211459101594202087e-01 7.511268262547847463e-02 -2.095600561550522295e-02 1.362972192862987597e-01 1.322248070000849596e-01 1.038490751294052356e-01 -9.417820849000792249e-02
-1.096959047457244513e-01 1.190486733217277632e-01 -4.963119057416075230e-02 -7.666146325475610424e-02 -1.383141825872216853e-02 1.264329906959669736e-01 6.643195302824490833e-02 -3.350949245973555007e-02 -8.858524128690332261e-03 9.044816595615494392e-02 1.236131998325441239e-01 -8.736177139656498003e-02 1.170586492961922520e-01 -1.558487809821860748e-01 1.249946100701658652e-01 1.319048407707340944e-03 8.787329829606306542e-02 -2.501924640117151460e-02 1.139864534173194166e-01 1.056476841774722508e-01 -8.175063683574103346e-02 1.174196318802900041e-01 -1.351045151067782613e-01 6.031284861092005463e-03 8.933548016998044128e-02 7.892724979745581460e-02 -1.071524389158511753e-01 3.657050442024100539e-02 1.696729357265223115e-01 9.571509543104579631e-02 9.435422938093698808e-02 9.299742671163811758e-02 1.120157034381826094e-01 4.803216045754583191e-02 -8.689472467830049174e-02 8.298645463267095151e-03 -9.587522098558001749e-02 6.882983985460323223e-03 -1.469413817350382900e-01 1.660048282362146521e-01 -3.032397347637863158e-02 1.060220027353669658e-01 -7.969493210533301619e-02 1.714292668923019236e-01 1.074885375410287724e-01 -1.635366551649564404e-01 -9.247383895509179996e-02 1.651609013036101428e-02 1.066465575072671895e-01 2.900208296915898418e-02 1.158677260843313760e-02 -1.732779453164799144e-01 -1.047112282764592200e-01 7.726865051651783667e-02 1.241330143926537566e-01 6.653135931063686344e-03 8.863778220649229378e-02 -1.032531606959243529e-02 -6.840297580113769912e-03 1.559342122111702089e-01 -9.135028962160171573e-02 8.943077395693443954e-02 -1.554312375211903095e-02 -1.672942865776354260e-01 1.036451741381826108e-01 -1.111278622482680667e-01 -9.973902301620117539e-02 -1.843370866159430022e-02 6.379022811671648330e-04 -6.439693434360493907e-02 9.840158395931990210e-02 1.010875292323099167e-01 -2.445137490661102682e-04 -1.588730911655413316e-02 1.034490189313043429e-01 1.099773980537344931e-01 5.570472321916644654e-02 -1.109653294401205664e-01 -1.065703291407819192e-02 1.200452552676691681e-01 -9.690796493488049168e-02 6.171973713085494168e-02 1.183538490254957241e-02 5.798013114409642649e-02 -9.393539428528396851e-02 -8.094265351504910389e-02 -9.893953998759595636e-02 -1.049217628164644395e-01 5.379781093114120727e-02 -1.092932509958011306e-01 -1.972195921028191690e-01 -3.105074805771908600e-03 7.509600352764266018e-02 -9.923502534470082792e-02 -9.822319456323584663e-02 -1.109982740668932349e-01 -8.216807806047250751e-02 7.556628194129950959e-02 1.327290236887277985e-01 -7.624069745002878817e-02 -5.729850720556551452e-02 1.004971845573903733e-01 1.146006161319199634e-01 1.793011095909979521e-02 -4.068634950527439537e-03 -1.104072932023249798e-01 -1.127526842284966441e-01 -9.932128305397724954e-02 7.393137823985672374e-02 -1.175378620759909426e-01 -1.351269032217354837e-01 1.279459021344921954e-01 1.735237502848188396e-01 9.550725607935074690e-02 1.266092574074482169e-01 -1.697217216138652840e-01 9.404621987835445895e-02 9.593390938250268007e-02 4.743419904436886950e-03 6.566804997526884402e-02 1.198108444861257782e-01 -1.008282023758432233e-01 5.645987756793401091e-02 -4.172442017539031156e-03 1.285451787575998261e-01 1.675556953028564666e-01 9.122741098188143216e-02 -7.036182798718888798e-02
7.481496669135670463e-02 -8.792052578317785527e-02 3.653625281622758375e-02 5.731344583998478764e-02 5.707717180212032101e-03 -1.005073109273288412e-01 -5.512443571527123054e-02 2.909079589461745219e-02 2.669266060762739892e-03 -7.203116415215254920e-02 -8.736177139656498003e-02 7.739985077643402045e-02 -9.281209747952594291e-02 1.192465570183867812e-01 -8.828783422428226890e-02 -9.829237512509580998e-03 -7.353173256420048043e-02 1.176855294134864643e-02 -8.476099208242078575e-02 -8.402145690367548991e-02 6.928695195388459571e-02 -8.265223226898872622e-02 9.617524416998057823e-02 -1.664212488162157555e-02 -6.714625480976865735e-02 -7.101834012349719782e-02 7.408723511140209717e-02 -2.537460940634577236e-02 -1.256774220316186907e-01 -8.490585685161257390e-02 -6.341126238520065905e-02 -6.965003201146968692e-02 -8.789295257018481244e-02 -3.482204340612918281e-02 7.115644819618542616e-02 1.201636848027777624e-03 7.679955216394337980e-02 -1.607504078640780917e-02 1.095233323503977813e-01 -1.240804651649127927e-01 2.745031957467738287e-02 -7.147543154682051147e-02 6.429027562958315734e-02 -1.268475155533350107e-01 -8.396532730919747944e-02 1.229604299833983033e-01 7.545356804212249857e-02 -9.325410314997939314e-04 -8.366482977694987555e-02 -2.887433948066746650e-02 -1.484989840456390174e-02 1.291541532855146612e-01 7.119130263804542003e-02 -6.610128462129331861e-02 -9.023191537400707118e-02 -1.000677003577335120e-02 -6.264686104177592807e-02 7.961036252528393489e-03 -5.728632438355613955e-04 -1.161655247648845507e-01 7.944458363474123097e-02 -7.976481817649519468e-02 1.605337575786027968e-02 1.265762907653127101e-01 -8.111635066510601566e-02 8.294343227457426360e-02 7.472757747686852026e-02 9.785049270199753721e-03 4.729986733332643215e-05 4.491869563380340019e-02 -7.403377812405656511e-02 -8.032436510719942468e-02 -9.433406496211639569e-03 8.246492124284686073e-03 -8.204470418576248480e-02 -8.813643790295354330e-02 -4.086982778223654383e-02 7.715965520824788482e-02 7.265178159894175765e-03 -9.348221195788085358e-02 7.374139833668212629e-02 -5.095884328140326547e-02 -1.518958452001737368e-02 -4.319329058876626715e-02 6.641938564687750735e-02 7.460800353628610493e-02 7.604849382868304752e-02 7.216775524405795450e-02 -4.173585990201414408e-02 8.232562552672088863e-02 1.510408946170154199e-01 1.256963151731282403e-02 -5.714673268816500978e-02 8.295287110490336124e-02 7.547748356637871969e-02 8.710819511998799114e-02 6.785903892895706058e-02 -5.959199049200711307e-02 -1.027025948657171450e-01 6.685782877054455287e-02 4.757411521557403100e-02 -7.924385831642669076e-02 -8.080001991332606825e-02 1.851212511863230704e-03 -2.244550913464500759e-03 8.630445333316777434e-02 8.248700087139669568e-02 8.354810261758456591e-02 -6.422339039577083797e-02 9.168595033122454996e-02 9.943356140477899174e-02 -1.012381008977969871e-01 -1.303050051240127183e-01 -7.472079899537274750e-02 -1.000226054056002206e-01 1.269264758469405563e-01 -7.445824925923068272e-02 -7.252514100794531238e-02 -1.265815037850144022e-02 -5.540877279669154110e-02 -8.367255552141417141e-02 8.611739254280108280e-02 -4.250792240120677273e-02 9.414838292975045292e-03 -1.010761490516980249e-01 -1.249928382035595670e-01 -8.155101388659202755e-02 5.650743057072860759e-02
