1.292580510887672840e-01 -1.980154203731404952e-02 8.690781402310467085e-02 4.505124313830381061e-02 1.560929943331495866e-02 -7.406903416752315221e-03 1.128305413012399908e-03 -2.777592919467013199e-02 6.546702974591793456e-02 -6.384882370326804002e-02 -7.823951263433435999e-02 2.900168409731538124e-02 -5.683810607348667096e-03 1.202390020389646069e-01 -1.111230351709761033e-01 2.407606744097998477e-02 -6.870898817435878991e-02 3.153245048473192480e-02 -2.055927016495429777e-02 1.359510143223083105e-02 2.154609107990862818e-02 -5.383214291893188147e-02 9.566401790301005958e-02 1.249965179718538766e-02 -3.341913818128130348e-02 -5.975349441661664124e-02 4.114207691513380172e-02 -4.477979516385861142e-02 -1.159569062560287384e-01 1.844869070765283586e-02 -9.391881014296027397e-02 -6.385969305575443788e-02 5.342065896109142627e-03 -8.186147821067400743e-02 4.521908276015901978e-02 4.262996653427186117e-02 3.607016526402754067e-03 -4.798336556298304911e-02 6.463061988402347968e-02 -1.093173690705657869e-01 6.697325340050275385e-05 -4.636993230099700075e-02 4.214321043858464122e-02 -1.156337622109410573e-01 -4.184751867517827462e-02 9.658303475129612070e-02 6.914323803260744028e-02 -1.543714769941236659e-02 4.187960055294890314e-03 2.081967123138250483e-02 -8.212038479959304915e-02 1.055336595986728770e-01 6.532986725901138159e-02 -2.654387319035681966e-02 -4.894499365978365740e-02 2.065048057410368357e-02 -1.963175639922042776e-02 5.444639082630332860e-02 -4.539505039834772909e-02 -6.964733665073764846e-02 2.541574515104266449e-02 3.430331133002035432e-02 -4.245571672121175449e-02 1.022832724499037754e-01 -2.821350606465409736e-02 8.657074260462060966e-02 7.938665104226094726e-02 3.387878553559753141e-03 4.966891398494797244e-02 -2.012971542586017900e-03 -2.937362152262648282e-02 -7.613089425184033088e-02 4.530283478844496919e-02 3.555705977999719988e-03 4.703420573372391923e-03 1.259925731573282269e-02 -9.316349321035094500e-02 7.803261844781671230e-02 5.448860939667295178e-02 -3.624108256146900148e-03 6.709073336668769372e-02 3.230464150938339857e-02 -2.618862946767861171e-03 -9.802693668911595382e-02 1.776650145723606897e-02 -1.207850383614929302e-02 8.083343406900273670e-03 1.405336895705431022e-01 -9.248399042442428941e-02 6.132872799008596415e-02 8.846164125110367316e-02 1.475407071836738054e-02 -6.302501885161559958e-02 2.234736592952478104e-02 7.781882575620896469e-02 3.932178323755573107e-02 7.406059678226235843e-02 -7.852683955383672754e-02 -2.110588869879439708e-02 3.554307025996020220e-02 3.580981348540557968e-02 -8.292549972805805802e-02 -1.023828425158970212e-01 -4.354942208778183471e-02 -4.988780040407881505e-02 4.069137168566779039e-02 5.314370819890681247e-02 2.994273250451577953e-02 -1.301963563392783546e-02 4.626393497265673949e-02 3.934132400408452829e-02 -2.040951483444346584e-02 -8.663543812096541341e-02 -1.756492493380877942e-02 -1.549873458150310794e-02 1.034379751141211862e-01 1.523503322582263515e-02 -5.864548343548883769e-02 -5.965283411848979617e-02 -2.497669105560684083e-02 -1.081309716749764005e-01 3.477482962898932606e-02 -3.697527132950567674e-02 5.764952616549413184e-02 -1.401994136870054336e-02 -7.706241719167969406e-02 -3.621019620954587376e-02 5.926368816480225704e-02
-1.980154203731404952e-02 1.210785149882424167e-01 3.322653978708631217e-02 -4.380432843717704111e-02 4.782406794094429259e-02 6.219171124955554658e-02 4.743428724310724126e-02 -7.201129136542663844e-02 -3.507901511941857037e-02 5.196397613260574089e-02 3.815942774441724583e-02 -1.079685640365599109e-02 5.747869705830507131e-02 -1.598802803777841369e-02 7.516847864583299510e-02 3.482625306887560113e-02 -1.382016570838041046e-02 -7.250356624858528276e-02 9.496307921427112053e-02 6.913950724830518479e-02 -9.839134253801232882e-03 1.044156109697440965e-01 -3.931978715402924957e-02 1.439000260271415359e-02 5.359336881802095887e-02 -2.910934131448311007e-02 -1.036152034882531214e-01 1.089262066631878183e-02 -1.472300310166748012e-02 5.668745459953783428e-02 3.828292011709308329e-02 3.663771640730208168e-02 6.758112638156008045e-02 -1.726208096801641959e-02 -1.650723128174559629e-02 -3.783982418037952749e-03 -1.704217165071395326e-02 -4.184313016205654795e-02 -4.092267807220622416e-02 -1.893138315962743581e-02 -2.043182883742993353e-02 9.998060227586395843e-02 -2.168002309796128804e-02 -1.624098366041654487e-02 3.633653292603343521e-02 9.303926720437999745e-03 3.072731779566559296e-02 -1.571433337422357274e-02 6.120194089912760205e-02 2.306025908508354053e-02 -3.564501264310961787e-02 5.548645902768955564e-03 -8.079535458451714280e-02 3.321181875355175978e-02 9.001327072008419999e-03 4.533626558037633092e-02 6.076379378323934488e-02 1.546468165501911109e-02 9.775682468011298934e-03 4.899948619953108098e-02 -9.022266952643024501e-03 7.414121106128872263e-02 -7.177319548610028299e-02 1.586573889646837598e-02 6.836068482152304893e-02 -2.927071149829946553e-02 -2.815935131774203667e-02 -6.513985062041810492e-02 -2.272518831997176730e-03 -3.899265539435388395e-02 3.577204613769598834e-02 5.049532503891661361e-02 4.153627864920350632e-02 -6.075239671905251215e-02 5.413354321382007200e-02 6.411155143526975353e-02 -2.999423317598091596e-02 -4.965816017398655413e-02 -1.069849063959450210e-02 6.528301856430404615e-02 -2.841482583830287623e-02 9.351454417557734933e-02 4.757804414932836901e-02 -4.112618463965459110e-03 -6.564675969922995069e-02 -1.501147016886389580e-02 -4.586927045996627705e-02 -7.124838742173495929e-03 1.120445886883335946e-03 -5.783534590540607978e-02 -4.559296403472332115e-02 4.937151535552350423e-02 2.899310786363284986e-02 -3.343415670114437827e-02 -1.900464488095894230e-02 2.126814139237665543e-03 3.589988258388920883e-02 -3.737072258178371353e-02 3.875997715896107448e-02 3.925091080450346381e-02 -1.425099457340103619e-02 4.880925099578541093e-02 7.511281889349545604e-02 2.842463673877496100e-02 1.111649575671558657e-02 4.041170943745187212e-03 -4.292214862110050461e-02 2.186917845575977321e-03 1.712966994430362936e-03 6.844037992748464028e-03 -8.953957611049589982e-02 4.765375132383044970e-02 3.712871969200046834e-02 4.186367415700226191e-02 3.075489223671830016e-02 7.398062755119430914e-03 5.811115141957827468e-02 5.651245642226336574e-02 -5.617662611630279412e-02 2.967031690840002747e-02 6.404403557455040641e-02 -5.658308554893674847e-02 3.277534602275928438e-02 9.579716569934571490e-05 6.459447817815693049e-02 5.005923368107167287e-02 -3.393884607124451197e-02 -3.974351617470064935e-02
8.690781402310467085e-02 3.322653978708631217e-02 1.718007868154131090e-01 2.388977092614857564e-02 -4.390866470765118768e-02 7.808981980579372817e-02 -1.528892016559913608e-02 -3.814071410910360727e-02 7.195024363734980888e-02 -3.198622162497693350e-02 -9.992339927310775471e-02 7.253683824864408380e-02 7.812555984418091681e-02 1.543647932263834399e-01 -4.778641847130676856e-02 -6.187254695518864395e-02 -8.930161432113482844e-02 4.571203454256059923e-02 -4.888508797825689284e-02 1.028297107547741646e-01 2.331854759172265548e-02 -1.850599604965996736e-02 1.225870002019502636e-01 9.271388523699907640e-04 3.415467367447728303e-02 -1.182048100825261322e-01 -9.223565435208802565e-04 -1.374002882724441876e-01 -1.654328968202169181e-01 -2.497900870781688196e-02 -4.103522229449128172e-02 2.281470033599772643e-02 9.332838016187042229e-02 -1.590377651268962966e-01 3.075954871537953800e-02 8.343534928773510551e-02 1.789224464252392802e-02 -1.298856198903122761e-01 1.210696235058596054e-01 -1.610574624882982753e-01 8.597310131522931803e-03 -1.205042509206900696e-02 2.490212824388717688e-02 -1.681973919529784478e-01 2.287430595938980474e-02 1.422391583478096744e-01 1.067645817862483693e-01 -3.829155213327046364e-02 8.547911840491384527e-02 3.432243281884897468e-02 -1.313821813855035048e-01 1.508026997595878493e-01 1.863462247348852963e-02 -2.915662918604142173e-02 -1.075349822183959692e-01 7.279416569313881119e-03 -9.546944043380023448e-03 7.688497903268706746e-02 -7.425284281945018772e-02 -1.188469035276416841e-01 6.245196724418485001e-02 2.607333777206946243e-02 -5.550590966762543321e-02 1.511176495341175208e-01 5.646520141328118664e-02 -8.530546570650929250e-03 -2.009557798060977382e-02 6.888926666866432291e-02 2.957030850550005675e-03 -1.312452216182764114e-02 -2.643364490068755498e-02 -4.527445814540580205e-02 -4.033640341871916335e-02 6.668499362052804358e-02 8.814497063167515967e-02 8.820754847265287191e-02 -1.831468260672345083e-01 2.047279270827353018e-02 -2.010039851161748211e-03 8.402991079330242308e-02 -1.946988851798519757e-02 4.887942131235963050e-02 -5.140710170265078149e-02 -1.698668798451259676e-01 1.617657503068769750e-02 -5.511837823494034061e-02 8.270110063097519185e-03 1.226433759704444737e-01 -1.702609719484863560e-01 3.806779311266043908e-02 1.108293295903362841e-01 1.064829605287833519e-01 -3.753396898499399698e-02 6.648155950583076179e-02 -2.133056472355900849e-03 -2.627380009770286309e-02 1.203421848524365706e-01 -8.521361185350367906e-02 -2.952256466255250705e-02 9.242754525082207129e-02 2.460053188321246684e-02 -4.553301088301295318e-02 -3.291439033357874272e-02 -2.217282427638701120e-02 -8.080264236283869750e-02 -2.173771885734630122e-02 2.759093119582640627e-02 6.977356955351024514e-02 -4.669496266871472206e-02 -2.191364071745200218e-02 6.679011799707830488e-02 -4.496489491913186615e-02 -1.012313733745703603e-01 3.605741473293264110e-02 -3.134920633541993934e-02 1.463389573612900174e-01 9.817037000403815161e-02 3.872054881591483616e-02 -1.410386034502343622e-01 -2.479592753150822865e-02 -4.991100440146476608e-02 -9.585040755579398927e-03 -1.777742323277919922e-02 9.570168522608527018e-02 7.991518487898635614e-02 -1.265494712474578565e-01 -4.625888849336232123e-02 3.698982309665271861e-02
4.505124313830381061e-02 -4.380432843717704111e-02 2.388977092614857564e-02 9.067551731750350674e-02 -3.338245852501697114e-02 -3.286594699739506936e-02 9.503978866539588080e-03 4.276352435113360898e-03 3.621550182905270560e-02 -9.640038218213371757e-02 -7.941013345405274065e-03 -3.741666437993967746e-03 -3.370191684561433393e-02 6.450382813667199233e-02 -8.145176350246773056e-02 -4.853801814635212708e-02 -7.232860341233685042e-02 2.971171130778930969e-02 -6.532742399794901067e-02 -3.656590206263395787e-02 7.167173729896404721e-02 -5.879324723044929840e-02 1.887597246800228404e-02 -4.274962261642817341e-02 6.385564519233915236e-03 -4.851733811685276371e-02 6.329917616273751657e-02 -1.580104785214737559e-02 -2.906721597644758986e-02 -5.869278674761402997e-02 -3.540506797096031749e-02 -3.916464959717501360e-03 -3.560294718068926501e-02 -3.747481468605767807e-02 4.721981159435845871e-02 4.649909453974057638e-02 -4.042473146263197287e-02 -3.533991083979434733e-02 3.879635122438194333e-02 -2.739925410662539043e-02 -2.448304826096628362e-02 -6.326594811079055969e-02 5.207678944773809493e-02 -2.897794081205830319e-02 -2.069351050078004420e-02 2.761428659592603599e-02 -8.451835872525886818e-05 3.658260554346265403e-02 -3.399157301099060141e-02 2.980390532936708081e-02 -1.512123577780248238e-02 3.012767441459732534e-02 7.111500645779481045e-02 -9.878170144588732660e-02 -6.776229114489325071e-03 1.025295022617527495e-02 -2.760389393369353395e-03 1.146848506252599008e-02 -4.459301070894653579e-02 -4.409550390779003876e-02 -9.866200001282210766e-03 -6.408844362488519408e-02 1.638533414141593321e-04 2.625035231288224899e-02 -4.901219458748082292e-02 5.664473633775257699e-03 5.403084909997793971e-03 4.499553195549828993e-02 -1.180456157196480872e-02 -2.428795326013879347e-02 2.832632147236745571e-02 -9.810048330748645518e-02 -5.468314362691430175e-02 4.153036762997715931e-02 -3.018965194356880086e-02 -3.472184367218474066e-02 -2.857390174837354940e-02 4.918297550646297950e-02 -4.628776672180901462e-03 -3.381195554734785919e-02 4.019728401516948352e-03 -1.466803047902950040e-02 -3.764905062756707804e-02 -4.933661580041857897e-02 1.430056865116934028e-02 3.380284336759319802e-02 -2.016604252978398959e-02 2.764074279901155423e-02 -5.637471149439219481e-02 9.864006027698474233e-02 7.498605165407602746e-02 2.862985102779923297e-02 -8.699237184465105632e-02 6.015000925778878765e-02 2.110013362187258042e-03 -4.558116953795894773e-03 8.505384259653834406e-03 -1.417381428846005431e-02 2.128870497911292820e-02 3.065482393055597027e-02 4.147971888322556783e-02 -9.661879929857197791e-02 -8.084322422548095854e-02 -1.941259573301191282e-02 -4.735348852122090585e-02 -8.626234125999904939e-03 7.533316715402275932e-02 5.453764658747137922e-02 2.443242623689969445e-02 -9.773877564813723828e-03 7.027918729137846987e-02 3.727241569788197588e-04 -6.611370308955617781e-02 -7.517162775971963744e-03 2.533438538124418646e-02 3.025213374791661455e-02 -2.714481804315111574e-02 -2.484043644921115832e-02 -2.965716509778721852e-02 -9.591642836634732550e-02 -7.802501760616242787e-02 5.918909301257348210e-02 -8.579918030803104778e-02 4.219788491783502127e-02 -3.517909291127038068e-02 -4.734074166086497948e-02 -1.923485320911414928e-02 8.175798904614633988e-02
1.560929943331495866e-02 4.782406794094429259e-02 -4.390866470765118768e-02 -3.338245852501697114e-02 1.931689706378904858e-01 -1.060734496601263288e-01 -4.095894519410302193e-03 -2.601249767120405662e-02 -1.153145187635986613e-01 8.891537017271827770e-02 2.965287036807563378e-02 -3.929815907185489621e-02 -1.035640796193291330e-01 -1.657998229371127411e-02 3.933856658602310347e-02 1.655267043930795379e-01 1.273083188386977919e-02 -1.313356445089572944e-01 9.713529279334398581e-02 -8.457923772650648153e-02 -1.170959456536496170e-02 7.253148107924750621e-02 -4.223773659423214061e-02 4.690487845986990312e-02 -5.406693870602147928e-02 2.761623022427711974e-02 -6.565294241657836094e-02 8.567986705276790793e-02 -3.538721232488323959e-02 8.502762510734900026e-02 -7.736335346017034036e-03 -7.854830848597441073e-02 -9.132834223189355283e-02 6.767791486666294154e-02 -2.888592491457207118e-02 -1.498348962748109470e-01 7.061562015244783608e-02 7.730235567145574138e-02 -3.242500565382200328e-02 -3.891943690129016920e-02 2.393692023017668716e-02 7.365310241139569336e-02 -4.289020818167514626e-02 -3.823425311526183062e-02 -1.016233332670268968e-01 3.788330636678333835e-02 -4.003806311657612423e-03 -1.620149057112882721e-02 -8.936794361657227070e-02 -3.866940075101326507e-02 7.796819542258857927e-02 3.958002715667732069e-02 -4.914195703931188708e-02 6.492386006189969361e-02 -3.753533039704889419e-03 6.880353038657481546e-02 3.233072358142796004e-02 -1.264619044278549563e-02 1.434144888556187214e-01 3.235034551830387461e-02 -2.376960649637812825e-02 5.897147106333877620e-02 -3.186802003682381174e-02 4.690867464979559670e-02 -5.991517441987524728e-02 1.056602757540557186e-01 1.030886458130508970e-01 -1.509948035929721821e-01 3.627239672138746901e-02 8.861145028555953568e-03 -2.472393123951429142e-02 9.021543003435825159e-02 1.733349713461472263e-01 -1.424973365191549157e-01 -1.010060529317704930e-01 -8.259727564390667576e-02 5.024306818718507484e-02 8.599527294363340166e-03 3.338137524857521382e-02 -9.688024530880370855e-02 9.474429720123100918e-02 3.242001404031783635e-02 1.716548188440050471e-01 8.010764530532790695e-02 -4.559853417748620935e-02 6.377619065041836843e-02 8.768751944697622189e-03 2.482237007773906937e-03 1.001356523622218136e-01 -3.584287483147040321e-02 -1.326294525261293572e-02 -6.736451194916165397e-02 1.635474809946301997e-02 -7.014214839880421326e-02 9.336655537453784903e-02 1.720121547956269537e-01 -2.289292120113866832e-02 -2.643157997737696080e-02 -5.747699746414212940e-02 -7.435142836598339702e-03 -4.854960542761151132e-02 7.816473192477672860e-02 3.917875765053692450e-02 1.405920523819079344e-02 1.480773091995445656e-01 1.728131486956477336e-01 2.877638862818324671e-03 -3.542159707992045131e-02 2.602515907742814199e-03 1.882841927250447078e-01 -8.364075670025067355e-02 -1.795216009797827653e-02 1.201053684723362401e-02 -9.780158059882258781e-02 -6.005839812540882117e-02 3.984356889128433388e-02 -8.996770333269701880e-02 -4.959029797123579164e-02 5.851796882152640600e-02 5.977579336971174800e-02 3.033313471327367394e-02 -3.976743657588308056e-02 3.727890533289891783e-02 -1.353501452109766856e-01 -1.077493065151401419e-01 3.391440237305787253e-02 -7.923897872278379273e-02 -8.767063634159613650e-02
-7.406903416752315221e-03 6.219171124955554658e-02 7.808981980579372817e-02 -3.286594699739506936e-02 -1.060734496601263288e-01 1.648417975584542394e-01 2.868159660017056273e-02 -3.508855547966847205e-02 7.938833717399845780e-02 6.077528037164912217e-03 -2.798154288654993924e-02 2.054220850915809693e-02 1.603298887041859078e-01 1.254921798469692956e-02 2.901695781191569734e-02 -8.336737434782799661e-02 5.274442713622774434e-03 6.932009324608033596e-02 -1.520075576284397011e-03 1.599353698821856795e-01 -4.577833409254361552e-02 1.964990827064321682e-02 3.978675022640889430e-02 1.402520293445363823e-02 7.181470669533578099e-02 -2.580885691252179232e-02 -2.985535203769281581e-02 -9.297513236742198373e-02 -3.709794611049473806e-03 1.550757492786018939e-02 2.953667724395953736e-02 8.159779403168494760e-02 1.591728026084659464e-01 -7.725835419601401188e-02 -2.331071791126495055e-02 1.001785424103908695e-01 -5.413474894357670625e-02 -8.420706582920746419e-02 1.488595730140356878e-02 -5.639194317788702188e-04 -1.630292808356177334e-02 1.504482005410001828e-02 -1.657461757286875226e-02 -2.999816301108664245e-03 1.107839397483337124e-01 -9.105308885451626408e-03 3.070766414934564953e-02 -3.768780204164708103e-02 1.515654693540514908e-01 5.582025265689249255e-02 -9.772769900095404361e-02 -1.039785919725504625e-02 -2.565574451664301078e-02 2.231822120113033034e-02 -1.241809035793416116e-02 -1.465601535190427102e-02 1.179901813145497851e-02 4.577742293209563496e-02 -9.313526542639305461e-02 -7.258533396700211915e-03 9.982102115748637747e-03 6.092466771980260820e-02 -3.355684051161316600e-02 -1.118278599750809933e-02 1.200318722593819998e-01 -9.322326502641346824e-02 -9.388076989576150944e-02 8.210039427836038350e-02 -1.504512078109593309e-02 -2.228036487825378956e-02 2.821921434936449161e-02 2.739677122898202723e-03 -7.536417000541960343e-02 7.886005293507428182e-02 1.560877899495677623e-01 1.526874997717187765e-01 -8.419764173346010183e-02 -5.141666905379869285e-02 -2.000652550860487072e-02 1.592882205660138273e-01 -8.877093139422244372e-02 5.554389309383922502e-02 -8.624696282087616905e-02 -8.641592638320967634e-02 -7.799033851200058709e-03 -1.152814966841265998e-01 -3.469961343536016873e-02 2.671793319885606977e-02 -9.397760626795449712e-02 -4.182353146214817102e-02 -4.074181000441030875e-02 6.642638988107853193e-02 3.382840087582852234e-02 7.304765670754918144e-03 -7.798651477660935305e-02 -1.429377757624112344e-01 4.629378310714689360e-02 -2.940335686445054095e-03 6.152501217607251466e-02 1.340011467264437019e-02 -2.669778886059523317e-03 7.891563862894850068e-03 3.236458132820629191e-02 -2.091311077618072597e-02 -9.807595297748633589e-02 -1.390382546609449654e-01 -6.071011077114405602e-02 -4.676688943751258591e-03 4.708563321484296026e-04 -1.486745333615470677e-01 -1.013772203186774721e-03 4.228851302901004416e-02 2.933633571753872099e-02 1.081621468955459853e-01 5.973060838273539647e-02 -1.096638473610820480e-02 1.506073004441049190e-01 8.691314038229024097e-02 -8.655659357429297540e-02 1.966393564028028756e-02 2.542799001803207337e-02 -5.504406330186435714e-02 2.198149057609631238e-02 9.722863080935362223e-02 1.683739284786131551e-01 -7.191679914517649409e-03 6.815704859503034230e-02 8.136559346402626874e-03
1.128305413012399908e-03 4.743428724310724126e-02 -1.528892016559913608e-02 9.503978866539588080e-03 -4.095894519410302193e-03 2.868159660017056273e-02 1.149035298061854143e-01 -9.077565736871069657e-02 7.754832513259877005e-03 -5.418859300805056040e-02 5.303070695220184899e-02 -4.708436504002123241e-02 1.967296938599160522e-02 -6.457862087538546181e-02 -1.384927916791905446e-02 2.365539670924851276e-02 -5.861890079711521914e-03 -2.229231522709681362e-02 6.879130273471469048e-02 9.379393032053900958e-03 4.854882788115347236e-02 2.568069532578947517e-02 -5.671624210784480952e-02 1.709162139268575152e-03 6.361766423246950630e-02 1.950476601123066894e-02 -1.438464789798865086e-02 9.271836113193722417e-02 3.378556872005282485e-02 3.499869898044841166e-02 -3.855547168429964561e-02 3.832724032791830215e-02 1.758959899664364404e-02 9.182956050070837815e-04 6.704288404707636762e-02 4.126352826116649886e-02 -8.980303966404203087e-02 1.640754133294413872e-02 -9.362818926407479037e-02 3.026809874826342714e-02 -1.079019348227764075e-01 1.370562737341967513e-02 7.571541609148534080e-02 3.554370827764381791e-02 7.775647744401377459e-02 -3.598810597233657871e-02 1.185930158121948144e-02 -4.694252237904185387e-03 1.387805347659251155e-02 4.144486639450558479e-02 -8.011714963667152661e-03 -4.065813589101077707e-02 8.736705678472626163e-03 -2.948320792132765739e-02 5.004115928563621779e-02 2.489424044412210518e-02 8.488415402300421297e-03 -6.510195833981874403e-02 -4.330806384644808604e-02 9.771914614574518654e-02 -4.044161942322292008e-02 3.095015431764208333e-02 -8.229569916525215911e-02 -3.816819206187876956e-02 4.888767964997828286e-02 -4.380388938506796920e-02 -3.450627448363872973e-02 -5.609366909459326256e-02 -3.589573222315939338e-02 -1.772352306827693763e-02 5.111709257581183857e-02 -5.679685683802388613e-02 1.798525797528223794e-02 -5.569230723396919464e-02 1.217333557445438204e-02 1.977029018538283694e-02 2.893423199594359618e-02 4.266074858399730718e-02 -2.958325503926213448e-02 1.687174394188110244e-02 -4.481468802287165432e-02 8.693392993093063126e-02 -3.489641583882082797e-03 4.945698700716556068e-02 -1.007843077031175122e-02 1.564849779987399769e-02 -4.038416678753228156e-02 -1.711811715629733138e-02 5.109698601498357390e-02 -7.569715481760006318e-04 -1.116637020014725999e-02 3.279495668480857801e-02 -1.617558405628275603e-02 -2.214536649677028776e-02 -4.274624287869480121e-02 -4.000081303109023073e-02 2.574622212160047538e-02 -4.599934767544697906e-02 8.964031923952443803e-02 2.464437009492279063e-02 7.514918298790512763e-02 -5.255670922008760793e-02 -2.075042342135412221e-02 6.923041311788648939e-04 -3.816938615206003083e-02 -4.253230799737101747e-02 3.243111535600519402e-02 3.806628474811919044e-02 2.464059744811332789e-02 -4.343695974980896907e-02 -6.764144785573816820e-02 1.057772145058551300e-01 -4.290647431866146007e-03 9.455661757499840558e-02 9.055860753322772516e-02 -3.581650010029253928e-02 9.388176575358781265e-03 1.770894347869236829e-02 1.233857578716991872e-02 -3.229380399741601376e-02 -1.370700730115527281e-02 3.073552975255772549e-02 -1.989350772668858555e-02 4.067931881334264921e-02 1.857555595217418379e-02 9.383575819230033366e-02 5.642772079235255402e-03 5.412585165627870759e-02
-2.777592919467013199e-02 -7.201129136542663844e-02 -3.814071410910360727e-02 4.276352435113360898e-03 -2.601249767120405662e-02 -3.508855547966847205e-02 -9.077565736871069657e-02 1.017099885850476504e-01 3.736045278771378281e-03 2.528746544483238823e-02 -1.191717428929995291e-02 1.534242405739463279e-02 -2.822392327789993716e-02 8.977168991632930931e-03 3.762167481176264920e-03 -3.827412165839047531e-02 2.928334697364844488e-02 3.974359414103698779e-02 -7.053772654632239902e-02 -3.273214302455400293e-02 -4.203664028972234346e-02 -4.146185608673879502e-02 1.178720851175848149e-02 -1.871483417692913070e-02 -5.482888651934311741e-02 1.969861493360324303e-02 3.793622128061477361e-02 -4.878401717093258649e-02 4.365341377227901359e-02 -4.158278686935566737e-02 4.112728600875738272e-02 -2.709662630174816678e-02 -3.465739458943634110e-02 3.746677772533422990e-02 -5.987415969420425976e-02 -2.503757071715403265e-02 4.415480760881761862e-02 1.384587231960451338e-02 4.244280632461482072e-02 4.658505356000714609e-02 8.155495342847840501e-02 -3.375758503090008772e-02 -6.097024319007313814e-02 4.406796877712148425e-02 -5.677373895845967688e-02 -3.383055044414867707e-02 -5.657785513441668246e-02 3.157495437899990320e-02 -2.876687012969791901e-02 -3.692180585147712690e-02 3.610523815274168519e-02 -3.263252298721156658e-02 8.712234770865483549e-03 1.022501509579834197e-02 5.201736487554587188e-03 -3.947287495862791123e-02 -8.423453955792111272e-03 3.356655893869295304e-02 2.436176498739657525e-02 -4.783809054021665591e-02 8.507571247854540941e-03 -5.415183856497012699e-02 1.018117727394079464e-01 -3.751772890122605231e-02 -6.000523237470790222e-02 2.155801669556421316e-02 1.869537982740947582e-02 6.394945722487298256e-02 2.656216148302921118e-02 1.159476781846231069e-02 -2.172647647427493681e-02 3.189780126639105845e-02 -4.216615510480007517e-02 6.214150391270200496e-02 -2.516513473986183719e-02 -3.521453157080607632e-02 2.832431299724418733e-02 -3.748882699265191493e-02 2.451568096939195363e-02 -2.914304953305894147e-02 2.755867525716189023e-02 -1.042549983125879848e-01 -1.982542357536392491e-02 -5.901242566662264107e-03 1.146915631788211591e-02 -6.116931844702184866e-03 2.281580804505329435e-02 -2.481161317953571935e-02 -1.294969255553168365e-02 9.726808136327582885e-03 -2.309797979596664788e-02 -5.405802566289653194e-02 9.388436792618564536e-03 1.323533881275086414e-02 1.932604572032174325e-02 3.697975525947766288e-03 -6.770357548733901831e-02 8.011977770562829504e-02 -4.525335779050349699e-02 -5.817555617891680825e-02 -5.977692258248788054e-02 3.015162072487382466e-02 3.994785042714114193e-03 -1.132046144634818712e-03 2.081172651131971141e-02 3.253472970549207283e-03 -2.896096934278390503e-02 -5.052487038041925810e-02 5.067484228566685248e-03 5.755737660040465562e-04 5.989034944703319069e-02 -6.568975431461986092e-02 3.392300870212285047e-02 -7.406601034255169691e-02 -4.376630067731430984e-02 -3.529554021101751621e-02 -2.796300445007187177e-02 -2.601152685466710454e-02 2.658998633979180529e-02 1.203817868527774955e-02 8.539158550934454125e-03 -6.064359261598409670e-03 2.644578248587270853e-03 -3.284308644368372915e-02 -2.789233973158245297e-02 -4.203264676764519037e-02 3.292537953626982483e-02 -2.943207475854678692e-02
6.546702974591793456e-02 -3.507901511941857037e-02 7.195024363734980888e-02 3.621550182905270560e-02 -1.153145187635986613e-01 7.938833717399845780e-02 7.754832513259877005e-03 3.736045278771378281e-03 1.335379074863448090e-01 -8.658144141617568623e-02 -5.121507637855179235e-02 3.099610189397304302e-02 7.885626024421683866e-02 6.896366549004517843e-02 -9.369031101609939793e-02 -8.463666126913461929e-02 -2.847553938169923235e-02 1.140395772242396022e-01 -5.796793536128964919e-02 7.889929649674826129e-02 -4.228342330771894635e-03 -7.168997113838911084e-02 7.307600836465520666e-02 -1.757576996251606141e-02 1.579565221613496440e-02 -3.607300785872576132e-02 5.824208186713666913e-02 -7.604212213904772144e-02 -1.671850813824884638e-02 -1.893704916069106209e-02 -5.109023751756947701e-02 8.171920782564580030e-03 7.876012415668005862e-02 -8.532051744987409481e-02 2.849780965182472162e-02 1.336506371226737766e-01 -5.914369158127440185e-02 -7.668707910917683945e-02 3.510436158138006274e-02 -9.660175733281262112e-03 -1.126422100638348536e-02 -6.558384430745207994e-02 3.652416629832778983e-02 -1.342090181808412198e-02 4.699134991588733296e-02 4.567576478727944714e-03 2.886823149895057644e-02 9.153202411544426181e-03 7.648858987186127334e-02 3.581603780002234200e-02 -1.083205891430983475e-01 7.729588096150760007e-03 6.338552766557632723e-02 -3.878223208596952992e-02 2.601022023810046525e-03 -3.625240037620958838e-02 -2.078639301479194915e-02 4.886153615752654444e-02 -1.321818114148743950e-01 -3.669551131495293189e-02 1.718118443714709842e-02 7.928352683241934873e-03 1.229672447299716810e-03 1.838890958065359611e-03 2.516728412836384543e-02 -1.077050285176396789e-02 -1.190974280702029701e-02 9.646172942147478169e-02 2.555537917127445949e-02 -1.455792461917094355e-02 8.229444444704477057e-03 -9.506490327069108681e-02 -7.134320738444070720e-02 9.187412207764829308e-02 8.330637357547850119e-02 8.030796894023727039e-02 -8.040761905520429909e-02 3.209519950901476570e-02 2.903345783908006100e-02 7.748791005363792062e-02 -1.739338679508006455e-02 1.410267900318055555e-03 -1.114131416539419078e-01 -1.092181468661829885e-01 2.533271405681082611e-02 -6.747329225809439723e-02 -1.413850524424044471e-02 8.695762952901593679e-02 -1.209828762704480282e-01 4.527951321951659280e-02 3.075609138883841909e-02 3.646245472126865422e-02 -4.088039898778579595e-02 3.928939056539666741e-02 -8.135694137097049597e-03 -1.034016972324787176e-01 4.463681613196226333e-02 -1.458041806517610187e-02 4.465596421271355448e-02 1.540602113585803814e-03 4.140313144679293872e-02 -9.404069773021930811e-02 -9.001671383044723695e-02 -3.824392066677115287e-02 -1.384062738971246209e-01 -1.030273279191144670e-01 7.839269131901121374e-03 1.474271888468010536e-02 3.382152722245241293e-03 -1.097285124769762921e-01 5.781711081841972577e-02 1.926942523430279566e-02 -3.177286037724709467e-02 6.103862301665287371e-02 4.937684242107670540e-02 7.078955889910776636e-03 8.324289333335768704e-02 -8.882133842399353788e-03 -7.101407352850788723e-02 -3.628427036725104249e-02 -8.223164976178870544e-02 3.812161082102993176e-02 -3.600605032654211057e-02 1.326985300597525452e-01 7.536538600943674948e-02 -4.084783777274118843e-02 5.394162035057965127e-02 8.491624240801370904e-02
-6.384882370326804002e-02 5.196397613260574089e-02 -3.198622162497693350e-02 -9.640038218213371757e-02 8.891537017271827770e-02 6.077528037164912217e-03 -5.418859300805056040e-02 2.528746544483238823e-02 -8.658144141617568623e-02 1.600724847573010423e-01 6.004649320384114128e-03 -9.743891959032373665e-03 9.728888078706327686e-03 -5.110754310779774823e-02 1.226286578816789125e-01 7.116941499856219155e-02 8.091106770585132502e-02 -5.937560119208210030e-02 5.246860253034872634e-02 1.942972475856336728e-02 -9.532793818201942826e-02 7.859688882797910559e-02 -1.969151749982015268e-02 5.942052126317053096e-02 -2.605142804513050150e-02 5.340846558887612366e-02 -7.996268703465779504e-02 -1.324191722850467240e-02 1.293647662120963986e-02 6.366380199267128448e-02 7.603965980003306313e-02 -3.591609982683066377e-03 1.286703256688170524e-02 5.800379015449736581e-02 -1.057229930591783579e-01 -1.227797399513878562e-01 8.633231820089908026e-02 5.303031653846974891e-02 -8.920582382982828427e-04 1.097793272038929957e-02 7.132464310438482724e-02 8.013453048336136031e-02 -1.159643807114748432e-01 9.762074717664166734e-03 -2.829122535905531990e-02 -7.995112863631366473e-03 -2.933133964269111701e-02 -4.667106700339889586e-02 1.243705241792503018e-02 -3.907650061106703043e-02 6.463195889514362913e-02 -8.636802678825350812e-03 -9.484275234639502616e-02 1.249686346985482560e-01 -2.173999232449080540e-02 1.358069333297947864e-02 2.034960285568708852e-02 1.234648086154876805e-02 1.220695027506305402e-01 6.410647522270592445e-03 -2.655611440228020700e-03 6.393348391942173248e-02 2.504194792285899598e-02 -4.585462269872431912e-03 2.351592740196593867e-02 7.162760727200140169e-03 2.788693295381635892e-03 -4.319942512405564733e-02 1.200376202806562563e-02 2.506867052469378965e-02 -3.462180796763306839e-02 1.672455328246375827e-01 7.573007701365964961e-02 -3.879913351445071767e-02 7.092587131897662954e-03 1.204573859278238075e-02 3.054444574366822762e-02 -8.477955959830693611e-02 6.758448286329668108e-04 1.246917564164182549e-02 1.088718478336767395e-02 -9.915144778554849797e-03 9.465251048716591398e-02 5.204352622249421023e-02 -2.912916577899548817e-02 -3.638876126970265468e-02 2.199351263496921588e-02 -4.727760022474357393e-02 6.285267262369628738e-02 -1.061873517877690298e-01 -8.415662840671689349e-02 -5.813603629252278582e-02 9.817108837440015334e-02 -6.710687907209619829e-02 8.581458900726840477e-03 5.229990564092300287e-02 -4.824118745964332822e-02 4.797978183089544879e-02 -6.192782142051582450e-02 -4.598101407743185320e-02 -1.070287956327503620e-01 1.619440438976921526e-01 1.241116571991345841e-01 1.198656758494572733e-02 1.231950887417634782e-01 5.748474078902547635e-02 -8.862517046421013178e-02 -8.383245301427068308e-02 -1.211401278150156351e-02 6.156653909556683568e-02 -5.468051289862503606e-02 -4.241178499052376816e-02 8.093124335501274136e-02 -5.411169351413348816e-02 -6.725703243060450476e-02 -1.107651229478391446e-02 6.867664719139025993e-03 3.514679218678080225e-02 4.410744485413600757e-02 1.186439471207989399e-01 1.116893382095827808e-01 -1.134704540777382864e-01 9.544101884747684117e-02 -1.180958371685551234e-01 1.516901933682172909e-02 1.387879134679608460e-02 9.757949928807733986e-03 -1.447431277888983625e-01
-7.823951263433435999e-02 3.815942774441724583e-02 -9.992339927310775471e-02 -7.941013345405274065e-03 2.965287036807563378e-02 -2.798154288654993924e-02 5.303070695220184899e-02 -1.191717428929995291e-02 -5.121507637855179235e-02 6.004649320384114128e-03 1.272257425415645737e-01 -6.625657112695745865e-02 -3.346019081204910928e-02 -1.225632841316738053e-01 5.454898555716534980e-02 2.921080401511797625e-02 2.930641425020987303e-02 -6.795994023830624620e-02 8.077584425383313449e-02 -4.864259682473957153e-02 1.508302759402394347e-02 6.623078442549702738e-02 -1.422137959826185183e-01 -3.717058645210683659e-02 2.862693475962890810e-02 5.006926208720097193e-02 -4.875368854716123634e-02 1.167377764891943948e-01 1.395758537224744134e-01 2.349252301615016927e-02 4.613636167231516955e-02 1.891933086168104405e-02 -3.829645806187069457e-02 8.922807545667420237e-02 -4.939407447041402853e-03 -1.895664381988827404e-02 -6.197452913600731000e-02 4.215321090728035153e-02 -1.338462275266200929e-01 1.325675358120872172e-01 -3.816186098211193228e-02 6.048024849163412264e-02 -9.558820634653474729e-04 1.416318567109693671e-01 1.467727418098037882e-02 -1.228686702999848418e-01 -7.391235868788870178e-02 6.555130379377854810e-02 -3.643490438114643792e-02 -8.601672489162638657e-03 5.891172564654822280e-02 -1.323880942650428327e-01 -4.609393944292665413e-02 -9.816612226687016982e-03 1.184508267057955699e-01 9.769057400387897577e-03 5.881199283716739140e-02 -5.300590519147195534e-02 1.840565884110244993e-02 1.347844727748889748e-01 -6.302146973697163312e-02 -1.273578015152967285e-02 3.573033395184514651e-03 -1.256205308854687341e-01 -1.350010307412014693e-02 -2.905046620827205633e-02 -1.651499536051351247e-02 -7.374916061586948846e-02 -3.169271552420020299e-03 -4.343736069060130656e-02 7.138626541885556565e-02 1.489757635746795199e-02 1.459988356656622896e-02 -7.061778704220882108e-02 -4.161457737475317276e-02 -3.792020897655772049e-02 1.109870728263538942e-01 -3.323993836021373743e-02 -4.371667893241563269e-03 -3.057819937127099000e-02 -1.819658111870479933e-02 1.241157778282787200e-02 3.421059949262544170e-02 1.076858581027488049e-01 -6.268066540360399397e-02 5.692557740568415792e-02 -5.767674540922536341e-02 -1.066073581117346902e-01 1.044869329427370458e-01 -2.533616297673832451e-02 -9.832538914920187223e-02 -1.850454299651660417e-02 7.108177483745588103e-03 -4.959013154955856789e-02 -2.597069479134611614e-02 1.383541402943518463e-03 -7.182724675936999481e-02 4.097260965948259365e-02 8.068349954950461422e-02 -3.545645564479397299e-02 3.055790514672826995e-03 1.551740608656253413e-02 4.121466015191585508e-02 4.934972839438428460e-02 2.446978090697576880e-02 -3.928717381759759195e-03 -2.074457631515716841e-02 -2.827201292855480164e-02 4.982215828770697463e-02 -4.241511882736808021e-03 -9.621449548653861206e-02 8.365552244603523258e-02 9.067920786931218946e-02 1.578078844769460753e-02 7.667568757719303574e-02 -1.271374279698361254e-01 -4.586018120213106869e-02 2.760465841251392907e-03 4.810129534146634356e-02 -1.237658334081706904e-02 5.490403510244369623e-02 1.345327887341287061e-02 -3.128499311562022572e-03 -3.143613574782445214e-02 -2.985463909521544890e-02 1.411207625211890193e-01 2.718176236710769141e-03 -6.726795816632050867e-03
2.900168409731538124e-02 -1.079685640365599109e-02 7.253683824864408380e-02 -3.741666437993967746e-03 -3.929815907185489621e-02 2.054220850915809693e-02 -4.708436504002123241e-02 1.534242405739463279e-02 3.099610189397304302e-02 -9.743891959032373665e-03 -6.625657112695745865e-02 7.655397487900092446e-02 2.521181858058613515e-02 8.369590946642929685e-02 -1.470636655709050243e-02 -4.709653371049490889e-02 -3.678019108294443285e-02 2.859427427588157739e-02 -4.266219462563910353e-02 3.632179571395919432e-02 2.615915488613112985e-03 -2.000299727761917223e-02 7.679457983121906750e-02 -9.746437376046747716e-03 -1.174588337716143092e-02 -6.597862788673067302e-02 4.471323186360099365e-03 -7.796404632800890688e-02 -8.183214603944133358e-02 -4.295900860006645477e-02 -6.293487029979350118e-03 -5.701340448830403453e-03 3.210411233373380857e-02 -6.356050632253591737e-02 1.437845628105377874e-02 4.317963997615012484e-02 4.830449885882304173e-02 -6.737344767112829480e-02 7.932613521711640026e-02 -8.003558769476154522e-02 3.863777741461215526e-02 -8.437648964756905290e-03 8.031338491978184599e-03 -8.241782389564715483e-02 -7.709829825874827368e-03 7.465944256600230700e-02 6.591325516904131265e-02 -1.115297964138365489e-02 3.062250303664362447e-02 -1.327065899267349317e-02 -6.839696334208630879e-02 7.768776093660449689e-02 1.060139878097699244e-03 -7.877196666118612897e-03 -6.372086352950138977e-02 -2.423821674843475160e-02 -2.189454236848514812e-02 4.188560944110772399e-02 -3.770968379131933723e-02 -7.919402137701526956e-02 7.076006087011622869e-02 -1.528863174809455897e-02 7.044630033155479740e-03 7.886377772352365367e-02 1.286592970504480543e-02 1.101706333953734324e-02 3.942928595414797385e-03 4.032658939018553962e-02 9.295229503146745093e-03 1.312208192013178572e-02 -4.418410621208749417e-02 -1.678074735543421542e-02 -3.755657548997989176e-02 3.952042648982692641e-02 3.195263119642515609e-02 2.646949038326074088e-02 -7.902877895245648265e-02 -3.275916465435670284e-03 5.363456460084633538e-03 2.803007056738411606e-02 8.153697787973602715e-03 -1.417841037740311984e-02 -4.506596861700164908e-02 -7.861311970874654276e-02 2.271080062116446335e-02 -1.156206749429590681e-02 3.690413701571354510e-02 5.441832004875361839e-02 -8.153019104841696674e-02 7.837370632963479994e-03 6.094872644128664779e-02 4.702050666549389274e-02 -7.212130547421738284e-05 4.890616566390423164e-02 1.656897591798985048e-02 -2.543906123172106053e-03 6.684796238614011676e-02 -3.433946799977634357e-02 -5.349072155658231298e-02 4.734934870851326832e-02 8.269355154403985192e-03 -1.543583498715129544e-02 -6.286799449116041265e-03 1.171296960394173185e-02 -4.080767004241958595e-02 2.365691738009269426e-04 -3.579294491557556170e-03 3.650247722966630526e-02 -5.652664484166169262e-02 -2.161360289555137328e-04 4.819319726636165507e-02 -6.277360009167151644e-02 -4.971227207683829447e-02 -7.329852538765320967e-03 -5.647640527735148241e-02 7.539702267453178564e-02 3.571265647820907885e-02 4.356354743203916594e-03 -6.728197999659804585e-02 -9.119533200101082168e-04 -1.262519787142438524e-02 1.304190120730585462e-02 8.808412502249394690e-03 4.814126892280189141e-02 2.460513509707400528e-02 -8.318766250730030842e-02 -3.245679734274195538e-02 1.160266636799931785e-02
